stay_id,reservation_id,checkin_date,checkout_date,number_of_nights,room_charge_usd,extra_charge_usd,total_bill_usd
1,RSV00000002,2025-10-17,2025-10-18,1,810.22,169.97,980.19
2,RSV00000003,2025-05-07,2025-05-08,1,595.62,98.19,693.81
3,RSV00000005,2025-11-27,2025-12-01,4,853.18,208.41,1061.59
4,RSV00000006,2026-03-16,2026-03-17,1,1343.66,212.17,1555.83
5,RSV00000007,2025-01-22,2025-01-26,4,239.13,146.03,385.16
6,RSV00000009,2024-09-09,2024-09-11,2,863.33,234.25,1097.58
7,RSV00000010,2025-01-14,2025-01-21,7,1232.19,64.47,1296.66
8,RSV00000011,2025-06-15,2025-06-18,3,1009.19,6.33,1015.52
9,RSV00000012,2025-01-06,2025-01-07,1,154.28,131.71,285.99
10,RSV00000013,2025-06-17,2025-06-24,7,1296.7,1.51,1298.21
11,RSV00000014,2024-07-15,2024-07-22,7,1078.23,57.95,1136.18
12,RSV00000015,2025-05-29,2025-06-01,3,479.66,87.25,566.91
13,RSV00000016,2026-05-02,2026-05-08,6,945.71,11.93,957.64
14,RSV00000017,2025-04-04,2025-04-06,2,1110.59,13.56,1124.15
15,RSV00000018,2025-08-28,2025-09-03,6,542.81,82.35,625.16
16,RSV00000019,2025-06-30,2025-07-04,4,657.74,3.38,661.12
17,RSV00000020,2024-11-29,2024-12-02,3,991.56,161.32,1152.88
18,RSV00000021,2025-05-16,2025-05-19,3,1047.4,147.76,1195.16
19,RSV00000022,2025-01-16,2025-01-18,2,1220.36,184.97,1405.33
20,RSV00000023,2025-02-20,2025-02-23,3,265.51,156.94,422.45
21,RSV00000024,2024-11-27,2024-12-03,6,374.64,157.48,532.12
22,RSV00000025,2025-06-13,2025-06-20,7,603.6,107.53,711.13
23,RSV00000026,2024-08-11,2024-08-12,1,932.75,249.34,1182.09
24,RSV00000028,2024-12-18,2024-12-25,7,916.19,37.07,953.26
25,RSV00000030,2026-05-04,2026-05-09,5,1116.77,97.01,1213.78
26,RSV00000031,2025-06-20,2025-06-23,3,247.08,198.2,445.28
27,RSV00000032,2026-04-02,2026-04-09,7,1147.35,145.25,1292.6
28,RSV00000033,2024-06-18,2024-06-22,4,115.96,149.62,265.58
29,RSV00000034,2025-08-02,2025-08-07,5,900.78,138.6,1039.38
30,RSV00000035,2025-06-19,2025-06-22,3,476.39,39.18,515.57
31,RSV00000036,2025-04-14,2025-04-18,4,857.7,114.8,972.5
32,RSV00000037,2024-07-15,2024-07-19,4,1082.64,102.78,1185.42
33,RSV00000038,2025-07-21,2025-07-22,1,858.38,244.86,1103.24
34,RSV00000039,2025-03-28,2025-04-02,5,227.86,37.31,265.17
35,RSV00000040,2025-10-14,2025-10-20,6,541.59,43.2,584.79
36,RSV00000041,2024-11-02,2024-11-05,3,420.69,242.81,663.5
37,RSV00000044,2025-01-29,2025-01-31,2,1228.74,49.99,1278.73
38,RSV00000046,2025-04-25,2025-04-27,2,743.83,161.33,905.16
39,RSV00000047,2024-11-09,2024-11-12,3,1200.1,22.25,1222.35
40,RSV00000048,2024-09-19,2024-09-23,4,726.41,92.77,819.18
41,RSV00000050,2025-07-07,2025-07-08,1,961.62,203.12,1164.74
42,RSV00000051,2024-11-19,2024-11-24,5,1132.09,77.07,1209.16
43,RSV00000052,2025-12-25,2025-12-30,5,153.4,204.89,358.29
44,RSV00000056,2024-07-30,2024-08-02,3,147.27,238.32,385.59
45,RSV00000057,2025-07-04,2025-07-05,1,840.63,216.45,1057.08
46,RSV00000058,2026-05-07,2026-05-10,3,1109.24,160.8,1270.04
47,RSV00000060,2024-09-29,2024-10-02,3,1448.43,156.06,1604.49
48,RSV00000061,2024-10-12,2024-10-16,4,648.29,201.51,849.8
49,RSV00000062,2024-07-03,2024-07-10,7,358.22,67.58,425.8
50,RSV00000063,2026-03-13,2026-03-20,7,882.45,215.76,1098.21
51,RSV00000064,2025-04-10,2025-04-14,4,525.54,73.03,598.57
52,RSV00000065,2025-05-19,2025-05-22,3,1094.67,50.57,1145.24
53,RSV00000066,2025-08-07,2025-08-09,2,428.07,196.38,624.45
54,RSV00000067,2025-12-04,2025-12-08,4,1264.24,102.24,1366.48
55,RSV00000069,2026-02-15,2026-02-17,2,743.22,237.21,980.43
56,RSV00000070,2025-06-27,2025-06-30,3,665.11,2.68,667.79
57,RSV00000071,2025-05-18,2025-05-20,2,564.08,199.45,763.53
58,RSV00000072,2025-01-30,2025-02-06,7,345.66,195.98,541.64
59,RSV00000074,2026-05-28,2026-06-04,7,709.2,224.97,934.17
60,RSV00000075,2026-01-03,2026-01-05,2,1272.72,200.7,1473.42
61,RSV00000076,2024-11-09,2024-11-16,7,137.65,61.84,199.49
62,RSV00000078,2026-05-30,2026-06-04,5,179.5,30.27,209.77
63,RSV00000079,2026-06-20,2026-06-26,6,151.99,135.36,287.35
64,RSV00000080,2025-05-17,2025-05-22,5,434.5,177.9,612.4
65,RSV00000081,2025-09-23,2025-09-29,6,1229.62,53.2,1282.82
66,RSV00000082,2025-06-14,2025-06-17,3,1186.1,86.01,1272.11
67,RSV00000083,2024-09-10,2024-09-13,3,621.21,233.78,854.99
68,RSV00000084,2025-05-29,2025-06-05,7,193.93,25.98,219.91
69,RSV00000085,2025-12-12,2025-12-19,7,1310.64,127.49,1438.13
70,RSV00000086,2024-06-23,2024-06-25,2,1312.86,23.07,1335.93
71,RSV00000087,2025-12-13,2025-12-18,5,1470.74,223.7,1694.44
72,RSV00000090,2025-11-09,2025-11-14,5,1099.58,96.9,1196.48
73,RSV00000091,2024-12-22,2024-12-29,7,1183.77,207.45,1391.22
74,RSV00000093,2025-08-18,2025-08-20,2,641.44,94.09,735.53
75,RSV00000094,2025-10-18,2025-10-20,2,891.91,179.61,1071.52
76,RSV00000095,2025-06-12,2025-06-16,4,644.76,226.56,871.32
77,RSV00000096,2025-09-21,2025-09-28,7,598.04,155.2,753.24
78,RSV00000097,2025-05-12,2025-05-13,1,111.68,24.18,135.86
79,RSV00000098,2024-10-30,2024-11-06,7,1373.03,94.58,1467.61
80,RSV00000099,2025-06-16,2025-06-17,1,1172.11,36.8,1208.91
81,RSV00000100,2024-07-19,2024-07-26,7,938.86,114.49,1053.35
82,RSV00000101,2026-05-12,2026-05-18,6,1440.2,114.47,1554.67
83,RSV00000102,2026-07-05,2026-07-07,2,1008.81,193.99,1202.8
84,RSV00000103,2025-04-21,2025-04-27,6,1256.49,76.12,1332.61
85,RSV00000104,2025-02-01,2025-02-04,3,1015.65,196.87,1212.52
86,RSV00000105,2024-07-21,2024-07-26,5,801.58,56.15,857.73
87,RSV00000106,2025-01-02,2025-01-05,3,1027.67,246.88,1274.55
88,RSV00000108,2024-12-19,2024-12-21,2,794.42,49.78,844.2
89,RSV00000109,2025-04-14,2025-04-19,5,723.05,136.49,859.54
90,RSV00000111,2024-10-16,2024-10-19,3,1264.5,101.31,1365.81
91,RSV00000112,2026-01-11,2026-01-14,3,1223.15,73.05,1296.2
92,RSV00000113,2026-02-16,2026-02-21,5,908.39,43.68,952.07
93,RSV00000114,2026-05-08,2026-05-11,3,162.78,194.92,357.7
94,RSV00000115,2026-05-04,2026-05-08,4,143.78,59.32,203.1
95,RSV00000116,2026-02-12,2026-02-18,6,374.68,99.02,473.7
96,RSV00000117,2025-05-12,2025-05-16,4,845.19,30.03,875.22
97,RSV00000118,2024-11-25,2024-11-26,1,1114.31,196.14,1310.45
98,RSV00000119,2026-05-21,2026-05-22,1,1020.47,46.89,1067.36
99,RSV00000120,2025-09-15,2025-09-20,5,369.03,212.13,581.16
100,RSV00000121,2025-08-31,2025-09-07,7,269.19,217.16,486.35
101,RSV00000122,2025-10-02,2025-10-08,6,183.34,128.25,311.59
102,RSV00000123,2024-06-04,2024-06-11,7,561.57,69.39,630.96
103,RSV00000125,2025-02-10,2025-02-11,1,451.26,241.62,692.88
104,RSV00000126,2026-04-04,2026-04-10,6,790.68,186.27,976.95
105,RSV00000127,2025-11-30,2025-12-03,3,363.09,76.31,439.4
106,RSV00000128,2026-05-31,2026-06-04,4,149.46,242.63,392.09
107,RSV00000129,2026-03-25,2026-03-26,1,732.97,184.94,917.91
108,RSV00000130,2024-09-07,2024-09-14,7,1168.13,90.68,1258.81
109,RSV00000131,2026-05-11,2026-05-12,1,545.14,239.45,784.59
110,RSV00000132,2025-08-12,2025-08-19,7,1124.61,1.16,1125.77
111,RSV00000133,2026-03-07,2026-03-13,6,1419.59,101.99,1521.58
112,RSV00000134,2024-11-16,2024-11-17,1,168.12,48.14,216.26
113,RSV00000135,2024-11-16,2024-11-21,5,165.27,24.55,189.82
114,RSV00000136,2026-03-30,2026-04-02,3,1336.26,70.26,1406.52
115,RSV00000137,2025-08-14,2025-08-18,4,1378.33,127.17,1505.5
116,RSV00000138,2025-11-05,2025-11-07,2,462.86,95.17,558.03
117,RSV00000140,2025-02-19,2025-02-25,6,102.65,173.73,276.38
118,RSV00000141,2026-06-30,2026-07-01,1,637.49,27.6,665.09
119,RSV00000142,2025-12-12,2025-12-19,7,222.83,109.5,332.33
120,RSV00000143,2026-01-29,2026-02-02,4,292.2,187.18,479.38
121,RSV00000145,2024-12-28,2025-01-01,4,149.3,233.38,382.68
122,RSV00000146,2026-05-10,2026-05-11,1,774.83,55.98,830.81
123,RSV00000147,2026-06-27,2026-07-03,6,1084.77,229.88,1314.65
124,RSV00000148,2024-11-19,2024-11-21,2,240.84,161.24,402.08
125,RSV00000149,2026-03-05,2026-03-11,6,1343.23,96.98,1440.21
126,RSV00000150,2025-02-04,2025-02-08,4,492.52,243.16,735.68
127,RSV00000151,2024-12-01,2024-12-03,2,472.75,26.73,499.48
128,RSV00000152,2025-02-17,2025-02-20,3,413.1,101.6,514.7
129,RSV00000153,2026-03-09,2026-03-14,5,1432.33,66.95,1499.28
130,RSV00000154,2026-04-28,2026-05-02,4,1205.86,48.47,1254.33
131,RSV00000155,2024-09-18,2024-09-21,3,1498.37,217.98,1716.35
132,RSV00000156,2026-01-30,2026-02-03,4,316.38,16.75,333.13
133,RSV00000158,2025-10-27,2025-11-02,6,660.97,42.52,703.49
134,RSV00000159,2024-07-08,2024-07-12,4,922.25,69.98,992.23
135,RSV00000160,2024-10-17,2024-10-20,3,331.62,153.5,485.12
136,RSV00000161,2025-10-30,2025-11-03,4,420.79,75.63,496.42
137,RSV00000162,2025-07-08,2025-07-10,2,168.78,203.09,371.87
138,RSV00000163,2025-08-14,2025-08-16,2,314.86,48.19,363.05
139,RSV00000164,2025-03-07,2025-03-12,5,1294.04,221.91,1515.95
140,RSV00000165,2025-06-10,2025-06-15,5,828.94,117.86,946.8
141,RSV00000166,2026-03-20,2026-03-21,1,1239.47,167.17,1406.64
142,RSV00000167,2025-12-08,2025-12-09,1,1074.46,116.28,1190.74
143,RSV00000168,2026-01-10,2026-01-13,3,1141.09,228.0,1369.09
144,RSV00000169,2025-03-13,2025-03-20,7,1115.12,55.44,1170.56
145,RSV00000170,2026-02-13,2026-02-18,5,608.3,169.55,777.85
146,RSV00000171,2025-01-15,2025-01-17,2,1351.02,142.45,1493.47
147,RSV00000172,2024-08-27,2024-08-31,4,725.02,62.68,787.7
148,RSV00000173,2025-08-04,2025-08-09,5,892.69,200.58,1093.27
149,RSV00000175,2024-08-21,2024-08-27,6,906.45,142.06,1048.51
150,RSV00000178,2025-03-27,2025-03-30,3,1170.8,42.67,1213.47
151,RSV00000180,2025-08-29,2025-09-03,5,1034.0,29.63,1063.63
152,RSV00000181,2026-02-04,2026-02-06,2,1293.42,202.62,1496.04
153,RSV00000182,2024-09-09,2024-09-14,5,522.97,44.02,566.99
154,RSV00000183,2024-08-24,2024-08-27,3,1039.8,117.66,1157.46
155,RSV00000184,2024-11-07,2024-11-11,4,427.99,127.47,555.46
156,RSV00000185,2026-01-02,2026-01-08,6,494.3,65.49,559.79
157,RSV00000187,2025-12-16,2025-12-18,2,1033.73,74.63,1108.36
158,RSV00000188,2026-01-01,2026-01-02,1,239.87,58.9,298.77
159,RSV00000189,2025-11-04,2025-11-05,1,387.92,20.48,408.4
160,RSV00000190,2026-05-12,2026-05-18,6,666.36,1.61,667.97
161,RSV00000191,2025-09-27,2025-09-28,1,475.06,34.29,509.35
162,RSV00000192,2025-01-08,2025-01-09,1,747.65,64.02,811.67
163,RSV00000193,2025-07-20,2025-07-25,5,625.97,45.01,670.98
164,RSV00000195,2025-11-18,2025-11-25,7,581.78,96.66,678.44
165,RSV00000196,2025-11-11,2025-11-13,2,752.07,42.49,794.56
166,RSV00000197,2026-03-28,2026-03-29,1,1287.05,199.16,1486.21
167,RSV00000199,2024-09-12,2024-09-17,5,1011.81,221.75,1233.56
168,RSV00000200,2025-01-03,2025-01-10,7,582.37,7.48,589.85
169,RSV00000201,2025-07-12,2025-07-19,7,620.48,137.21,757.69
170,RSV00000203,2026-05-24,2026-05-25,1,1087.57,220.88,1308.45
171,RSV00000204,2026-03-12,2026-03-17,5,963.38,203.06,1166.44
172,RSV00000205,2024-06-01,2024-06-03,2,159.65,245.83,405.48
173,RSV00000207,2025-04-27,2025-04-30,3,428.01,183.45,611.46
174,RSV00000208,2025-03-17,2025-03-22,5,1450.34,209.62,1659.96
175,RSV00000209,2025-03-06,2025-03-13,7,479.81,108.86,588.67
176,RSV00000211,2024-11-17,2024-11-19,2,1267.89,109.37,1377.26
177,RSV00000212,2026-01-08,2026-01-12,4,1123.11,212.95,1336.06
178,RSV00000213,2025-06-14,2025-06-21,7,459.15,83.65,542.8
179,RSV00000214,2025-12-28,2025-12-30,2,1079.69,224.21,1303.9
180,RSV00000215,2025-03-22,2025-03-24,2,815.76,141.53,957.29
181,RSV00000217,2024-11-28,2024-12-02,4,249.69,116.9,366.59
182,RSV00000218,2025-02-01,2025-02-06,5,703.86,14.84,718.7
183,RSV00000219,2024-12-21,2024-12-28,7,111.99,155.47,267.46
184,RSV00000220,2026-06-01,2026-06-05,4,523.1,249.78,772.88
185,RSV00000221,2026-04-05,2026-04-11,6,1039.2,55.43,1094.63
186,RSV00000222,2024-11-07,2024-11-14,7,1110.0,40.8,1150.8
187,RSV00000223,2024-08-29,2024-08-31,2,346.49,69.27,415.76
188,RSV00000224,2025-12-06,2025-12-11,5,401.33,39.35,440.68
189,RSV00000225,2025-01-22,2025-01-29,7,1045.91,115.52,1161.43
190,RSV00000226,2026-01-16,2026-01-19,3,493.82,181.64,675.46
191,RSV00000227,2026-02-14,2026-02-20,6,1345.77,160.75,1506.52
192,RSV00000228,2025-03-11,2025-03-13,2,1130.95,70.72,1201.67
193,RSV00000229,2024-08-30,2024-08-31,1,119.76,31.7,151.46
194,RSV00000230,2025-08-05,2025-08-10,5,1248.94,228.99,1477.93
195,RSV00000231,2025-02-21,2025-02-23,2,1462.66,40.65,1503.31
196,RSV00000233,2026-03-18,2026-03-20,2,1363.98,130.17,1494.15
197,RSV00000234,2025-07-22,2025-07-23,1,827.01,247.86,1074.87
198,RSV00000235,2025-11-29,2025-12-06,7,860.56,152.97,1013.53
199,RSV00000237,2026-05-04,2026-05-10,6,1427.31,202.29,1629.6
200,RSV00000238,2025-07-06,2025-07-10,4,320.77,7.55,328.32
201,RSV00000239,2026-02-01,2026-02-08,7,972.46,95.23,1067.69
202,RSV00000240,2025-06-11,2025-06-13,2,1310.94,170.71,1481.65
203,RSV00000241,2025-04-21,2025-04-28,7,351.26,132.34,483.6
204,RSV00000242,2025-02-12,2025-02-19,7,1069.16,220.21,1289.37
205,RSV00000243,2026-05-04,2026-05-06,2,529.95,128.74,658.69
206,RSV00000245,2024-11-16,2024-11-18,2,1498.02,75.81,1573.83
207,RSV00000246,2026-04-17,2026-04-18,1,656.34,55.03,711.37
208,RSV00000247,2025-10-08,2025-10-10,2,576.07,29.56,605.63
209,RSV00000248,2025-04-04,2025-04-09,5,844.33,217.99,1062.32
210,RSV00000249,2024-09-05,2024-09-07,2,609.67,175.54,785.21
211,RSV00000250,2026-05-28,2026-06-04,7,565.43,6.85,572.28
212,RSV00000251,2026-05-10,2026-05-15,5,215.58,53.98,269.56
213,RSV00000252,2026-03-13,2026-03-18,5,1254.27,210.49,1464.76
214,RSV00000253,2026-05-26,2026-05-31,5,1035.76,8.3,1044.06
215,RSV00000254,2026-06-09,2026-06-13,4,219.82,28.9,248.72
216,RSV00000255,2025-10-07,2025-10-11,4,1474.02,59.56,1533.58
217,RSV00000256,2025-09-25,2025-09-28,3,1212.21,18.35,1230.56
218,RSV00000257,2024-09-28,2024-09-30,2,894.62,230.47,1125.09
219,RSV00000259,2025-06-18,2025-06-21,3,1262.83,229.8,1492.63
220,RSV00000260,2025-06-25,2025-06-29,4,1433.97,249.23,1683.2
221,RSV00000261,2025-06-14,2025-06-19,5,264.51,131.85,396.36
222,RSV00000262,2025-07-05,2025-07-12,7,577.91,223.51,801.42
223,RSV00000264,2026-06-14,2026-06-21,7,1043.1,226.78,1269.88
224,RSV00000265,2024-11-07,2024-11-12,5,1423.68,172.84,1596.52
225,RSV00000268,2025-11-12,2025-11-17,5,760.06,87.17,847.23
226,RSV00000269,2026-01-18,2026-01-25,7,1180.88,157.94,1338.82
227,RSV00000270,2025-08-30,2025-08-31,1,807.58,66.03,873.61
228,RSV00000271,2025-12-23,2025-12-24,1,1495.83,162.68,1658.51
229,RSV00000272,2024-10-07,2024-10-13,6,1386.42,124.62,1511.04
230,RSV00000273,2025-08-18,2025-08-22,4,504.28,149.52,653.8
231,RSV00000274,2025-03-28,2025-04-02,5,825.81,33.78,859.59
232,RSV00000275,2025-11-25,2025-12-01,6,1369.23,231.96,1601.19
233,RSV00000276,2025-05-21,2025-05-22,1,1134.29,82.58,1216.87
234,RSV00000277,2024-10-09,2024-10-12,3,984.97,209.8,1194.77
235,RSV00000278,2024-08-22,2024-08-26,4,984.04,190.25,1174.29
236,RSV00000279,2025-09-08,2025-09-12,4,558.57,137.49,696.06
237,RSV00000280,2024-07-06,2024-07-09,3,270.87,53.15,324.02
238,RSV00000281,2026-03-15,2026-03-17,2,213.33,229.39,442.72
239,RSV00000283,2025-09-14,2025-09-17,3,1277.97,4.04,1282.01
240,RSV00000285,2025-09-02,2025-09-07,5,548.52,212.9,761.42
241,RSV00000286,2025-04-24,2025-04-29,5,91.94,16.57,108.51
242,RSV00000287,2024-12-29,2025-01-03,5,1292.35,127.02,1419.37
243,RSV00000288,2025-01-12,2025-01-19,7,487.56,63.43,550.99
244,RSV00000289,2024-10-29,2024-11-05,7,173.2,170.87,344.07
245,RSV00000290,2025-09-27,2025-10-04,7,945.79,187.08,1132.87
246,RSV00000291,2024-09-02,2024-09-03,1,1239.86,76.88,1316.74
247,RSV00000294,2025-07-27,2025-07-29,2,1121.93,208.03,1329.96
248,RSV00000295,2025-10-03,2025-10-07,4,1108.37,53.77,1162.14
249,RSV00000296,2026-04-06,2026-04-10,4,843.54,131.99,975.53
250,RSV00000297,2025-06-09,2025-06-10,1,991.63,135.07,1126.7
251,RSV00000298,2025-11-11,2025-11-12,1,1278.31,126.78,1405.09
252,RSV00000299,2025-10-31,2025-11-06,6,762.5,205.12,967.62
253,RSV00000300,2026-01-14,2026-01-17,3,857.59,41.03,898.62
254,RSV00000301,2024-11-04,2024-11-07,3,1236.19,215.31,1451.5
255,RSV00000302,2025-03-25,2025-03-31,6,516.11,81.11,597.22
256,RSV00000303,2024-07-14,2024-07-18,4,435.72,99.73,535.45
257,RSV00000304,2024-10-31,2024-11-03,3,166.52,95.88,262.4
258,RSV00000305,2025-07-22,2025-07-23,1,885.29,113.41,998.7
259,RSV00000306,2026-04-15,2026-04-19,4,260.19,217.01,477.2
260,RSV00000307,2025-05-20,2025-05-25,5,716.83,137.69,854.52
261,RSV00000308,2025-07-22,2025-07-26,4,1039.88,56.11,1095.99
262,RSV00000309,2026-01-10,2026-01-11,1,592.2,244.24,836.44
263,RSV00000310,2024-11-16,2024-11-20,4,367.41,136.66,504.07
264,RSV00000311,2024-09-10,2024-09-16,6,114.59,162.68,277.27
265,RSV00000312,2025-11-09,2025-11-15,6,87.47,58.28,145.75
266,RSV00000314,2025-08-31,2025-09-06,6,1049.4,80.76,1130.16
267,RSV00000315,2024-11-22,2024-11-23,1,1074.84,37.63,1112.47
268,RSV00000316,2025-03-16,2025-03-19,3,300.16,248.04,548.2
269,RSV00000318,2026-05-22,2026-05-24,2,1452.68,230.71,1683.39
270,RSV00000321,2024-12-19,2024-12-21,2,1011.09,8.14,1019.23
271,RSV00000322,2026-05-21,2026-05-28,7,440.4,28.24,468.64
272,RSV00000323,2024-06-17,2024-06-24,7,444.43,120.51,564.94
273,RSV00000324,2025-11-02,2025-11-06,4,825.96,104.34,930.3
274,RSV00000325,2026-03-19,2026-03-25,6,168.96,51.01,219.97
275,RSV00000326,2024-09-22,2024-09-25,3,1388.43,120.24,1508.67
276,RSV00000327,2025-10-21,2025-10-25,4,1344.75,191.03,1535.78
277,RSV00000328,2025-08-20,2025-08-21,1,142.87,8.21,151.08
278,RSV00000329,2025-06-11,2025-06-16,5,683.61,222.23,905.84
279,RSV00000330,2024-12-12,2024-12-19,7,290.96,249.23,540.19
280,RSV00000331,2025-09-21,2025-09-23,2,654.67,115.33,770.0
281,RSV00000332,2026-03-27,2026-03-31,4,402.1,239.39,641.49
282,RSV00000333,2025-04-17,2025-04-20,3,213.23,4.0,217.23
283,RSV00000334,2026-02-28,2026-03-04,4,840.74,218.25,1058.99
284,RSV00000335,2025-12-02,2025-12-04,2,927.26,162.6,1089.86
285,RSV00000336,2025-01-22,2025-01-24,2,1383.22,150.41,1533.63
286,RSV00000337,2025-07-12,2025-07-17,5,693.05,34.7,727.75
287,RSV00000338,2026-06-24,2026-07-01,7,535.34,220.78,756.12
288,RSV00000339,2026-07-06,2026-07-08,2,464.79,235.21,700.0
289,RSV00000341,2026-04-02,2026-04-05,3,763.29,244.97,1008.26
290,RSV00000342,2025-08-12,2025-08-19,7,874.98,66.17,941.15
291,RSV00000343,2026-06-07,2026-06-13,6,870.78,238.92,1109.7
292,RSV00000344,2025-12-17,2025-12-24,7,215.07,95.13,310.2
293,RSV00000345,2025-03-27,2025-04-01,5,497.5,168.22,665.72
294,RSV00000346,2026-04-12,2026-04-18,6,115.48,17.23,132.71
295,RSV00000347,2026-01-13,2026-01-14,1,468.28,166.66,634.94
296,RSV00000348,2024-07-22,2024-07-23,1,847.23,211.86,1059.09
297,RSV00000349,2024-07-13,2024-07-17,4,1384.15,216.44,1600.59
298,RSV00000350,2026-07-03,2026-07-05,2,680.04,193.38,873.42
299,RSV00000351,2024-09-30,2024-10-02,2,520.47,19.44,539.91
300,RSV00000352,2026-05-19,2026-05-22,3,415.11,138.03,553.14
301,RSV00000353,2025-10-31,2025-11-06,6,1178.61,157.8,1336.41
302,RSV00000354,2025-05-22,2025-05-26,4,1047.16,90.44,1137.6
303,RSV00000355,2026-02-01,2026-02-05,4,578.94,97.4,676.34
304,RSV00000356,2026-01-23,2026-01-30,7,1280.98,64.1,1345.08
305,RSV00000357,2025-03-02,2025-03-07,5,1137.08,124.73,1261.81
306,RSV00000358,2024-06-18,2024-06-25,7,309.7,60.66,370.36
307,RSV00000359,2026-05-03,2026-05-09,6,1136.07,120.35,1256.42
308,RSV00000360,2025-02-27,2025-03-06,7,1378.78,225.83,1604.61
309,RSV00000361,2025-10-10,2025-10-12,2,326.36,117.82,444.18
310,RSV00000362,2026-01-20,2026-01-24,4,1427.05,243.95,1671.0
311,RSV00000364,2026-02-03,2026-02-06,3,1470.79,28.16,1498.95
312,RSV00000366,2024-10-31,2024-11-03,3,210.83,149.52,360.35
313,RSV00000367,2024-12-18,2024-12-19,1,678.1,159.12,837.22
314,RSV00000368,2025-11-29,2025-11-30,1,310.05,121.54,431.59
315,RSV00000369,2025-09-13,2025-09-16,3,1269.25,75.87,1345.12
316,RSV00000370,2026-01-30,2026-02-03,4,80.69,66.46,147.15
317,RSV00000373,2025-07-15,2025-07-18,3,1472.25,182.87,1655.12
318,RSV00000375,2025-06-30,2025-07-05,5,787.19,131.17,918.36
319,RSV00000376,2024-09-07,2024-09-08,1,338.84,99.65,438.49
320,RSV00000378,2025-05-14,2025-05-17,3,366.71,173.76,540.47
321,RSV00000379,2026-06-17,2026-06-20,3,762.91,4.87,767.78
322,RSV00000380,2025-01-06,2025-01-08,2,99.89,176.66,276.55
323,RSV00000381,2025-04-21,2025-04-26,5,1054.5,214.11,1268.61
324,RSV00000382,2025-04-30,2025-05-03,3,1049.87,102.01,1151.88
325,RSV00000383,2025-07-16,2025-07-23,7,945.04,75.82,1020.86
326,RSV00000384,2026-01-11,2026-01-13,2,1467.94,224.43,1692.37
327,RSV00000385,2024-09-24,2024-10-01,7,1353.31,222.57,1575.88
328,RSV00000386,2024-12-19,2024-12-23,4,255.83,92.68,348.51
329,RSV00000387,2024-08-30,2024-09-06,7,1331.36,208.98,1540.34
330,RSV00000388,2025-04-22,2025-04-25,3,1429.31,69.11,1498.42
331,RSV00000389,2025-06-24,2025-06-26,2,1410.74,87.15,1497.89
332,RSV00000391,2024-07-21,2024-07-24,3,1176.83,166.6,1343.43
333,RSV00000392,2024-06-15,2024-06-21,6,1270.15,115.07,1385.22
334,RSV00000393,2025-10-23,2025-10-30,7,634.6,87.61,722.21
335,RSV00000394,2025-12-31,2026-01-05,5,654.61,173.53,828.14
336,RSV00000396,2024-08-13,2024-08-18,5,1216.93,134.36,1351.29
337,RSV00000397,2026-06-02,2026-06-04,2,852.05,23.49,875.54
338,RSV00000398,2025-01-16,2025-01-18,2,413.14,5.67,418.81
339,RSV00000399,2025-05-09,2025-05-13,4,876.85,29.2,906.05
340,RSV00000400,2024-08-04,2024-08-06,2,843.57,5.06,848.63
341,RSV00000402,2024-11-27,2024-12-01,4,919.4,59.27,978.67
342,RSV00000403,2024-11-01,2024-11-05,4,473.29,160.03,633.32
343,RSV00000404,2024-07-13,2024-07-16,3,1188.63,35.6,1224.23
344,RSV00000405,2024-08-05,2024-08-10,5,356.35,85.44,441.79
345,RSV00000406,2025-06-12,2025-06-18,6,752.51,153.08,905.59
346,RSV00000407,2024-09-23,2024-09-27,4,431.42,124.23,555.65
347,RSV00000408,2026-01-30,2026-02-02,3,608.07,60.19,668.26
348,RSV00000411,2024-08-14,2024-08-16,2,309.31,17.18,326.49
349,RSV00000412,2025-07-27,2025-08-02,6,1339.26,62.7,1401.96
350,RSV00000414,2024-08-20,2024-08-26,6,1078.66,111.45,1190.11
351,RSV00000415,2024-11-01,2024-11-06,5,1362.28,212.38,1574.66
352,RSV00000416,2025-06-11,2025-06-18,7,1147.47,197.31,1344.78
353,RSV00000417,2026-03-02,2026-03-04,2,248.16,206.7,454.86
354,RSV00000418,2025-12-21,2025-12-25,4,1394.84,213.5,1608.34
355,RSV00000419,2025-04-27,2025-04-29,2,662.55,116.02,778.57
356,RSV00000420,2026-06-17,2026-06-21,4,697.02,141.24,838.26
357,RSV00000421,2025-10-30,2025-11-06,7,568.84,115.94,684.78
358,RSV00000423,2025-02-22,2025-02-25,3,1095.71,127.39,1223.1
359,RSV00000425,2024-08-21,2024-08-25,4,784.27,39.74,824.01
360,RSV00000426,2025-03-10,2025-03-11,1,860.0,55.93,915.93
361,RSV00000427,2024-11-11,2024-11-13,2,738.9,225.29,964.19
362,RSV00000428,2025-01-11,2025-01-14,3,849.46,5.1,854.56
363,RSV00000429,2025-03-10,2025-03-17,7,662.25,46.86,709.11
364,RSV00000430,2025-08-13,2025-08-14,1,257.56,30.13,287.69
365,RSV00000431,2026-05-05,2026-05-11,6,237.63,165.34,402.97
366,RSV00000432,2025-08-13,2025-08-17,4,536.87,168.42,705.29
367,RSV00000433,2025-01-22,2025-01-29,7,651.35,115.24,766.59
368,RSV00000434,2025-03-08,2025-03-12,4,938.13,163.74,1101.87
369,RSV00000435,2025-05-21,2025-05-25,4,388.73,48.33,437.06
370,RSV00000436,2026-03-11,2026-03-16,5,1411.24,10.31,1421.55
371,RSV00000437,2025-05-31,2025-06-01,1,177.45,172.76,350.21
372,RSV00000439,2024-07-26,2024-07-28,2,707.64,210.93,918.57
373,RSV00000440,2024-07-10,2024-07-14,4,732.42,25.73,758.15
374,RSV00000441,2026-04-21,2026-04-27,6,1146.69,161.12,1307.81
375,RSV00000443,2026-01-17,2026-01-20,3,1115.65,114.23,1229.88
376,RSV00000445,2025-11-21,2025-11-25,4,179.72,98.59,278.31
377,RSV00000446,2024-12-13,2024-12-18,5,1229.81,23.26,1253.07
378,RSV00000447,2024-09-10,2024-09-17,7,751.34,52.05,803.39
379,RSV00000448,2024-08-20,2024-08-24,4,298.74,122.73,421.47
380,RSV00000450,2025-10-03,2025-10-04,1,920.07,141.95,1062.02
381,RSV00000451,2025-04-25,2025-04-30,5,695.37,7.65,703.02
382,RSV00000452,2025-07-07,2025-07-08,1,1325.39,25.86,1351.25
383,RSV00000453,2025-09-02,2025-09-03,1,561.85,141.73,703.58
384,RSV00000455,2025-08-25,2025-08-29,4,831.29,81.01,912.3
385,RSV00000456,2024-11-18,2024-11-23,5,1201.94,181.75,1383.69
386,RSV00000457,2026-05-05,2026-05-11,6,145.59,220.16,365.75
387,RSV00000458,2025-12-10,2025-12-15,5,555.36,65.26,620.62
388,RSV00000459,2025-06-02,2025-06-09,7,1149.23,112.65,1261.88
389,RSV00000460,2025-01-15,2025-01-20,5,1488.81,71.39,1560.2
390,RSV00000461,2024-12-06,2024-12-08,2,1418.12,40.21,1458.33
391,RSV00000463,2026-01-06,2026-01-11,5,432.58,161.77,594.35
392,RSV00000464,2024-08-05,2024-08-09,4,1148.24,155.22,1303.46
393,RSV00000465,2026-05-26,2026-05-30,4,268.25,219.77,488.02
394,RSV00000466,2025-05-17,2025-05-21,4,134.65,131.3,265.95
395,RSV00000467,2026-04-16,2026-04-22,6,264.64,190.73,455.37
396,RSV00000468,2025-11-09,2025-11-13,4,1420.74,172.29,1593.03
397,RSV00000469,2025-02-10,2025-02-12,2,1355.28,115.25,1470.53
398,RSV00000470,2024-11-16,2024-11-19,3,1062.69,48.57,1111.26
399,RSV00000471,2026-04-07,2026-04-08,1,894.76,117.86,1012.62
400,RSV00000473,2025-01-09,2025-01-13,4,694.32,90.57,784.89
401,RSV00000474,2025-05-28,2025-05-30,2,694.54,249.31,943.85
402,RSV00000476,2025-11-01,2025-11-07,6,920.62,121.86,1042.48
403,RSV00000478,2024-09-06,2024-09-09,3,567.55,111.96,679.51
404,RSV00000479,2025-10-23,2025-10-26,3,513.36,7.42,520.78
405,RSV00000480,2025-05-27,2025-05-30,3,843.33,246.21,1089.54
406,RSV00000482,2025-03-09,2025-03-14,5,1076.24,99.79,1176.03
407,RSV00000483,2024-12-26,2024-12-30,4,1152.11,208.26,1360.37
408,RSV00000484,2025-04-28,2025-05-05,7,1256.69,30.3,1286.99
409,RSV00000485,2026-04-09,2026-04-13,4,893.86,85.44,979.3
410,RSV00000486,2026-01-19,2026-01-21,2,1016.3,24.21,1040.51
411,RSV00000487,2025-11-06,2025-11-12,6,776.95,221.95,998.9
412,RSV00000488,2025-09-15,2025-09-22,7,1435.52,227.67,1663.19
413,RSV00000491,2025-07-21,2025-07-22,1,193.79,191.14,384.93
414,RSV00000492,2024-07-19,2024-07-22,3,1239.62,15.35,1254.97
415,RSV00000493,2026-04-16,2026-04-23,7,378.43,76.36,454.79
416,RSV00000494,2025-08-04,2025-08-10,6,712.9,72.79,785.69
417,RSV00000495,2025-10-02,2025-10-09,7,116.5,61.41,177.91
418,RSV00000497,2025-03-25,2025-04-01,7,482.42,97.37,579.79
419,RSV00000498,2025-08-01,2025-08-08,7,557.53,50.16,607.69
420,RSV00000499,2024-08-01,2024-08-06,5,421.0,213.99,634.99
421,RSV00000500,2024-09-10,2024-09-11,1,161.96,170.15,332.11
422,RSV00000501,2024-09-13,2024-09-15,2,1233.38,220.97,1454.35
423,RSV00000502,2025-10-24,2025-10-26,2,422.32,30.77,453.09
424,RSV00000503,2025-12-01,2025-12-08,7,273.5,199.19,472.69
425,RSV00000505,2026-02-07,2026-02-09,2,814.44,9.01,823.45
426,RSV00000506,2026-05-16,2026-05-17,1,590.24,48.57,638.81
427,RSV00000507,2025-07-02,2025-07-05,3,907.61,174.33,1081.94
428,RSV00000508,2025-11-22,2025-11-27,5,1366.88,98.68,1465.56
429,RSV00000510,2025-03-08,2025-03-11,3,977.13,170.01,1147.14
430,RSV00000511,2025-07-26,2025-08-02,7,808.99,103.7,912.69
431,RSV00000512,2026-04-10,2026-04-13,3,516.12,236.4,752.52
432,RSV00000514,2025-05-19,2025-05-22,3,971.27,128.41,1099.68
433,RSV00000515,2026-03-27,2026-04-03,7,134.33,39.88,174.21
434,RSV00000516,2026-03-01,2026-03-07,6,1359.81,217.53,1577.34
435,RSV00000517,2025-10-31,2025-11-04,4,557.25,173.69,730.94
436,RSV00000518,2024-09-16,2024-09-17,1,190.84,233.73,424.57
437,RSV00000519,2024-11-10,2024-11-11,1,1016.23,206.72,1222.95
438,RSV00000520,2025-06-17,2025-06-20,3,178.96,170.72,349.68
439,RSV00000521,2025-12-13,2025-12-16,3,344.92,223.38,568.3
440,RSV00000522,2024-09-14,2024-09-17,3,896.22,16.57,912.79
441,RSV00000523,2025-11-06,2025-11-08,2,1398.67,56.02,1454.69
442,RSV00000524,2025-10-04,2025-10-08,4,687.3,196.24,883.54
443,RSV00000527,2025-12-19,2025-12-20,1,584.18,231.26,815.44
444,RSV00000528,2024-09-12,2024-09-15,3,1276.9,210.72,1487.62
445,RSV00000529,2024-08-09,2024-08-11,2,523.3,53.34,576.64
446,RSV00000530,2025-10-03,2025-10-05,2,737.46,243.62,981.08
447,RSV00000532,2026-02-05,2026-02-08,3,822.99,218.23,1041.22
448,RSV00000533,2026-06-16,2026-06-22,6,585.35,119.16,704.51
449,RSV00000534,2025-09-08,2025-09-11,3,1367.81,201.3,1569.11
450,RSV00000535,2024-10-15,2024-10-19,4,474.33,227.71,702.04
451,RSV00000536,2024-12-23,2024-12-29,6,1051.39,20.09,1071.48
452,RSV00000537,2026-05-23,2026-05-29,6,1172.57,90.12,1262.69
453,RSV00000538,2025-11-27,2025-12-04,7,500.76,144.08,644.84
454,RSV00000540,2026-01-25,2026-01-30,5,776.93,3.57,780.5
455,RSV00000541,2025-08-31,2025-09-04,4,976.96,178.68,1155.64
456,RSV00000542,2025-06-23,2025-06-26,3,401.58,72.28,473.86
457,RSV00000543,2026-03-07,2026-03-13,6,123.01,190.82,313.83
458,RSV00000544,2026-01-21,2026-01-22,1,705.39,143.38,848.77
459,RSV00000545,2025-01-16,2025-01-17,1,573.93,223.56,797.49
460,RSV00000546,2024-07-27,2024-07-28,1,1439.76,97.57,1537.33
461,RSV00000547,2024-07-26,2024-08-02,7,806.57,190.55,997.12
462,RSV00000548,2025-04-16,2025-04-23,7,773.94,43.47,817.41
463,RSV00000549,2025-01-11,2025-01-13,2,237.55,199.55,437.1
464,RSV00000550,2025-11-28,2025-11-29,1,1239.54,11.56,1251.1
465,RSV00000551,2026-03-23,2026-03-27,4,921.69,41.12,962.81
466,RSV00000552,2024-06-15,2024-06-17,2,253.79,165.1,418.89
467,RSV00000554,2024-10-01,2024-10-07,6,479.76,134.17,613.93
468,RSV00000555,2025-01-08,2025-01-12,4,288.81,198.83,487.64
469,RSV00000556,2026-02-27,2026-03-03,4,1477.67,31.79,1509.46
470,RSV00000557,2024-10-23,2024-10-27,4,1137.69,88.57,1226.26
471,RSV00000558,2025-01-12,2025-01-19,7,206.68,164.43,371.11
472,RSV00000559,2025-03-29,2025-04-01,3,848.57,187.76,1036.33
473,RSV00000560,2025-12-31,2026-01-02,2,1119.51,54.17,1173.68
474,RSV00000561,2026-04-16,2026-04-19,3,1213.67,120.01,1333.68
475,RSV00000562,2026-05-13,2026-05-19,6,800.04,245.44,1045.48
476,RSV00000563,2025-02-28,2025-03-02,2,359.0,199.76,558.76
477,RSV00000564,2025-03-16,2025-03-23,7,738.58,212.38,950.96
478,RSV00000565,2025-08-23,2025-08-28,5,498.56,243.25,741.81
479,RSV00000566,2026-02-25,2026-02-26,1,575.0,117.45,692.45
480,RSV00000569,2024-11-08,2024-11-10,2,715.35,51.7,767.05
481,RSV00000571,2025-08-07,2025-08-11,4,1045.54,105.87,1151.41
482,RSV00000572,2024-09-04,2024-09-09,5,509.49,212.83,722.32
483,RSV00000573,2025-05-20,2025-05-23,3,360.5,34.55,395.05
484,RSV00000574,2025-01-04,2025-01-10,6,92.59,221.72,314.31
485,RSV00000576,2024-09-25,2024-09-29,4,614.45,211.11,825.56
486,RSV00000577,2025-09-19,2025-09-22,3,1071.26,70.96,1142.22
487,RSV00000578,2024-07-14,2024-07-21,7,728.93,192.56,921.49
488,RSV00000579,2025-05-23,2025-05-29,6,867.63,148.07,1015.7
489,RSV00000580,2025-03-14,2025-03-21,7,1272.99,225.92,1498.91
490,RSV00000582,2026-06-22,2026-06-26,4,871.96,173.87,1045.83
491,RSV00000583,2026-05-30,2026-06-03,4,215.76,151.25,367.01
492,RSV00000587,2026-04-26,2026-04-30,4,750.32,62.47,812.79
493,RSV00000588,2024-12-11,2024-12-12,1,531.56,239.99,771.55
494,RSV00000589,2025-04-24,2025-04-29,5,957.8,110.38,1068.18
495,RSV00000590,2024-11-29,2024-12-06,7,577.84,10.7,588.54
496,RSV00000591,2025-01-05,2025-01-11,6,153.62,233.1,386.72
497,RSV00000592,2025-05-20,2025-05-26,6,505.09,173.76,678.85
498,RSV00000593,2024-10-28,2024-11-03,6,496.55,82.67,579.22
499,RSV00000594,2024-11-18,2024-11-22,4,1474.72,130.94,1605.66
500,RSV00000595,2024-06-20,2024-06-25,5,214.4,201.5,415.9
501,RSV00000596,2024-08-08,2024-08-10,2,1490.68,143.11,1633.79
502,RSV00000598,2024-10-11,2024-10-12,1,1076.5,185.84,1262.34
503,RSV00000599,2025-06-03,2025-06-09,6,265.57,187.11,452.68
504,RSV00000600,2026-07-05,2026-07-07,2,262.08,106.93,369.01
505,RSV00000601,2026-01-19,2026-01-21,2,457.7,226.31,684.01
506,RSV00000603,2024-12-21,2024-12-27,6,134.93,241.73,376.66
507,RSV00000604,2026-05-23,2026-05-30,7,1050.77,154.07,1204.84
508,RSV00000606,2024-07-31,2024-08-05,5,387.74,151.86,539.6
509,RSV00000607,2024-11-18,2024-11-22,4,1271.28,163.19,1434.47
510,RSV00000608,2024-12-10,2024-12-12,2,200.82,45.94,246.76
511,RSV00000609,2026-05-03,2026-05-05,2,227.4,106.84,334.24
512,RSV00000610,2026-01-12,2026-01-17,5,729.62,52.7,782.32
513,RSV00000611,2024-07-23,2024-07-29,6,577.52,27.48,605.0
514,RSV00000613,2026-04-02,2026-04-06,4,657.63,199.04,856.67
515,RSV00000614,2024-10-10,2024-10-14,4,1055.83,23.14,1078.97
516,RSV00000615,2025-11-30,2025-12-03,3,326.71,217.04,543.75
517,RSV00000616,2025-03-10,2025-03-14,4,985.68,216.02,1201.7
518,RSV00000617,2024-11-08,2024-11-11,3,937.04,77.33,1014.37
519,RSV00000618,2024-12-02,2024-12-08,6,169.8,40.21,210.01
520,RSV00000619,2025-08-04,2025-08-06,2,123.8,245.44,369.24
521,RSV00000620,2025-10-23,2025-10-24,1,341.25,135.11,476.36
522,RSV00000622,2024-10-17,2024-10-19,2,107.89,14.29,122.18
523,RSV00000623,2025-03-08,2025-03-12,4,463.92,20.12,484.04
524,RSV00000625,2025-09-01,2025-09-08,7,214.47,50.85,265.32
525,RSV00000627,2025-01-18,2025-01-21,3,1232.15,68.22,1300.37
526,RSV00000628,2026-05-05,2026-05-09,4,1240.55,9.13,1249.68
527,RSV00000630,2025-07-02,2025-07-08,6,153.84,179.66,333.5
528,RSV00000631,2026-05-07,2026-05-08,1,404.03,65.45,469.48
529,RSV00000632,2024-09-16,2024-09-22,6,859.28,103.41,962.69
530,RSV00000633,2025-08-31,2025-09-03,3,639.78,118.43,758.21
531,RSV00000634,2025-07-13,2025-07-14,1,1155.02,184.39,1339.41
532,RSV00000636,2026-04-27,2026-05-03,6,1331.02,25.73,1356.75
533,RSV00000637,2025-01-17,2025-01-19,2,304.16,219.4,523.56
534,RSV00000638,2025-11-02,2025-11-09,7,1168.87,243.51,1412.38
535,RSV00000639,2026-06-17,2026-06-24,7,102.8,98.54,201.34
536,RSV00000640,2026-03-18,2026-03-24,6,1434.62,151.62,1586.24
537,RSV00000641,2026-05-31,2026-06-01,1,902.31,87.14,989.45
538,RSV00000642,2025-03-31,2025-04-07,7,1177.51,136.06,1313.57
539,RSV00000643,2025-07-23,2025-07-26,3,657.29,49.54,706.83
540,RSV00000644,2026-06-18,2026-06-23,5,597.68,235.73,833.41
541,RSV00000645,2024-11-19,2024-11-23,4,1437.55,57.87,1495.42
542,RSV00000646,2025-01-23,2025-01-30,7,1432.84,116.81,1549.65
543,RSV00000647,2025-02-21,2025-02-26,5,152.24,122.85,275.09
544,RSV00000648,2025-04-14,2025-04-18,4,477.06,100.54,577.6
545,RSV00000649,2024-10-13,2024-10-19,6,514.86,95.68,610.54
546,RSV00000651,2024-09-12,2024-09-15,3,1250.31,137.18,1387.49
547,RSV00000652,2025-01-23,2025-01-29,6,234.43,42.27,276.7
548,RSV00000653,2025-08-14,2025-08-19,5,286.41,142.07,428.48
549,RSV00000654,2025-12-12,2025-12-17,5,105.3,238.5,343.8
550,RSV00000655,2025-02-11,2025-02-16,5,442.5,184.6,627.1
551,RSV00000656,2024-12-13,2024-12-20,7,865.94,91.44,957.38
552,RSV00000657,2025-10-23,2025-10-29,6,764.75,117.83,882.58
553,RSV00000658,2026-05-03,2026-05-07,4,1162.08,160.42,1322.5
554,RSV00000660,2025-05-08,2025-05-14,6,340.1,136.18,476.28
555,RSV00000661,2025-07-12,2025-07-13,1,1128.83,145.4,1274.23
556,RSV00000663,2025-04-24,2025-04-30,6,1094.95,141.43,1236.38
557,RSV00000664,2025-03-21,2025-03-23,2,436.49,2.95,439.44
558,RSV00000665,2025-12-19,2025-12-22,3,166.66,37.13,203.79
559,RSV00000666,2026-05-09,2026-05-14,5,1302.66,51.71,1354.37
560,RSV00000667,2025-05-15,2025-05-16,1,1423.5,238.88,1662.38
561,RSV00000668,2025-11-28,2025-12-04,6,630.71,37.83,668.54
562,RSV00000669,2026-03-05,2026-03-10,5,80.56,124.4,204.96
563,RSV00000670,2026-04-30,2026-05-04,4,1077.49,74.07,1151.56
564,RSV00000673,2024-11-01,2024-11-04,3,269.16,244.99,514.15
565,RSV00000674,2025-10-25,2025-10-27,2,1419.58,200.81,1620.39
566,RSV00000675,2026-01-23,2026-01-27,4,970.26,51.77,1022.03
567,RSV00000677,2026-01-25,2026-01-29,4,1139.97,222.03,1362.0
568,RSV00000678,2025-12-30,2026-01-03,4,753.5,216.1,969.6
569,RSV00000679,2025-01-06,2025-01-10,4,392.7,180.75,573.45
570,RSV00000680,2025-11-24,2025-11-30,6,1106.72,238.51,1345.23
571,RSV00000681,2024-07-16,2024-07-21,5,667.79,96.49,764.28
572,RSV00000682,2025-06-09,2025-06-11,2,1153.24,248.0,1401.24
573,RSV00000683,2026-05-30,2026-06-05,6,444.52,120.43,564.95
574,RSV00000685,2024-11-23,2024-11-24,1,622.59,193.88,816.47
575,RSV00000686,2025-02-06,2025-02-12,6,453.99,101.37,555.36
576,RSV00000687,2026-04-09,2026-04-15,6,1293.81,247.47,1541.28
577,RSV00000688,2024-11-08,2024-11-12,4,415.86,11.76,427.62
578,RSV00000689,2025-04-29,2025-05-06,7,857.74,104.95,962.69
579,RSV00000690,2026-02-14,2026-02-19,5,932.18,234.06,1166.24
580,RSV00000691,2024-06-27,2024-06-30,3,895.55,11.27,906.82
581,RSV00000693,2025-01-08,2025-01-11,3,441.52,31.43,472.95
582,RSV00000694,2024-09-16,2024-09-22,6,812.51,77.7,890.21
583,RSV00000695,2025-02-15,2025-02-17,2,1145.82,238.76,1384.58
584,RSV00000696,2026-03-17,2026-03-19,2,1302.01,100.57,1402.58
585,RSV00000697,2025-02-09,2025-02-10,1,1416.57,159.41,1575.98
586,RSV00000699,2025-06-24,2025-06-25,1,1200.55,233.52,1434.07
587,RSV00000700,2025-10-26,2025-11-02,7,728.43,12.27,740.7
588,RSV00000701,2025-11-13,2025-11-14,1,619.13,108.34,727.47
589,RSV00000702,2025-12-04,2025-12-08,4,701.06,210.39,911.45
590,RSV00000703,2025-11-07,2025-11-14,7,1389.54,186.6,1576.14
591,RSV00000704,2024-09-19,2024-09-20,1,963.68,122.97,1086.65
592,RSV00000705,2025-07-22,2025-07-28,6,752.2,247.12,999.32
593,RSV00000706,2025-12-10,2025-12-14,4,544.02,37.85,581.87
594,RSV00000707,2025-07-05,2025-07-09,4,1471.13,200.78,1671.91
595,RSV00000708,2025-06-07,2025-06-12,5,650.39,191.65,842.04
596,RSV00000709,2024-10-06,2024-10-11,5,1317.79,155.7,1473.49
597,RSV00000710,2024-09-25,2024-10-01,6,353.19,153.86,507.05
598,RSV00000711,2026-03-30,2026-04-02,3,1398.93,205.76,1604.69
599,RSV00000712,2025-07-28,2025-08-01,4,969.69,195.14,1164.83
600,RSV00000713,2026-01-25,2026-01-28,3,465.62,169.65,635.27
601,RSV00000714,2024-12-06,2024-12-10,4,864.93,165.26,1030.19
602,RSV00000715,2025-02-01,2025-02-05,4,1183.62,47.96,1231.58
603,RSV00000716,2024-11-17,2024-11-18,1,639.64,187.26,826.9
604,RSV00000717,2025-08-18,2025-08-21,3,921.64,152.29,1073.93
605,RSV00000718,2025-05-03,2025-05-09,6,302.51,71.62,374.13
606,RSV00000719,2024-11-17,2024-11-21,4,1235.38,113.19,1348.57
607,RSV00000720,2025-11-01,2025-11-05,4,476.48,16.32,492.8
608,RSV00000722,2025-09-16,2025-09-21,5,583.77,151.37,735.14
609,RSV00000723,2026-05-07,2026-05-11,4,122.32,211.99,334.31
610,RSV00000724,2025-12-26,2025-12-29,3,352.53,186.57,539.1
611,RSV00000725,2025-10-08,2025-10-11,3,770.38,85.89,856.27
612,RSV00000726,2026-03-29,2026-04-02,4,876.57,222.35,1098.92
613,RSV00000727,2025-06-15,2025-06-22,7,745.09,14.29,759.38
614,RSV00000729,2025-12-01,2025-12-08,7,1021.55,109.0,1130.55
615,RSV00000730,2026-05-26,2026-05-30,4,1109.22,195.43,1304.65
616,RSV00000731,2026-05-26,2026-06-02,7,583.39,14.51,597.9
617,RSV00000732,2024-12-23,2024-12-25,2,1384.36,244.33,1628.69
618,RSV00000733,2025-10-01,2025-10-02,1,1340.94,120.7,1461.64
619,RSV00000734,2026-02-10,2026-02-14,4,1411.38,229.82,1641.2
620,RSV00000735,2025-04-11,2025-04-17,6,408.29,64.84,473.13
621,RSV00000737,2025-01-05,2025-01-11,6,205.65,184.55,390.2
622,RSV00000738,2025-04-19,2025-04-26,7,531.36,199.28,730.64
623,RSV00000739,2025-10-18,2025-10-25,7,993.55,19.83,1013.38
624,RSV00000741,2024-12-28,2025-01-01,4,773.39,100.16,873.55
625,RSV00000742,2026-06-17,2026-06-19,2,1258.92,228.58,1487.5
626,RSV00000743,2025-08-27,2025-08-31,4,374.13,85.36,459.49
627,RSV00000744,2025-06-01,2025-06-02,1,584.84,16.59,601.43
628,RSV00000745,2026-05-12,2026-05-17,5,1235.44,226.68,1462.12
629,RSV00000746,2025-12-25,2026-01-01,7,284.01,140.01,424.02
630,RSV00000747,2024-11-13,2024-11-18,5,257.58,120.91,378.49
631,RSV00000749,2025-03-20,2025-03-23,3,1327.26,242.42,1569.68
632,RSV00000750,2026-05-11,2026-05-14,3,1485.3,246.77,1732.07
633,RSV00000752,2024-09-18,2024-09-21,3,911.8,61.95,973.75
634,RSV00000753,2024-08-29,2024-09-04,6,551.21,149.95,701.16
635,RSV00000756,2025-06-19,2025-06-25,6,804.0,52.96,856.96
636,RSV00000757,2025-07-08,2025-07-09,1,973.88,92.83,1066.71
637,RSV00000758,2026-06-18,2026-06-23,5,122.17,57.39,179.56
638,RSV00000759,2024-07-23,2024-07-28,5,820.15,117.6,937.75
639,RSV00000760,2025-05-28,2025-06-01,4,825.64,235.95,1061.59
640,RSV00000761,2024-12-15,2024-12-22,7,194.55,204.01,398.56
641,RSV00000762,2024-08-01,2024-08-08,7,1325.91,177.39,1503.3
642,RSV00000763,2024-10-23,2024-10-25,2,1373.02,201.81,1574.83
643,RSV00000764,2025-12-18,2025-12-24,6,540.37,64.76,605.13
644,RSV00000765,2024-11-03,2024-11-10,7,1132.18,230.45,1362.63
645,RSV00000766,2024-06-21,2024-06-25,4,463.93,44.22,508.15
646,RSV00000767,2025-07-22,2025-07-27,5,690.05,182.08,872.13
647,RSV00000768,2026-04-03,2026-04-09,6,980.55,172.86,1153.41
648,RSV00000769,2025-10-18,2025-10-20,2,80.86,138.31,219.17
649,RSV00000770,2026-05-01,2026-05-04,3,1037.39,31.53,1068.92
650,RSV00000771,2025-03-19,2025-03-25,6,387.04,210.03,597.07
651,RSV00000773,2024-11-12,2024-11-19,7,911.42,31.44,942.86
652,RSV00000774,2024-11-12,2024-11-19,7,865.96,74.41,940.37
653,RSV00000775,2026-02-22,2026-02-24,2,551.09,79.72,630.81
654,RSV00000776,2025-01-24,2025-01-28,4,1118.78,171.76,1290.54
655,RSV00000777,2026-06-11,2026-06-12,1,1434.45,124.68,1559.13
656,RSV00000778,2024-09-05,2024-09-12,7,1029.93,83.39,1113.32
657,RSV00000779,2025-12-17,2025-12-18,1,141.92,23.66,165.58
658,RSV00000780,2025-03-05,2025-03-12,7,291.53,125.24,416.77
659,RSV00000781,2024-08-02,2024-08-03,1,898.42,128.06,1026.48
660,RSV00000783,2025-06-29,2025-07-05,6,981.64,238.12,1219.76
661,RSV00000784,2025-03-13,2025-03-17,4,210.85,242.63,453.48
662,RSV00000785,2026-01-10,2026-01-14,4,818.72,64.31,883.03
663,RSV00000786,2024-07-19,2024-07-21,2,547.3,121.87,669.17
664,RSV00000787,2026-02-07,2026-02-12,5,575.91,14.96,590.87
665,RSV00000788,2025-02-24,2025-03-02,6,213.4,28.38,241.78
666,RSV00000789,2024-07-28,2024-08-01,4,214.6,216.4,431.0
667,RSV00000790,2026-03-05,2026-03-09,4,1405.03,145.14,1550.17
668,RSV00000791,2025-10-28,2025-10-30,2,176.42,151.48,327.9
669,RSV00000792,2024-10-15,2024-10-16,1,1315.06,45.12,1360.18
670,RSV00000793,2026-05-06,2026-05-13,7,994.27,212.32,1206.59
671,RSV00000794,2025-01-27,2025-02-02,6,1147.5,167.21,1314.71
672,RSV00000795,2025-03-25,2025-03-27,2,895.36,85.5,980.86
673,RSV00000797,2025-06-08,2025-06-15,7,1279.28,183.02,1462.3
674,RSV00000798,2025-03-10,2025-03-13,3,1088.07,114.95,1203.02
675,RSV00000799,2025-07-30,2025-08-05,6,417.54,2.94,420.48
676,RSV00000800,2026-04-11,2026-04-14,3,1098.22,241.06,1339.28
677,RSV00000801,2025-02-10,2025-02-15,5,1373.43,147.55,1520.98
678,RSV00000802,2024-09-10,2024-09-12,2,1150.51,87.67,1238.18
679,RSV00000803,2026-05-12,2026-05-19,7,405.57,67.24,472.81
680,RSV00000804,2025-04-17,2025-04-23,6,1407.3,23.97,1431.27
681,RSV00000805,2024-09-19,2024-09-25,6,736.76,121.93,858.69
682,RSV00000806,2025-12-10,2025-12-16,6,968.58,58.67,1027.25
683,RSV00000807,2026-02-19,2026-02-22,3,922.32,174.79,1097.11
684,RSV00000808,2025-08-28,2025-09-04,7,928.11,172.71,1100.82
685,RSV00000809,2026-02-08,2026-02-12,4,930.62,248.71,1179.33
686,RSV00000810,2025-12-08,2025-12-11,3,480.33,170.99,651.32
687,RSV00000811,2026-04-01,2026-04-06,5,1489.25,209.44,1698.69
688,RSV00000812,2026-05-04,2026-05-10,6,624.91,126.6,751.51
689,RSV00000813,2025-11-27,2025-11-28,1,458.74,193.8,652.54
690,RSV00000814,2025-02-12,2025-02-18,6,612.76,44.39,657.15
691,RSV00000815,2025-12-01,2025-12-04,3,685.86,61.39,747.25
692,RSV00000816,2025-08-30,2025-09-01,2,1080.11,96.74,1176.85
693,RSV00000817,2025-03-12,2025-03-14,2,1047.93,63.66,1111.59
694,RSV00000819,2025-05-16,2025-05-17,1,551.4,153.43,704.83
695,RSV00000820,2024-10-13,2024-10-17,4,446.58,204.63,651.21
696,RSV00000821,2025-06-30,2025-07-05,5,134.62,205.48,340.1
697,RSV00000822,2024-10-30,2024-11-05,6,376.15,204.22,580.37
698,RSV00000823,2024-09-06,2024-09-08,2,791.03,102.94,893.97
699,RSV00000824,2026-05-28,2026-05-31,3,1264.65,47.34,1311.99
700,RSV00000827,2025-08-01,2025-08-02,1,1139.5,207.36,1346.86
701,RSV00000828,2025-08-08,2025-08-10,2,1104.08,83.68,1187.76
702,RSV00000829,2024-12-22,2024-12-27,5,371.63,168.76,540.39
703,RSV00000830,2025-02-26,2025-03-03,5,228.95,193.04,421.99
704,RSV00000831,2026-04-04,2026-04-06,2,312.24,235.89,548.13
705,RSV00000832,2025-07-18,2025-07-24,6,1235.18,94.23,1329.41
706,RSV00000833,2025-06-24,2025-06-28,4,635.25,99.46,734.71
707,RSV00000834,2025-01-20,2025-01-25,5,756.44,172.62,929.06
708,RSV00000835,2025-07-03,2025-07-08,5,783.16,181.1,964.26
709,RSV00000836,2025-03-30,2025-04-06,7,1045.82,227.48,1273.3
710,RSV00000837,2025-06-11,2025-06-16,5,835.91,78.79,914.7
711,RSV00000838,2025-04-14,2025-04-17,3,135.12,242.26,377.38
712,RSV00000839,2025-11-03,2025-11-10,7,415.06,121.35,536.41
713,RSV00000841,2025-12-06,2025-12-13,7,790.89,216.64,1007.53
714,RSV00000843,2026-01-13,2026-01-16,3,1452.52,227.57,1680.09
715,RSV00000844,2024-10-07,2024-10-11,4,790.45,78.82,869.27
716,RSV00000845,2026-04-09,2026-04-11,2,1494.65,27.21,1521.86
717,RSV00000846,2025-03-20,2025-03-24,4,815.74,107.5,923.24
718,RSV00000848,2024-12-08,2024-12-12,4,423.29,24.0,447.29
719,RSV00000849,2026-03-14,2026-03-15,1,463.47,58.42,521.89
720,RSV00000852,2025-02-23,2025-02-26,3,916.38,50.74,967.12
721,RSV00000853,2024-09-05,2024-09-08,3,90.87,43.0,133.87
722,RSV00000854,2025-01-03,2025-01-09,6,820.04,100.57,920.61
723,RSV00000855,2026-02-25,2026-03-01,4,227.22,45.04,272.26
724,RSV00000856,2025-10-05,2025-10-10,5,630.61,24.99,655.6
725,RSV00000857,2025-09-16,2025-09-22,6,798.2,62.48,860.68
726,RSV00000858,2026-04-07,2026-04-14,7,933.92,78.23,1012.15
727,RSV00000859,2025-02-15,2025-02-19,4,1005.37,4.76,1010.13
728,RSV00000860,2025-04-29,2025-05-03,4,972.53,88.87,1061.4
729,RSV00000861,2025-02-14,2025-02-17,3,1253.64,101.29,1354.93
730,RSV00000862,2024-09-29,2024-10-05,6,1393.37,53.08,1446.45
731,RSV00000863,2024-07-05,2024-07-09,4,557.53,91.29,648.82
732,RSV00000864,2024-08-17,2024-08-18,1,1058.55,43.82,1102.37
733,RSV00000865,2025-03-23,2025-03-29,6,92.88,240.23,333.11
734,RSV00000866,2025-11-08,2025-11-10,2,909.08,172.58,1081.66
735,RSV00000868,2025-11-05,2025-11-10,5,982.78,231.69,1214.47
736,RSV00000869,2025-02-03,2025-02-05,2,628.44,142.4,770.84
737,RSV00000870,2024-09-20,2024-09-21,1,1236.86,54.74,1291.6
738,RSV00000872,2026-03-11,2026-03-13,2,1015.31,200.39,1215.7
739,RSV00000874,2026-03-01,2026-03-07,6,1352.06,108.29,1460.35
740,RSV00000875,2025-05-24,2025-05-31,7,194.24,86.13,280.37
741,RSV00000876,2026-03-28,2026-04-02,5,1222.33,197.97,1420.3
742,RSV00000877,2024-09-17,2024-09-21,4,237.44,172.73,410.17
743,RSV00000878,2025-07-03,2025-07-08,5,389.53,34.05,423.58
744,RSV00000879,2024-10-20,2024-10-26,6,846.24,165.29,1011.53
745,RSV00000881,2024-06-13,2024-06-14,1,324.93,212.31,537.24
746,RSV00000882,2026-01-19,2026-01-26,7,1031.11,197.53,1228.64
747,RSV00000883,2024-08-14,2024-08-19,5,616.5,242.03,858.53
748,RSV00000884,2024-10-10,2024-10-13,3,339.82,189.94,529.76
749,RSV00000885,2024-11-30,2024-12-07,7,988.17,170.85,1159.02
750,RSV00000886,2025-04-29,2025-05-03,4,1412.87,49.08,1461.95
751,RSV00000887,2024-09-08,2024-09-13,5,1402.92,243.48,1646.4
752,RSV00000888,2024-09-20,2024-09-23,3,91.49,130.69,222.18
753,RSV00000889,2025-03-17,2025-03-18,1,355.54,85.3,440.84
754,RSV00000890,2026-01-20,2026-01-27,7,197.9,88.79,286.69
755,RSV00000892,2025-04-04,2025-04-09,5,176.13,64.82,240.95
756,RSV00000894,2025-09-21,2025-09-24,3,1318.51,71.43,1389.94
757,RSV00000895,2025-06-12,2025-06-16,4,1115.22,2.06,1117.28
758,RSV00000896,2025-09-01,2025-09-04,3,1167.77,145.99,1313.76
759,RSV00000897,2025-02-28,2025-03-01,1,870.0,177.17,1047.17
760,RSV00000898,2026-02-28,2026-03-01,1,971.6,207.92,1179.52
761,RSV00000899,2026-06-16,2026-06-19,3,476.18,120.32,596.5
762,RSV00000900,2024-08-25,2024-08-27,2,377.76,223.87,601.63
763,RSV00000901,2024-10-21,2024-10-26,5,593.54,144.52,738.06
764,RSV00000902,2024-12-09,2024-12-15,6,1367.59,136.67,1504.26
765,RSV00000903,2025-05-14,2025-05-16,2,83.99,120.76,204.75
766,RSV00000904,2026-05-19,2026-05-26,7,208.43,227.21,435.64
767,RSV00000905,2025-04-16,2025-04-22,6,1232.49,208.28,1440.77
768,RSV00000906,2024-08-06,2024-08-13,7,264.89,78.61,343.5
769,RSV00000907,2024-12-01,2024-12-02,1,1245.52,169.02,1414.54
770,RSV00000908,2024-07-17,2024-07-22,5,878.72,12.84,891.56
771,RSV00000909,2025-01-16,2025-01-18,2,169.15,34.38,203.53
772,RSV00000910,2024-11-09,2024-11-10,1,630.58,88.56,719.14
773,RSV00000912,2025-07-12,2025-07-19,7,1214.29,210.89,1425.18
774,RSV00000913,2025-05-22,2025-05-25,3,1142.02,19.51,1161.53
775,RSV00000914,2025-06-27,2025-07-04,7,1380.72,38.62,1419.34
776,RSV00000916,2025-09-08,2025-09-14,6,559.75,184.34,744.09
777,RSV00000917,2024-08-22,2024-08-27,5,836.22,218.32,1054.54
778,RSV00000918,2025-07-13,2025-07-17,4,737.28,208.47,945.75
779,RSV00000919,2026-01-29,2026-02-02,4,1090.86,122.25,1213.11
780,RSV00000920,2025-06-02,2025-06-06,4,322.39,154.5,476.89
781,RSV00000923,2025-07-13,2025-07-17,4,619.3,50.27,669.57
782,RSV00000924,2025-12-09,2025-12-14,5,1346.29,59.7,1405.99
783,RSV00000925,2025-10-15,2025-10-20,5,907.1,11.11,918.21
784,RSV00000926,2026-01-23,2026-01-27,4,119.95,48.12,168.07
785,RSV00000927,2025-12-19,2025-12-24,5,1006.71,30.42,1037.13
786,RSV00000928,2026-02-03,2026-02-07,4,1115.31,161.65,1276.96
787,RSV00000929,2025-05-24,2025-05-29,5,971.92,68.0,1039.92
788,RSV00000931,2026-04-15,2026-04-21,6,1309.65,3.65,1313.3
789,RSV00000932,2024-11-16,2024-11-19,3,696.38,150.17,846.55
790,RSV00000933,2026-05-16,2026-05-22,6,330.89,170.31,501.2
791,RSV00000934,2025-03-05,2025-03-07,2,228.24,169.98,398.22
792,RSV00000935,2024-10-15,2024-10-16,1,839.83,171.04,1010.87
793,RSV00000938,2026-05-26,2026-05-27,1,369.36,208.49,577.85
794,RSV00000939,2025-03-11,2025-03-16,5,689.0,24.33,713.33
795,RSV00000940,2025-01-20,2025-01-24,4,408.87,227.09,635.96
796,RSV00000941,2025-02-26,2025-02-28,2,1046.8,160.92,1207.72
797,RSV00000942,2025-01-03,2025-01-06,3,1299.78,174.95,1474.73
798,RSV00000943,2025-07-29,2025-08-02,4,433.23,52.22,485.45
799,RSV00000944,2025-09-18,2025-09-19,1,315.84,41.06,356.9
800,RSV00000945,2026-03-27,2026-03-28,1,380.45,231.11,611.56
801,RSV00000947,2025-04-22,2025-04-25,3,352.8,227.44,580.24
802,RSV00000949,2026-04-19,2026-04-25,6,1253.67,142.73,1396.4
803,RSV00000950,2025-05-02,2025-05-09,7,1262.55,58.16,1320.71
804,RSV00000951,2025-11-29,2025-12-03,4,1308.78,27.18,1335.96
805,RSV00000952,2024-10-20,2024-10-22,2,309.14,104.59,413.73
806,RSV00000954,2025-01-05,2025-01-09,4,631.11,122.96,754.07
807,RSV00000955,2025-10-02,2025-10-05,3,98.01,174.79,272.8
808,RSV00000956,2024-07-10,2024-07-14,4,396.27,124.52,520.79
809,RSV00000957,2025-01-16,2025-01-21,5,624.04,139.52,763.56
810,RSV00000958,2025-01-02,2025-01-06,4,884.54,142.52,1027.06
811,RSV00000959,2024-11-15,2024-11-18,3,243.07,27.1,270.17
812,RSV00000960,2025-04-05,2025-04-12,7,184.59,56.25,240.84
813,RSV00000961,2025-08-09,2025-08-11,2,291.36,54.11,345.47
814,RSV00000962,2024-12-04,2024-12-10,6,1071.71,246.84,1318.55
815,RSV00000963,2025-10-26,2025-10-27,1,197.74,182.21,379.95
816,RSV00000964,2026-01-29,2026-01-31,2,301.23,32.37,333.6
817,RSV00000965,2025-08-13,2025-08-19,6,1132.04,190.33,1322.37
818,RSV00000966,2025-11-11,2025-11-12,1,926.07,141.59,1067.66
819,RSV00000967,2026-01-04,2026-01-08,4,761.67,182.22,943.89
820,RSV00000968,2024-12-14,2024-12-19,5,506.65,111.83,618.48
821,RSV00000969,2024-11-24,2024-11-25,1,243.9,137.7,381.6
822,RSV00000970,2025-02-03,2025-02-08,5,1422.9,11.17,1434.07
823,RSV00000971,2026-05-28,2026-05-30,2,1025.26,246.17,1271.43
824,RSV00000972,2024-10-20,2024-10-21,1,241.11,248.48,489.59
825,RSV00000973,2025-12-23,2025-12-29,6,532.82,123.5,656.32
826,RSV00000974,2026-01-13,2026-01-16,3,1220.74,101.29,1322.03
827,RSV00000976,2024-08-28,2024-09-03,6,229.02,7.11,236.13
828,RSV00000977,2025-04-28,2025-05-03,5,1210.22,177.76,1387.98
829,RSV00000978,2025-04-16,2025-04-18,2,127.44,40.68,168.12
830,RSV00000979,2026-04-23,2026-04-27,4,435.95,72.21,508.16
831,RSV00000981,2025-08-15,2025-08-18,3,842.07,56.92,898.99
832,RSV00000982,2024-12-03,2024-12-08,5,170.58,207.75,378.33
833,RSV00000983,2025-02-26,2025-03-04,6,972.0,192.14,1164.14
834,RSV00000984,2024-06-11,2024-06-18,7,246.06,149.43,395.49
835,RSV00000985,2024-10-03,2024-10-07,4,1349.48,189.72,1539.2
836,RSV00000987,2024-12-27,2025-01-02,6,1152.13,23.74,1175.87
837,RSV00000988,2025-04-13,2025-04-15,2,1317.17,99.76,1416.93
838,RSV00000989,2025-11-23,2025-11-25,2,112.67,81.03,193.7
839,RSV00000990,2024-11-18,2024-11-25,7,1118.72,203.97,1322.69
840,RSV00000991,2025-11-16,2025-11-21,5,668.87,126.79,795.66
841,RSV00000992,2026-01-01,2026-01-06,5,1374.37,150.17,1524.54
842,RSV00000993,2026-03-23,2026-03-28,5,750.2,209.78,959.98
843,RSV00000994,2025-10-24,2025-10-31,7,427.3,113.58,540.88
844,RSV00000996,2024-12-20,2024-12-25,5,993.8,189.76,1183.56
845,RSV00000997,2024-10-18,2024-10-21,3,603.83,123.24,727.07
846,RSV00000998,2025-01-28,2025-02-04,7,1414.5,131.22,1545.72
847,RSV00000999,2024-09-14,2024-09-21,7,436.44,185.5,621.94
848,RSV00001001,2025-08-16,2025-08-23,7,972.1,61.47,1033.57
849,RSV00001002,2026-05-03,2026-05-07,4,636.83,236.07,872.9
850,RSV00001003,2025-11-10,2025-11-13,3,206.55,98.25,304.8
851,RSV00001005,2025-01-11,2025-01-16,5,325.95,142.97,468.92
852,RSV00001006,2025-04-20,2025-04-23,3,275.22,143.61,418.83
853,RSV00001008,2025-12-15,2025-12-18,3,685.05,47.27,732.32
854,RSV00001009,2026-02-06,2026-02-11,5,811.49,38.94,850.43
855,RSV00001012,2026-06-30,2026-07-06,6,545.65,14.08,559.73
856,RSV00001013,2024-11-25,2024-12-02,7,422.59,179.12,601.71
857,RSV00001014,2025-03-26,2025-03-27,1,419.51,97.86,517.37
858,RSV00001015,2025-03-26,2025-03-31,5,846.46,185.45,1031.91
859,RSV00001017,2025-04-10,2025-04-13,3,1115.7,152.99,1268.69
860,RSV00001018,2025-09-17,2025-09-19,2,905.67,97.64,1003.31
861,RSV00001019,2025-05-27,2025-05-31,4,1359.95,209.61,1569.56
862,RSV00001020,2024-09-06,2024-09-07,1,348.63,222.98,571.61
863,RSV00001021,2026-02-03,2026-02-10,7,456.63,134.54,591.17
864,RSV00001022,2025-01-22,2025-01-26,4,250.68,93.35,344.03
865,RSV00001023,2024-09-14,2024-09-21,7,307.07,244.94,552.01
866,RSV00001024,2025-05-05,2025-05-09,4,1301.99,164.08,1466.07
867,RSV00001025,2025-03-23,2025-03-27,4,906.17,107.08,1013.25
868,RSV00001026,2026-05-07,2026-05-13,6,492.6,117.16,609.76
869,RSV00001027,2024-12-21,2024-12-25,4,1397.92,30.9,1428.82
870,RSV00001028,2025-11-25,2025-12-02,7,409.24,150.81,560.05
871,RSV00001029,2026-04-15,2026-04-19,4,324.55,7.71,332.26
872,RSV00001031,2026-04-01,2026-04-02,1,1266.51,232.17,1498.68
873,RSV00001032,2025-12-14,2025-12-20,6,1468.42,166.54,1634.96
874,RSV00001033,2026-01-08,2026-01-12,4,836.07,127.18,963.25
875,RSV00001034,2025-03-03,2025-03-09,6,1394.5,246.25,1640.75
876,RSV00001036,2026-01-10,2026-01-14,4,756.47,218.56,975.03
877,RSV00001037,2024-10-12,2024-10-16,4,658.33,112.07,770.4
878,RSV00001038,2024-09-21,2024-09-28,7,1429.21,124.23,1553.44
879,RSV00001039,2026-03-05,2026-03-11,6,575.6,57.04,632.64
880,RSV00001040,2025-04-04,2025-04-11,7,682.86,101.34,784.2
881,RSV00001041,2025-09-27,2025-09-29,2,1021.23,172.77,1194.0
882,RSV00001042,2026-01-31,2026-02-04,4,495.4,216.3,711.7
883,RSV00001043,2025-11-03,2025-11-06,3,834.17,109.75,943.92
884,RSV00001044,2024-10-05,2024-10-12,7,555.69,163.92,719.61
885,RSV00001045,2025-02-28,2025-03-05,5,356.29,120.51,476.8
886,RSV00001046,2025-01-21,2025-01-28,7,145.03,58.58,203.61
887,RSV00001047,2024-09-01,2024-09-08,7,1224.72,32.52,1257.24
888,RSV00001048,2026-01-14,2026-01-17,3,733.9,114.44,848.34
889,RSV00001049,2025-03-31,2025-04-03,3,539.85,67.58,607.43
890,RSV00001051,2024-12-15,2024-12-20,5,1038.12,53.27,1091.39
891,RSV00001052,2025-01-02,2025-01-04,2,219.8,134.65,354.45
892,RSV00001054,2025-07-08,2025-07-15,7,249.88,13.33,263.21
893,RSV00001055,2024-11-13,2024-11-20,7,208.62,195.51,404.13
894,RSV00001057,2025-05-04,2025-05-06,2,1345.57,58.98,1404.55
895,RSV00001058,2026-06-13,2026-06-16,3,1467.98,130.01,1597.99
896,RSV00001059,2025-07-01,2025-07-04,3,958.14,229.12,1187.26
897,RSV00001060,2026-03-31,2026-04-01,1,163.13,235.94,399.07
898,RSV00001061,2025-08-29,2025-08-30,1,1345.99,169.8,1515.79
899,RSV00001062,2024-10-28,2024-11-03,6,1059.71,184.54,1244.25
900,RSV00001063,2026-05-26,2026-05-29,3,689.7,245.24,934.94
901,RSV00001064,2025-05-17,2025-05-21,4,951.36,181.63,1132.99
902,RSV00001065,2024-11-05,2024-11-06,1,1232.77,120.94,1353.71
903,RSV00001066,2024-08-01,2024-08-06,5,864.83,38.18,903.01
904,RSV00001067,2025-02-13,2025-02-16,3,652.15,129.52,781.67
905,RSV00001068,2024-12-29,2024-12-31,2,966.45,119.79,1086.24
906,RSV00001069,2025-09-11,2025-09-14,3,501.15,58.89,560.04
907,RSV00001070,2025-12-08,2025-12-13,5,677.2,54.97,732.17
908,RSV00001071,2026-03-18,2026-03-25,7,457.05,205.09,662.14
909,RSV00001072,2026-01-08,2026-01-15,7,166.18,93.69,259.87
910,RSV00001073,2025-01-23,2025-01-26,3,850.83,103.14,953.97
911,RSV00001075,2025-11-20,2025-11-27,7,1407.54,236.66,1644.2
912,RSV00001076,2024-09-03,2024-09-05,2,197.33,118.46,315.79
913,RSV00001077,2024-11-13,2024-11-20,7,779.27,114.63,893.9
914,RSV00001080,2024-07-15,2024-07-16,1,427.18,17.9,445.08
915,RSV00001081,2024-11-10,2024-11-17,7,729.93,227.96,957.89
916,RSV00001083,2024-09-23,2024-09-29,6,110.7,64.61,175.31
917,RSV00001087,2026-02-21,2026-02-28,7,970.88,97.72,1068.6
918,RSV00001088,2024-08-20,2024-08-27,7,835.19,14.18,849.37
919,RSV00001089,2025-10-30,2025-11-06,7,508.18,245.04,753.22
920,RSV00001090,2025-08-21,2025-08-22,1,1115.5,148.58,1264.08
921,RSV00001091,2025-08-30,2025-09-01,2,698.12,148.79,846.91
922,RSV00001092,2025-05-04,2025-05-08,4,1228.59,102.75,1331.34
923,RSV00001093,2025-02-15,2025-02-18,3,406.26,152.07,558.33
924,RSV00001094,2026-02-17,2026-02-19,2,1396.57,195.52,1592.09
925,RSV00001095,2026-01-20,2026-01-26,6,247.0,29.13,276.13
926,RSV00001096,2025-06-08,2025-06-11,3,199.09,201.38,400.47
927,RSV00001097,2024-08-22,2024-08-24,2,1344.07,88.23,1432.3
928,RSV00001098,2025-06-16,2025-06-23,7,745.46,207.78,953.24
929,RSV00001099,2025-06-30,2025-07-01,1,200.32,174.63,374.95
930,RSV00001101,2025-09-19,2025-09-24,5,940.61,67.3,1007.91
931,RSV00001102,2025-05-09,2025-05-10,1,1068.72,164.63,1233.35
932,RSV00001103,2026-01-27,2026-01-31,4,487.73,166.68,654.41
933,RSV00001104,2024-06-23,2024-06-30,7,1201.28,206.02,1407.3
934,RSV00001105,2025-12-27,2026-01-01,5,819.88,35.89,855.77
935,RSV00001106,2026-05-20,2026-05-26,6,381.3,96.72,478.02
936,RSV00001107,2026-01-09,2026-01-16,7,306.77,102.46,409.23
937,RSV00001108,2024-12-26,2024-12-28,2,1469.77,119.6,1589.37
938,RSV00001109,2026-03-30,2026-04-01,2,321.19,188.41,509.6
939,RSV00001110,2025-05-23,2025-05-27,4,1272.81,16.33,1289.14
940,RSV00001111,2024-08-23,2024-08-29,6,624.3,76.91,701.21
941,RSV00001112,2025-01-22,2025-01-25,3,563.52,6.47,569.99
942,RSV00001113,2024-12-09,2024-12-12,3,1043.3,133.16,1176.46
943,RSV00001114,2024-09-08,2024-09-11,3,1457.55,147.67,1605.22
944,RSV00001115,2024-11-09,2024-11-12,3,960.79,39.47,1000.26
945,RSV00001116,2024-08-26,2024-08-28,2,1194.88,132.4,1327.28
946,RSV00001117,2025-04-04,2025-04-06,2,856.72,4.06,860.78
947,RSV00001118,2026-04-20,2026-04-21,1,862.82,204.36,1067.18
948,RSV00001119,2025-09-12,2025-09-16,4,825.09,167.61,992.7
949,RSV00001120,2025-08-10,2025-08-11,1,1250.27,247.14,1497.41
950,RSV00001121,2024-06-18,2024-06-19,1,1275.43,164.69,1440.12
951,RSV00001122,2025-03-19,2025-03-21,2,848.49,160.57,1009.06
952,RSV00001123,2024-10-21,2024-10-28,7,1215.15,77.36,1292.51
953,RSV00001125,2026-03-21,2026-03-24,3,666.38,212.62,879.0
954,RSV00001126,2026-05-01,2026-05-07,6,248.67,65.21,313.88
955,RSV00001127,2025-08-29,2025-09-05,7,1325.65,182.67,1508.32
956,RSV00001128,2025-02-02,2025-02-03,1,465.01,103.49,568.5
957,RSV00001130,2026-01-11,2026-01-15,4,1407.1,108.01,1515.11
958,RSV00001131,2024-09-30,2024-10-07,7,297.47,94.52,391.99
959,RSV00001132,2024-10-27,2024-10-29,2,115.36,135.62,250.98
960,RSV00001133,2024-08-02,2024-08-07,5,129.52,202.44,331.96
961,RSV00001135,2024-10-26,2024-10-30,4,1192.23,170.4,1362.63
962,RSV00001136,2026-03-24,2026-03-28,4,572.63,242.92,815.55
963,RSV00001137,2025-12-24,2025-12-31,7,677.39,68.09,745.48
964,RSV00001138,2024-08-26,2024-08-30,4,1077.62,241.7,1319.32
965,RSV00001140,2024-12-30,2024-12-31,1,1453.7,42.94,1496.64
966,RSV00001141,2025-02-10,2025-02-15,5,887.64,17.89,905.53
967,RSV00001142,2024-12-03,2024-12-05,2,1177.31,108.73,1286.04
968,RSV00001143,2025-08-22,2025-08-25,3,1234.68,55.8,1290.48
969,RSV00001144,2025-04-10,2025-04-12,2,88.29,13.37,101.66
970,RSV00001146,2025-01-10,2025-01-13,3,358.2,248.49,606.69
971,RSV00001147,2026-03-22,2026-03-27,5,86.79,242.1,328.89
972,RSV00001148,2024-08-24,2024-08-31,7,238.65,208.02,446.67
973,RSV00001149,2025-02-22,2025-03-01,7,1427.96,33.07,1461.03
974,RSV00001150,2025-02-22,2025-02-26,4,1027.15,184.32,1211.47
975,RSV00001152,2024-10-30,2024-11-04,5,522.4,172.52,694.92
976,RSV00001153,2024-07-11,2024-07-12,1,714.16,231.27,945.43
977,RSV00001155,2024-10-05,2024-10-08,3,1375.91,71.42,1447.33
978,RSV00001156,2026-02-02,2026-02-07,5,1112.87,153.4,1266.27
979,RSV00001157,2025-11-24,2025-11-30,6,1144.81,226.58,1371.39
980,RSV00001158,2025-11-25,2025-12-02,7,256.41,56.19,312.6
981,RSV00001159,2025-05-17,2025-05-18,1,777.94,32.63,810.57
982,RSV00001160,2024-11-24,2024-11-30,6,903.56,126.1,1029.66
983,RSV00001161,2025-01-18,2025-01-24,6,227.38,189.51,416.89
984,RSV00001162,2024-09-22,2024-09-29,7,1397.67,102.88,1500.55
985,RSV00001164,2026-02-22,2026-02-25,3,1174.72,91.08,1265.8
986,RSV00001165,2025-03-03,2025-03-07,4,597.58,162.27,759.85
987,RSV00001167,2024-09-05,2024-09-11,6,1445.78,226.88,1672.66
988,RSV00001168,2025-03-03,2025-03-05,2,656.21,44.36,700.57
989,RSV00001169,2025-01-26,2025-02-02,7,430.96,65.07,496.03
990,RSV00001170,2025-04-01,2025-04-05,4,1275.27,239.67,1514.94
991,RSV00001171,2024-08-25,2024-09-01,7,1001.07,163.73,1164.8
992,RSV00001172,2024-12-12,2024-12-17,5,348.39,157.3,505.69
993,RSV00001173,2024-11-23,2024-11-29,6,1080.05,177.64,1257.69
994,RSV00001174,2026-01-15,2026-01-18,3,974.78,83.08,1057.86
995,RSV00001175,2026-05-30,2026-06-03,4,1229.92,131.9,1361.82
996,RSV00001176,2025-10-20,2025-10-26,6,709.23,166.78,876.01
997,RSV00001177,2025-04-08,2025-04-10,2,1289.25,206.56,1495.81
998,RSV00001178,2025-02-03,2025-02-07,4,149.83,12.87,162.7
999,RSV00001179,2024-08-14,2024-08-16,2,534.04,14.54,548.58
1000,RSV00001180,2024-09-23,2024-09-24,1,925.59,164.15,1089.74
1001,RSV00001181,2024-12-07,2024-12-08,1,1015.73,5.83,1021.56
1002,RSV00001182,2024-11-11,2024-11-16,5,352.11,177.46,529.57
1003,RSV00001183,2024-10-19,2024-10-24,5,1241.65,146.84,1388.49
1004,RSV00001184,2025-02-11,2025-02-14,3,1316.39,177.2,1493.59
1005,RSV00001185,2025-07-22,2025-07-28,6,1280.3,242.68,1522.98
1006,RSV00001186,2024-06-06,2024-06-10,4,284.96,164.58,449.54
1007,RSV00001187,2025-01-16,2025-01-21,5,1148.78,196.85,1345.63
1008,RSV00001188,2024-09-18,2024-09-22,4,867.17,58.77,925.94
1009,RSV00001189,2025-08-16,2025-08-18,2,133.85,94.18,228.03
1010,RSV00001190,2025-02-27,2025-03-02,3,1323.06,142.48,1465.54
1011,RSV00001191,2026-06-27,2026-06-29,2,219.78,9.64,229.42
1012,RSV00001192,2024-12-27,2024-12-28,1,523.76,158.98,682.74
1013,RSV00001193,2025-08-05,2025-08-07,2,681.53,246.21,927.74
1014,RSV00001194,2025-03-26,2025-03-28,2,482.12,67.76,549.88
1015,RSV00001196,2024-10-28,2024-11-04,7,1297.47,85.03,1382.5
1016,RSV00001197,2025-08-28,2025-09-02,5,979.26,202.13,1181.39
1017,RSV00001200,2024-07-28,2024-07-30,2,1123.3,32.44,1155.74
1018,RSV00001201,2025-10-16,2025-10-21,5,419.09,241.6,660.69
1019,RSV00001202,2024-10-26,2024-10-31,5,860.68,83.62,944.3
1020,RSV00001203,2026-06-20,2026-06-21,1,1291.92,71.75,1363.67
1021,RSV00001204,2025-08-01,2025-08-03,2,1185.34,168.99,1354.33
1022,RSV00001205,2026-03-27,2026-04-02,6,1470.09,74.03,1544.12
1023,RSV00001206,2026-03-04,2026-03-08,4,595.98,226.82,822.8
1024,RSV00001207,2026-05-11,2026-05-18,7,1289.47,122.52,1411.99
1025,RSV00001209,2025-07-14,2025-07-18,4,1397.7,216.24,1613.94
1026,RSV00001211,2025-08-08,2025-08-12,4,435.7,158.62,594.32
1027,RSV00001212,2025-01-05,2025-01-06,1,1233.65,22.45,1256.1
1028,RSV00001213,2025-09-03,2025-09-06,3,713.7,168.69,882.39
1029,RSV00001214,2025-09-07,2025-09-12,5,405.62,57.88,463.5
1030,RSV00001215,2024-12-18,2024-12-19,1,1292.61,219.43,1512.04
1031,RSV00001216,2025-06-28,2025-07-02,4,180.84,247.11,427.95
1032,RSV00001217,2024-11-21,2024-11-25,4,796.3,77.63,873.93
1033,RSV00001218,2025-04-02,2025-04-04,2,427.15,30.17,457.32
1034,RSV00001219,2025-03-10,2025-03-16,6,1374.88,151.49,1526.37
1035,RSV00001220,2025-08-21,2025-08-24,3,148.26,247.57,395.83
1036,RSV00001221,2025-03-13,2025-03-14,1,1004.43,100.96,1105.39
1037,RSV00001223,2025-02-20,2025-02-25,5,139.79,36.03,175.82
1038,RSV00001224,2025-04-17,2025-04-23,6,395.4,94.21,489.61
1039,RSV00001225,2026-04-11,2026-04-17,6,1358.7,66.92,1425.62
1040,RSV00001226,2026-02-18,2026-02-20,2,1318.05,115.76,1433.81
1041,RSV00001227,2026-04-14,2026-04-17,3,664.03,62.09,726.12
1042,RSV00001228,2024-07-14,2024-07-19,5,883.41,114.44,997.85
1043,RSV00001229,2025-04-20,2025-04-27,7,141.97,49.58,191.55
1044,RSV00001230,2026-04-11,2026-04-14,3,767.98,233.93,1001.91
1045,RSV00001232,2025-08-11,2025-08-18,7,195.57,123.35,318.92
1046,RSV00001233,2025-03-01,2025-03-07,6,1230.13,141.12,1371.25
1047,RSV00001234,2025-04-05,2025-04-09,4,593.05,152.77,745.82
1048,RSV00001235,2026-02-03,2026-02-08,5,1493.46,72.41,1565.87
1049,RSV00001236,2025-06-05,2025-06-08,3,332.55,3.06,335.61
1050,RSV00001237,2026-05-18,2026-05-25,7,301.08,193.9,494.98
1051,RSV00001238,2026-03-08,2026-03-15,7,1034.16,27.43,1061.59
1052,RSV00001239,2025-09-05,2025-09-11,6,1321.78,30.85,1352.63
1053,RSV00001241,2025-12-13,2025-12-16,3,818.9,95.71,914.61
1054,RSV00001242,2024-09-07,2024-09-12,5,855.67,80.91,936.58
1055,RSV00001243,2026-01-13,2026-01-14,1,559.72,105.97,665.69
1056,RSV00001244,2024-07-14,2024-07-16,2,447.14,195.94,643.08
1057,RSV00001245,2025-01-04,2025-01-09,5,250.15,87.59,337.74
1058,RSV00001246,2024-11-19,2024-11-23,4,512.25,156.97,669.22
1059,RSV00001248,2025-07-20,2025-07-22,2,1129.61,239.02,1368.63
1060,RSV00001250,2026-01-23,2026-01-25,2,748.18,227.12,975.3
1061,RSV00001251,2025-01-22,2025-01-28,6,1295.07,25.39,1320.46
1062,RSV00001252,2024-10-04,2024-10-05,1,801.87,83.79,885.66
1063,RSV00001253,2024-10-12,2024-10-13,1,1203.36,3.44,1206.8
1064,RSV00001254,2025-04-07,2025-04-10,3,626.84,201.25,828.09
1065,RSV00001255,2024-07-11,2024-07-17,6,449.69,7.28,456.97
1066,RSV00001256,2024-12-13,2024-12-14,1,956.21,24.52,980.73
1067,RSV00001257,2025-04-05,2025-04-09,4,1416.82,2.79,1419.61
1068,RSV00001258,2025-04-09,2025-04-10,1,834.76,96.35,931.11
1069,RSV00001259,2025-06-19,2025-06-26,7,1050.3,244.7,1295.0
1070,RSV00001260,2026-04-28,2026-05-01,3,846.01,15.94,861.95
1071,RSV00001261,2026-02-10,2026-02-17,7,1222.9,119.37,1342.27
1072,RSV00001262,2024-12-28,2025-01-04,7,591.62,100.19,691.81
1073,RSV00001263,2025-08-19,2025-08-22,3,382.64,3.17,385.81
1074,RSV00001264,2025-03-12,2025-03-19,7,910.67,31.86,942.53
1075,RSV00001268,2024-11-06,2024-11-07,1,677.45,21.18,698.63
1076,RSV00001269,2024-12-03,2024-12-10,7,723.63,248.0,971.63
1077,RSV00001270,2024-08-13,2024-08-16,3,714.49,172.68,887.17
1078,RSV00001271,2025-02-21,2025-02-26,5,492.81,67.06,559.87
1079,RSV00001272,2025-11-07,2025-11-13,6,102.92,25.35,128.27
1080,RSV00001273,2025-09-26,2025-09-30,4,1090.87,148.61,1239.48
1081,RSV00001274,2024-07-16,2024-07-19,3,251.33,107.03,358.36
1082,RSV00001275,2024-10-20,2024-10-21,1,1373.15,222.86,1596.01
1083,RSV00001276,2025-12-19,2025-12-20,1,1350.67,194.2,1544.87
1084,RSV00001277,2025-11-19,2025-11-21,2,472.76,187.17,659.93
1085,RSV00001278,2024-12-08,2024-12-15,7,1328.86,96.16,1425.02
1086,RSV00001279,2025-09-05,2025-09-08,3,282.11,237.76,519.87
1087,RSV00001280,2025-11-16,2025-11-23,7,699.78,18.01,717.79
1088,RSV00001281,2026-01-02,2026-01-07,5,724.81,69.06,793.87
1089,RSV00001282,2025-05-24,2025-05-27,3,142.23,166.85,309.08
1090,RSV00001284,2025-12-14,2025-12-18,4,1288.36,86.77,1375.13
1091,RSV00001287,2026-07-17,2026-07-20,3,647.33,198.4,845.73
1092,RSV00001288,2025-06-05,2025-06-10,5,1320.27,76.83,1397.1
1093,RSV00001289,2025-12-26,2025-12-27,1,875.03,53.65,928.68
1094,RSV00001290,2025-12-10,2025-12-15,5,1047.03,57.94,1104.97
1095,RSV00001292,2025-09-15,2025-09-18,3,325.41,206.5,531.91
1096,RSV00001293,2026-06-14,2026-06-15,1,364.86,176.58,541.44
1097,RSV00001294,2025-09-05,2025-09-08,3,1175.69,231.76,1407.45
1098,RSV00001295,2024-10-20,2024-10-22,2,1180.32,170.6,1350.92
1099,RSV00001296,2024-09-30,2024-10-02,2,777.6,136.01,913.61
1100,RSV00001297,2025-10-03,2025-10-05,2,1090.36,23.79,1114.15
1101,RSV00001299,2025-03-10,2025-03-13,3,957.02,13.58,970.6
1102,RSV00001300,2026-02-07,2026-02-11,4,476.67,181.41,658.08
1103,RSV00001301,2025-09-27,2025-09-29,2,836.66,73.99,910.65
1104,RSV00001302,2024-11-12,2024-11-13,1,1281.24,46.67,1327.91
1105,RSV00001303,2026-04-12,2026-04-19,7,741.77,19.25,761.02
1106,RSV00001304,2024-08-03,2024-08-05,2,1227.14,149.92,1377.06
1107,RSV00001305,2024-11-09,2024-11-16,7,1321.81,149.76,1471.57
1108,RSV00001307,2025-11-17,2025-11-19,2,1293.78,202.68,1496.46
1109,RSV00001308,2025-09-04,2025-09-06,2,423.63,227.25,650.88
1110,RSV00001310,2025-06-20,2025-06-26,6,393.8,6.36,400.16
1111,RSV00001311,2025-07-15,2025-07-22,7,210.3,24.58,234.88
1112,RSV00001312,2026-03-23,2026-03-25,2,701.98,32.12,734.1
1113,RSV00001313,2026-03-11,2026-03-14,3,199.27,9.98,209.25
1114,RSV00001314,2025-02-16,2025-02-18,2,783.5,93.49,876.99
1115,RSV00001315,2026-01-18,2026-01-24,6,265.88,143.98,409.86
1116,RSV00001316,2026-02-27,2026-03-05,6,1033.54,82.23,1115.77
1117,RSV00001317,2026-02-18,2026-02-23,5,191.1,173.61,364.71
1118,RSV00001319,2026-05-04,2026-05-09,5,1159.61,86.08,1245.69
1119,RSV00001320,2025-12-03,2025-12-04,1,1337.86,111.51,1449.37
1120,RSV00001321,2025-03-21,2025-03-25,4,308.55,150.89,459.44
1121,RSV00001322,2024-09-23,2024-09-25,2,1165.85,73.42,1239.27
1122,RSV00001323,2025-05-23,2025-05-28,5,1373.4,71.65,1445.05
1123,RSV00001324,2025-12-11,2025-12-12,1,704.73,101.87,806.6
1124,RSV00001325,2026-07-02,2026-07-09,7,1169.72,112.63,1282.35
1125,RSV00001327,2025-06-25,2025-06-29,4,280.77,147.31,428.08
1126,RSV00001328,2024-08-23,2024-08-26,3,498.88,246.18,745.06
1127,RSV00001329,2025-09-14,2025-09-19,5,362.65,72.93,435.58
1128,RSV00001330,2025-08-21,2025-08-23,2,285.1,208.47,493.57
1129,RSV00001332,2025-12-04,2025-12-10,6,501.66,161.36,663.02
1130,RSV00001333,2026-02-15,2026-02-18,3,1223.81,35.5,1259.31
1131,RSV00001334,2025-03-20,2025-03-25,5,690.79,72.4,763.19
1132,RSV00001336,2026-03-19,2026-03-20,1,762.55,127.75,890.3
1133,RSV00001337,2025-09-14,2025-09-18,4,1059.94,224.31,1284.25
1134,RSV00001338,2026-01-17,2026-01-23,6,569.18,114.33,683.51
1135,RSV00001339,2025-01-09,2025-01-11,2,1422.57,48.01,1470.58
1136,RSV00001340,2026-01-11,2026-01-17,6,1361.56,37.46,1399.02
1137,RSV00001341,2024-06-18,2024-06-24,6,1406.28,181.57,1587.85
1138,RSV00001342,2026-01-16,2026-01-21,5,823.72,32.32,856.04
1139,RSV00001343,2025-05-24,2025-05-25,1,1199.16,91.02,1290.18
1140,RSV00001344,2025-06-15,2025-06-22,7,664.68,109.66,774.34
1141,RSV00001345,2025-07-29,2025-08-01,3,759.41,61.29,820.7
1142,RSV00001347,2024-11-10,2024-11-12,2,1184.17,98.04,1282.21
1143,RSV00001348,2025-06-03,2025-06-10,7,339.05,42.58,381.63
1144,RSV00001349,2025-07-26,2025-07-28,2,177.67,128.17,305.84
1145,RSV00001350,2026-06-15,2026-06-21,6,465.32,31.9,497.22
1146,RSV00001351,2024-08-15,2024-08-20,5,265.98,10.52,276.5
1147,RSV00001352,2025-03-06,2025-03-07,1,498.36,95.5,593.86
1148,RSV00001354,2025-12-08,2025-12-09,1,432.5,205.43,637.93
1149,RSV00001355,2025-08-16,2025-08-23,7,559.81,144.65,704.46
1150,RSV00001356,2026-02-20,2026-02-21,1,545.36,211.67,757.03
1151,RSV00001357,2025-11-05,2025-11-10,5,683.69,145.87,829.56
1152,RSV00001359,2025-04-18,2025-04-22,4,124.64,181.78,306.42
1153,RSV00001360,2024-10-31,2024-11-03,3,940.83,29.68,970.51
1154,RSV00001361,2026-06-20,2026-06-25,5,1179.96,36.66,1216.62
1155,RSV00001362,2024-10-25,2024-11-01,7,807.06,65.19,872.25
1156,RSV00001363,2024-08-24,2024-08-26,2,1268.39,6.17,1274.56
1157,RSV00001364,2024-10-30,2024-10-31,1,1006.77,75.02,1081.79
1158,RSV00001365,2026-02-12,2026-02-14,2,819.65,156.84,976.49
1159,RSV00001367,2025-01-20,2025-01-25,5,1115.74,116.81,1232.55
1160,RSV00001368,2026-03-07,2026-03-12,5,555.32,204.33,759.65
1161,RSV00001369,2024-09-17,2024-09-18,1,216.5,139.39,355.89
1162,RSV00001370,2024-12-24,2024-12-27,3,350.47,50.79,401.26
1163,RSV00001371,2025-10-28,2025-11-04,7,537.75,230.33,768.08
1164,RSV00001372,2025-05-12,2025-05-15,3,113.46,90.69,204.15
1165,RSV00001373,2026-01-01,2026-01-05,4,701.65,29.42,731.07
1166,RSV00001374,2024-11-10,2024-11-17,7,1182.28,77.8,1260.08
1167,RSV00001375,2024-08-18,2024-08-19,1,667.64,232.43,900.07
1168,RSV00001376,2024-09-14,2024-09-17,3,739.57,134.47,874.04
1169,RSV00001378,2024-09-07,2024-09-09,2,494.47,238.6,733.07
1170,RSV00001379,2025-04-29,2025-05-04,5,804.05,37.6,841.65
1171,RSV00001380,2025-06-28,2025-07-05,7,1215.42,219.55,1434.97
1172,RSV00001381,2024-11-28,2024-12-03,5,92.5,168.62,261.12
1173,RSV00001382,2024-08-07,2024-08-11,4,276.55,72.08,348.63
1174,RSV00001383,2026-06-27,2026-06-29,2,927.56,185.1,1112.66
1175,RSV00001384,2024-10-15,2024-10-17,2,736.1,80.57,816.67
1176,RSV00001385,2026-02-13,2026-02-19,6,1096.54,206.97,1303.51
1177,RSV00001386,2025-11-20,2025-11-21,1,823.72,149.79,973.51
1178,RSV00001387,2026-06-27,2026-07-01,4,251.49,116.51,368.0
1179,RSV00001388,2026-06-20,2026-06-26,6,1316.66,24.64,1341.3
1180,RSV00001389,2025-06-08,2025-06-13,5,141.2,238.5,379.7
1181,RSV00001390,2026-02-14,2026-02-21,7,813.3,98.99,912.29
1182,RSV00001391,2024-10-22,2024-10-27,5,974.59,67.04,1041.63
1183,RSV00001392,2025-03-15,2025-03-19,4,616.83,4.42,621.25
1184,RSV00001393,2025-11-06,2025-11-08,2,907.98,219.02,1127.0
1185,RSV00001394,2026-03-13,2026-03-15,2,568.09,165.63,733.72
1186,RSV00001395,2025-04-22,2025-04-27,5,394.94,197.07,592.01
1187,RSV00001396,2026-04-17,2026-04-20,3,558.98,108.16,667.14
1188,RSV00001397,2025-11-05,2025-11-12,7,767.96,40.58,808.54
1189,RSV00001398,2026-01-07,2026-01-09,2,620.17,83.2,703.37
1190,RSV00001399,2026-03-22,2026-03-29,7,1054.91,108.87,1163.78
1191,RSV00001401,2024-10-02,2024-10-09,7,778.84,208.76,987.6
1192,RSV00001402,2025-09-27,2025-09-29,2,81.86,205.79,287.65
1193,RSV00001403,2025-05-03,2025-05-10,7,766.73,156.32,923.05
1194,RSV00001404,2025-12-16,2025-12-20,4,1399.07,249.67,1648.74
1195,RSV00001405,2025-04-06,2025-04-12,6,1157.34,237.98,1395.32
1196,RSV00001406,2025-08-09,2025-08-11,2,398.73,98.4,497.13
1197,RSV00001407,2026-05-11,2026-05-12,1,854.84,11.69,866.53
1198,RSV00001408,2025-05-21,2025-05-26,5,460.21,20.55,480.76
1199,RSV00001409,2024-12-17,2024-12-20,3,763.45,37.42,800.87
1200,RSV00001410,2026-04-12,2026-04-14,2,206.36,193.85,400.21
1201,RSV00001411,2025-12-19,2025-12-20,1,1355.74,160.9,1516.64
1202,RSV00001412,2025-08-13,2025-08-18,5,706.43,217.03,923.46
1203,RSV00001413,2025-05-24,2025-05-30,6,487.49,31.41,518.9
1204,RSV00001414,2026-04-18,2026-04-20,2,230.32,72.34,302.66
1205,RSV00001415,2025-01-20,2025-01-24,4,1336.28,74.89,1411.17
1206,RSV00001417,2024-08-21,2024-08-27,6,1195.28,24.32,1219.6
1207,RSV00001418,2026-02-22,2026-02-28,6,844.47,185.77,1030.24
1208,RSV00001419,2025-02-23,2025-03-02,7,1112.02,54.76,1166.78
1209,RSV00001420,2024-06-10,2024-06-12,2,1246.36,120.45,1366.81
1210,RSV00001421,2026-06-01,2026-06-04,3,1455.25,208.37,1663.62
1211,RSV00001422,2025-03-12,2025-03-18,6,1063.54,143.58,1207.12
1212,RSV00001423,2025-09-15,2025-09-21,6,846.9,164.92,1011.82
1213,RSV00001424,2026-02-19,2026-02-24,5,291.07,240.73,531.8
1214,RSV00001425,2025-04-23,2025-04-30,7,1314.5,132.7,1447.2
1215,RSV00001426,2025-12-12,2025-12-19,7,417.42,71.45,488.87
1216,RSV00001427,2025-02-04,2025-02-08,4,776.39,216.93,993.32
1217,RSV00001428,2025-08-12,2025-08-16,4,568.54,75.62,644.16
1218,RSV00001429,2024-11-15,2024-11-19,4,1082.79,140.84,1223.63
1219,RSV00001430,2025-02-24,2025-02-26,2,658.75,165.07,823.82
1220,RSV00001431,2025-08-04,2025-08-05,1,1349.26,231.86,1581.12
1221,RSV00001432,2026-03-31,2026-04-05,5,132.64,67.65,200.29
1222,RSV00001433,2024-11-27,2024-12-04,7,198.11,126.65,324.76
1223,RSV00001434,2024-12-29,2025-01-04,6,962.25,15.65,977.9
1224,RSV00001435,2026-04-25,2026-05-01,6,354.24,42.96,397.2
1225,RSV00001436,2025-03-16,2025-03-22,6,434.14,4.62,438.76
1226,RSV00001437,2026-03-27,2026-03-28,1,415.58,249.32,664.9
1227,RSV00001438,2026-03-12,2026-03-19,7,496.14,65.23,561.37
1228,RSV00001439,2026-03-19,2026-03-26,7,1133.78,171.53,1305.31
1229,RSV00001440,2024-08-29,2024-09-02,4,516.18,118.55,634.73
1230,RSV00001441,2025-04-23,2025-04-30,7,744.87,192.54,937.41
1231,RSV00001442,2026-05-02,2026-05-03,1,1248.27,209.56,1457.83
1232,RSV00001443,2025-11-20,2025-11-27,7,276.78,154.22,431.0
1233,RSV00001445,2024-06-27,2024-06-28,1,174.6,107.75,282.35
1234,RSV00001446,2026-06-26,2026-06-30,4,1176.32,62.16,1238.48
1235,RSV00001448,2025-02-11,2025-02-18,7,451.39,28.08,479.47
1236,RSV00001450,2025-09-24,2025-09-27,3,923.48,54.21,977.69
1237,RSV00001451,2025-03-28,2025-03-31,3,1227.74,36.1,1263.84
1238,RSV00001452,2026-06-25,2026-06-30,5,733.52,61.14,794.66
1239,RSV00001453,2024-09-06,2024-09-09,3,321.43,8.04,329.47
1240,RSV00001454,2025-07-13,2025-07-14,1,1485.29,217.18,1702.47
1241,RSV00001455,2026-07-01,2026-07-03,2,261.1,175.29,436.39
1242,RSV00001456,2025-12-28,2026-01-01,4,1271.87,61.73,1333.6
1243,RSV00001457,2024-12-20,2024-12-22,2,1122.66,235.51,1358.17
1244,RSV00001458,2024-07-09,2024-07-12,3,583.13,45.89,629.02
1245,RSV00001459,2025-02-01,2025-02-06,5,573.07,47.68,620.75
1246,RSV00001460,2026-07-01,2026-07-05,4,1084.61,241.79,1326.4
1247,RSV00001461,2025-10-15,2025-10-21,6,438.65,189.17,627.82
1248,RSV00001462,2025-02-28,2025-03-05,5,357.38,34.02,391.4
1249,RSV00001463,2025-03-10,2025-03-15,5,208.21,200.13,408.34
1250,RSV00001464,2025-10-19,2025-10-26,7,1249.66,40.62,1290.28
1251,RSV00001466,2026-01-27,2026-01-29,2,1442.42,204.28,1646.7
1252,RSV00001467,2024-06-03,2024-06-09,6,706.77,30.18,736.95
1253,RSV00001468,2025-07-16,2025-07-22,6,211.83,41.94,253.77
1254,RSV00001470,2025-06-16,2025-06-19,3,442.89,81.73,524.62
1255,RSV00001471,2026-02-13,2026-02-14,1,1329.15,181.02,1510.17
1256,RSV00001472,2026-02-09,2026-02-12,3,813.25,67.78,881.03
1257,RSV00001473,2026-06-20,2026-06-27,7,789.84,171.45,961.29
1258,RSV00001474,2026-05-03,2026-05-06,3,353.02,124.2,477.22
1259,RSV00001475,2025-03-09,2025-03-13,4,124.81,201.87,326.68
1260,RSV00001476,2025-06-09,2025-06-13,4,1261.52,239.0,1500.52
1261,RSV00001477,2025-08-14,2025-08-19,5,1004.84,65.74,1070.58
1262,RSV00001478,2026-03-30,2026-04-05,6,928.57,159.69,1088.26
1263,RSV00001479,2025-04-17,2025-04-23,6,1336.99,103.24,1440.23
1264,RSV00001480,2025-01-24,2025-01-27,3,692.15,157.93,850.08
1265,RSV00001481,2025-09-03,2025-09-05,2,644.31,69.92,714.23
1266,RSV00001482,2025-09-05,2025-09-07,2,340.31,133.1,473.41
1267,RSV00001483,2024-08-20,2024-08-24,4,234.28,145.91,380.19
1268,RSV00001486,2024-07-24,2024-07-27,3,296.18,190.82,487.0
1269,RSV00001487,2026-01-14,2026-01-21,7,1329.09,247.17,1576.26
1270,RSV00001488,2025-01-22,2025-01-26,4,424.46,82.26,506.72
1271,RSV00001489,2024-09-15,2024-09-20,5,91.27,102.32,193.59
1272,RSV00001491,2025-10-25,2025-10-30,5,1479.54,233.64,1713.18
1273,RSV00001492,2026-03-26,2026-04-02,7,164.5,57.41,221.91
1274,RSV00001493,2025-01-17,2025-01-21,4,1203.91,205.4,1409.31
1275,RSV00001495,2026-01-28,2026-01-30,2,448.19,125.8,573.99
1276,RSV00001496,2024-11-20,2024-11-22,2,481.78,237.86,719.64
1277,RSV00001497,2024-10-09,2024-10-16,7,645.59,213.45,859.04
1278,RSV00001498,2025-01-14,2025-01-18,4,747.45,179.06,926.51
1279,RSV00001499,2026-05-09,2026-05-16,7,591.89,189.53,781.42
1280,RSV00001500,2025-03-18,2025-03-24,6,347.03,134.97,482.0
1281,RSV00001501,2025-05-16,2025-05-22,6,389.65,85.95,475.6
1282,RSV00001502,2026-06-16,2026-06-20,4,835.81,123.9,959.71
1283,RSV00001503,2024-12-28,2025-01-03,6,869.45,72.84,942.29
1284,RSV00001504,2026-01-13,2026-01-18,5,101.55,10.15,111.7
1285,RSV00001505,2025-05-30,2025-05-31,1,1341.49,229.06,1570.55
1286,RSV00001506,2024-08-30,2024-09-05,6,868.97,169.54,1038.51
1287,RSV00001507,2025-05-19,2025-05-22,3,1389.68,44.06,1433.74
1288,RSV00001508,2025-03-10,2025-03-14,4,200.15,108.94,309.09
1289,RSV00001509,2025-07-29,2025-08-03,5,1359.52,136.02,1495.54
1290,RSV00001510,2025-07-07,2025-07-10,3,1461.1,138.13,1599.23
1291,RSV00001511,2025-12-15,2025-12-17,2,1294.63,179.56,1474.19
1292,RSV00001512,2025-09-19,2025-09-22,3,392.99,7.77,400.76
1293,RSV00001515,2025-01-21,2025-01-23,2,341.42,176.12,517.54
1294,RSV00001516,2024-12-29,2024-12-30,1,548.37,62.6,610.97
1295,RSV00001518,2025-04-08,2025-04-12,4,235.58,102.67,338.25
1296,RSV00001520,2025-07-27,2025-08-01,5,736.61,54.58,791.19
1297,RSV00001521,2026-05-15,2026-05-21,6,92.63,80.47,173.1
1298,RSV00001523,2025-08-17,2025-08-22,5,1054.34,237.92,1292.26
1299,RSV00001524,2025-01-05,2025-01-06,1,1241.2,171.75,1412.95
1300,RSV00001525,2026-06-21,2026-06-26,5,894.12,59.93,954.05
1301,RSV00001526,2024-08-13,2024-08-16,3,1184.22,179.7,1363.92
1302,RSV00001527,2026-06-19,2026-06-22,3,854.97,93.98,948.95
1303,RSV00001528,2025-06-27,2025-07-03,6,1347.61,123.37,1470.98
1304,RSV00001529,2026-03-08,2026-03-13,5,278.22,153.97,432.19
1305,RSV00001530,2024-10-20,2024-10-25,5,728.74,1.13,729.87
1306,RSV00001531,2025-04-06,2025-04-07,1,951.87,160.49,1112.36
1307,RSV00001532,2025-01-01,2025-01-03,2,1074.79,28.02,1102.81
1308,RSV00001533,2024-08-01,2024-08-06,5,873.88,71.54,945.42
1309,RSV00001534,2025-09-11,2025-09-17,6,580.11,97.54,677.65
1310,RSV00001535,2026-03-27,2026-03-29,2,1299.3,227.75,1527.05
1311,RSV00001536,2025-01-03,2025-01-07,4,297.26,231.65,528.91
1312,RSV00001537,2025-12-09,2025-12-11,2,138.39,125.23,263.62
1313,RSV00001538,2025-11-13,2025-11-18,5,1498.65,137.38,1636.03
1314,RSV00001539,2025-03-19,2025-03-20,1,339.59,244.39,583.98
1315,RSV00001540,2024-06-29,2024-07-06,7,796.37,232.28,1028.65
1316,RSV00001543,2024-07-05,2024-07-09,4,120.73,207.21,327.94
1317,RSV00001544,2026-03-22,2026-03-24,2,814.17,27.12,841.29
1318,RSV00001545,2024-09-12,2024-09-19,7,335.22,19.85,355.07
1319,RSV00001546,2025-01-23,2025-01-24,1,1466.21,25.98,1492.19
1320,RSV00001547,2026-02-03,2026-02-09,6,1051.9,87.74,1139.64
1321,RSV00001548,2025-09-18,2025-09-24,6,577.3,64.38,641.68
1322,RSV00001550,2026-03-24,2026-03-26,2,1440.46,239.06,1679.52
1323,RSV00001551,2025-05-09,2025-05-14,5,501.54,215.93,717.47
1324,RSV00001552,2026-05-23,2026-05-30,7,1305.71,178.4,1484.11
1325,RSV00001553,2025-03-30,2025-03-31,1,1004.01,168.63,1172.64
1326,RSV00001554,2026-03-21,2026-03-27,6,379.31,132.7,512.01
1327,RSV00001555,2025-03-23,2025-03-29,6,901.76,64.34,966.1
1328,RSV00001556,2024-12-19,2024-12-24,5,1085.48,29.43,1114.91
1329,RSV00001557,2026-03-17,2026-03-19,2,866.19,216.16,1082.35
1330,RSV00001558,2026-04-14,2026-04-21,7,802.61,8.27,810.88
1331,RSV00001559,2025-12-23,2025-12-29,6,764.46,71.37,835.83
1332,RSV00001560,2026-01-18,2026-01-24,6,1486.17,209.51,1695.68
1333,RSV00001561,2025-10-18,2025-10-25,7,1258.79,105.07,1363.86
1334,RSV00001562,2026-01-13,2026-01-19,6,557.02,216.63,773.65
1335,RSV00001563,2026-01-15,2026-01-18,3,297.43,149.25,446.68
1336,RSV00001564,2025-06-20,2025-06-21,1,725.55,216.62,942.17
1337,RSV00001565,2024-09-09,2024-09-12,3,471.28,189.82,661.1
1338,RSV00001566,2026-04-25,2026-04-26,1,210.09,198.7,408.79
1339,RSV00001567,2025-06-08,2025-06-15,7,119.23,239.97,359.2
1340,RSV00001568,2024-07-24,2024-07-29,5,355.59,18.49,374.08
1341,RSV00001569,2026-01-24,2026-01-27,3,181.74,154.15,335.89
1342,RSV00001570,2025-08-21,2025-08-23,2,1378.65,242.21,1620.86
1343,RSV00001571,2025-03-26,2025-03-30,4,405.81,191.27,597.08
1344,RSV00001572,2025-12-18,2025-12-22,4,1178.35,80.82,1259.17
1345,RSV00001573,2024-11-18,2024-11-20,2,83.96,122.05,206.01
1346,RSV00001574,2024-08-13,2024-08-19,6,1212.42,222.83,1435.25
1347,RSV00001575,2024-10-13,2024-10-18,5,610.6,23.41,634.01
1348,RSV00001576,2025-01-15,2025-01-16,1,378.97,80.14,459.11
1349,RSV00001577,2025-02-01,2025-02-07,6,966.28,181.69,1147.97
1350,RSV00001578,2025-04-08,2025-04-09,1,857.54,97.91,955.45
1351,RSV00001579,2025-03-21,2025-03-28,7,1355.72,242.22,1597.94
1352,RSV00001580,2026-04-18,2026-04-21,3,690.23,157.12,847.35
1353,RSV00001581,2025-09-14,2025-09-18,4,425.3,167.44,592.74
1354,RSV00001582,2024-12-14,2024-12-15,1,102.99,10.12,113.11
1355,RSV00001583,2024-09-29,2024-10-02,3,507.53,102.74,610.27
1356,RSV00001584,2024-08-27,2024-09-01,5,112.4,111.63,224.03
1357,RSV00001585,2026-03-23,2026-03-26,3,600.32,151.93,752.25
1358,RSV00001586,2024-10-23,2024-10-27,4,307.15,150.07,457.22
1359,RSV00001587,2024-08-11,2024-08-16,5,390.89,206.21,597.1
1360,RSV00001589,2024-09-30,2024-10-04,4,129.57,115.92,245.49
1361,RSV00001592,2025-02-07,2025-02-12,5,403.43,30.56,433.99
1362,RSV00001593,2026-06-06,2026-06-11,5,719.92,142.36,862.28
1363,RSV00001594,2025-03-07,2025-03-09,2,1132.57,62.56,1195.13
1364,RSV00001595,2024-11-21,2024-11-24,3,595.79,147.06,742.85
1365,RSV00001596,2024-10-21,2024-10-23,2,191.32,112.76,304.08
1366,RSV00001597,2026-04-25,2026-04-30,5,732.93,193.66,926.59
1367,RSV00001599,2024-07-27,2024-07-31,4,216.08,216.3,432.38
1368,RSV00001601,2026-05-10,2026-05-14,4,672.42,162.07,834.49
1369,RSV00001602,2026-03-30,2026-04-01,2,985.15,144.64,1129.79
1370,RSV00001603,2025-09-16,2025-09-19,3,763.88,34.77,798.65
1371,RSV00001604,2026-01-16,2026-01-18,2,196.51,205.58,402.09
1372,RSV00001605,2024-12-04,2024-12-11,7,1294.54,195.76,1490.3
1373,RSV00001607,2026-05-12,2026-05-18,6,1464.43,49.2,1513.63
1374,RSV00001608,2025-05-11,2025-05-12,1,1349.51,106.72,1456.23
1375,RSV00001609,2026-01-01,2026-01-04,3,1085.99,210.77,1296.76
1376,RSV00001610,2026-01-22,2026-01-26,4,1009.27,236.52,1245.79
1377,RSV00001611,2025-09-18,2025-09-21,3,1254.85,89.21,1344.06
1378,RSV00001612,2025-01-01,2025-01-05,4,1187.21,151.07,1338.28
1379,RSV00001613,2025-12-20,2025-12-26,6,436.32,158.54,594.86
1380,RSV00001614,2026-06-21,2026-06-27,6,215.7,8.23,223.93
1381,RSV00001615,2026-03-06,2026-03-10,4,1356.19,102.54,1458.73
1382,RSV00001616,2024-07-29,2024-08-01,3,119.08,123.94,243.02
1383,RSV00001617,2025-11-26,2025-11-29,3,1255.75,205.73,1461.48
1384,RSV00001618,2025-02-09,2025-02-11,2,984.2,115.8,1100.0
1385,RSV00001619,2024-12-04,2024-12-10,6,1079.75,30.54,1110.29
1386,RSV00001620,2025-09-25,2025-09-27,2,476.54,145.87,622.41
1387,RSV00001621,2025-12-07,2025-12-09,2,882.64,19.13,901.77
1388,RSV00001623,2024-08-04,2024-08-11,7,517.27,205.16,722.43
1389,RSV00001625,2026-07-18,2026-07-22,4,771.84,212.04,983.88
1390,RSV00001626,2025-12-14,2025-12-15,1,1330.1,88.26,1418.36
1391,RSV00001627,2025-04-17,2025-04-22,5,415.56,8.58,424.14
1392,RSV00001628,2025-05-23,2025-05-29,6,870.59,199.1,1069.69
1393,RSV00001629,2024-10-29,2024-11-01,3,732.51,180.44,912.95
1394,RSV00001630,2024-06-30,2024-07-06,6,323.63,130.9,454.53
1395,RSV00001631,2024-09-18,2024-09-25,7,812.66,84.92,897.58
1396,RSV00001632,2025-03-16,2025-03-21,5,273.43,58.0,331.43
1397,RSV00001633,2024-12-16,2024-12-19,3,886.93,146.97,1033.9
1398,RSV00001634,2026-01-14,2026-01-18,4,678.84,86.97,765.81
1399,RSV00001635,2025-10-01,2025-10-07,6,738.59,101.43,840.02
1400,RSV00001636,2024-09-27,2024-10-03,6,1064.78,46.12,1110.9
1401,RSV00001637,2026-02-23,2026-03-01,6,1455.75,142.82,1598.57
1402,RSV00001639,2025-09-16,2025-09-22,6,1307.52,241.82,1549.34
1403,RSV00001640,2026-04-26,2026-05-01,5,1380.91,5.38,1386.29
1404,RSV00001641,2025-11-30,2025-12-04,4,297.94,206.3,504.24
1405,RSV00001642,2025-02-18,2025-02-24,6,190.31,1.61,191.92
1406,RSV00001643,2026-04-03,2026-04-07,4,153.32,220.38,373.7
1407,RSV00001644,2024-12-31,2025-01-04,4,227.7,243.77,471.47
1408,RSV00001645,2025-01-09,2025-01-14,5,516.04,112.38,628.42
1409,RSV00001646,2025-11-15,2025-11-17,2,414.8,0.24,415.04
1410,RSV00001647,2025-12-09,2025-12-12,3,162.08,166.56,328.64
1411,RSV00001648,2024-11-26,2024-12-03,7,714.46,15.46,729.92
1412,RSV00001649,2024-11-15,2024-11-17,2,921.35,164.72,1086.07
1413,RSV00001650,2025-05-04,2025-05-10,6,692.07,48.96,741.03
1414,RSV00001651,2025-10-18,2025-10-24,6,1081.11,11.5,1092.61
1415,RSV00001652,2025-02-09,2025-02-14,5,1052.82,122.8,1175.62
1416,RSV00001653,2024-09-17,2024-09-24,7,1345.59,16.47,1362.06
1417,RSV00001655,2025-10-16,2025-10-22,6,1395.24,240.68,1635.92
1418,RSV00001656,2025-07-30,2025-08-06,7,1255.75,21.32,1277.07
1419,RSV00001657,2025-07-05,2025-07-11,6,193.82,217.56,411.38
1420,RSV00001659,2026-01-24,2026-01-28,4,1344.59,158.02,1502.61
1421,RSV00001660,2025-01-16,2025-01-23,7,886.14,239.85,1125.99
1422,RSV00001662,2024-11-29,2024-12-04,5,1143.16,119.15,1262.31
1423,RSV00001663,2026-06-12,2026-06-19,7,390.09,93.06,483.15
1424,RSV00001664,2026-02-06,2026-02-13,7,180.38,129.06,309.44
1425,RSV00001665,2025-11-08,2025-11-13,5,251.02,69.12,320.14
1426,RSV00001666,2025-12-23,2025-12-30,7,921.53,148.0,1069.53
1427,RSV00001667,2025-12-25,2025-12-30,5,613.58,132.38,745.96
1428,RSV00001668,2026-07-19,2026-07-20,1,1210.27,62.89,1273.16
1429,RSV00001670,2024-09-28,2024-10-05,7,148.23,148.29,296.52
1430,RSV00001671,2024-08-15,2024-08-20,5,451.15,76.36,527.51
1431,RSV00001672,2026-06-27,2026-07-02,5,1381.96,222.33,1604.29
1432,RSV00001673,2026-03-08,2026-03-13,5,1457.12,45.93,1503.05
1433,RSV00001674,2024-09-14,2024-09-20,6,914.85,202.09,1116.94
1434,RSV00001676,2026-04-17,2026-04-24,7,215.18,78.12,293.3
1435,RSV00001677,2026-06-20,2026-06-23,3,405.37,25.97,431.34
1436,RSV00001678,2025-05-29,2025-06-05,7,986.17,173.68,1159.85
1437,RSV00001679,2025-01-09,2025-01-16,7,234.47,98.42,332.89
1438,RSV00001680,2024-08-31,2024-09-07,7,289.96,62.91,352.87
1439,RSV00001681,2024-08-12,2024-08-15,3,894.56,109.51,1004.07
1440,RSV00001682,2025-06-22,2025-06-24,2,1453.06,212.76,1665.82
1441,RSV00001683,2025-08-25,2025-08-30,5,1441.65,103.99,1545.64
1442,RSV00001684,2025-05-16,2025-05-17,1,523.59,64.31,587.9
1443,RSV00001685,2025-04-23,2025-04-30,7,720.92,126.07,846.99
1444,RSV00001686,2024-06-23,2024-06-25,2,963.77,46.49,1010.26
1445,RSV00001688,2025-01-07,2025-01-08,1,1105.82,65.9,1171.72
1446,RSV00001689,2024-09-24,2024-09-26,2,141.72,237.62,379.34
1447,RSV00001690,2025-10-15,2025-10-16,1,1417.35,146.01,1563.36
1448,RSV00001691,2024-07-01,2024-07-04,3,1477.86,192.27,1670.13
1449,RSV00001692,2025-03-05,2025-03-09,4,410.38,27.19,437.57
1450,RSV00001694,2024-10-22,2024-10-27,5,1204.92,165.49,1370.41
1451,RSV00001695,2024-09-30,2024-10-07,7,466.78,21.15,487.93
1452,RSV00001696,2024-09-13,2024-09-19,6,1473.8,99.5,1573.3
1453,RSV00001697,2026-05-29,2026-06-01,3,1206.7,124.39,1331.09
1454,RSV00001698,2024-10-25,2024-10-26,1,533.37,214.59,747.96
1455,RSV00001699,2025-01-23,2025-01-28,5,192.31,217.62,409.93
1456,RSV00001700,2024-09-11,2024-09-15,4,1243.85,231.02,1474.87
1457,RSV00001701,2025-11-07,2025-11-13,6,1201.74,22.31,1224.05
1458,RSV00001702,2025-03-27,2025-04-02,6,249.84,247.68,497.52
1459,RSV00001703,2026-01-31,2026-02-02,2,1243.43,2.58,1246.01
1460,RSV00001704,2025-08-08,2025-08-12,4,1025.65,187.84,1213.49
1461,RSV00001705,2024-08-25,2024-08-27,2,1044.62,122.92,1167.54
1462,RSV00001706,2025-10-09,2025-10-14,5,1221.59,7.1,1228.69
1463,RSV00001707,2024-06-06,2024-06-07,1,976.91,242.05,1218.96
1464,RSV00001708,2025-08-14,2025-08-15,1,666.2,140.41,806.61
1465,RSV00001709,2024-09-12,2024-09-17,5,1431.06,45.46,1476.52
1466,RSV00001710,2026-07-03,2026-07-07,4,1398.89,139.33,1538.22
1467,RSV00001712,2025-01-10,2025-01-16,6,1224.64,106.07,1330.71
1468,RSV00001713,2025-03-19,2025-03-22,3,982.35,4.36,986.71
1469,RSV00001715,2025-04-04,2025-04-11,7,241.44,86.35,327.79
1470,RSV00001716,2024-08-28,2024-08-31,3,363.98,201.13,565.11
1471,RSV00001717,2024-07-19,2024-07-26,7,614.53,135.85,750.38
1472,RSV00001718,2024-11-02,2024-11-09,7,1193.6,128.61,1322.21
1473,RSV00001719,2025-12-21,2025-12-24,3,259.87,80.57,340.44
1474,RSV00001720,2025-05-26,2025-06-01,6,1188.33,92.18,1280.51
1475,RSV00001721,2024-11-12,2024-11-19,7,742.48,194.89,937.37
1476,RSV00001722,2025-07-11,2025-07-18,7,634.82,150.84,785.66
1477,RSV00001723,2025-10-13,2025-10-14,1,1299.73,69.01,1368.74
1478,RSV00001724,2026-02-04,2026-02-05,1,671.47,169.5,840.97
1479,RSV00001725,2026-01-06,2026-01-09,3,361.76,156.74,518.5
1480,RSV00001726,2024-09-13,2024-09-15,2,804.19,1.17,805.36
1481,RSV00001727,2025-09-25,2025-10-01,6,318.72,242.56,561.28
1482,RSV00001728,2024-08-09,2024-08-16,7,1213.57,85.01,1298.58
1483,RSV00001729,2025-05-10,2025-05-11,1,1416.21,24.44,1440.65
1484,RSV00001730,2025-08-02,2025-08-04,2,1081.23,128.66,1209.89
1485,RSV00001731,2026-01-22,2026-01-25,3,980.1,103.87,1083.97
1486,RSV00001732,2024-12-05,2024-12-11,6,1405.78,204.66,1610.44
1487,RSV00001733,2025-08-15,2025-08-17,2,385.28,218.74,604.02
1488,RSV00001734,2025-01-17,2025-01-19,2,814.61,137.37,951.98
1489,RSV00001735,2026-03-01,2026-03-03,2,737.24,63.99,801.23
1490,RSV00001736,2025-04-28,2025-05-02,4,510.29,213.34,723.63
1491,RSV00001737,2024-11-29,2024-12-03,4,916.9,223.7,1140.6
1492,RSV00001739,2025-02-23,2025-02-27,4,212.41,124.05,336.46
1493,RSV00001740,2026-04-21,2026-04-26,5,1280.88,100.56,1381.44
1494,RSV00001741,2024-11-08,2024-11-14,6,1160.72,184.77,1345.49
1495,RSV00001743,2025-03-25,2025-03-26,1,771.33,163.59,934.92
1496,RSV00001744,2026-02-08,2026-02-09,1,310.68,166.88,477.56
1497,RSV00001745,2024-11-12,2024-11-19,7,762.38,210.93,973.31
1498,RSV00001746,2024-10-11,2024-10-16,5,452.73,60.6,513.33
1499,RSV00001748,2024-07-20,2024-07-22,2,632.95,78.13,711.08
1500,RSV00001749,2024-10-22,2024-10-24,2,347.94,121.21,469.15
1501,RSV00001750,2026-03-20,2026-03-21,1,1069.92,58.02,1127.94
1502,RSV00001751,2025-10-31,2025-11-01,1,557.2,231.34,788.54
1503,RSV00001752,2024-06-24,2024-06-29,5,405.53,113.86,519.39
1504,RSV00001753,2025-12-23,2025-12-24,1,956.48,196.94,1153.42
1505,RSV00001754,2024-12-09,2024-12-11,2,1270.13,220.37,1490.5
1506,RSV00001755,2026-06-20,2026-06-22,2,223.44,239.18,462.62
1507,RSV00001756,2025-08-05,2025-08-07,2,199.27,185.37,384.64
1508,RSV00001757,2024-09-27,2024-09-29,2,660.62,50.74,711.36
1509,RSV00001758,2025-09-28,2025-10-05,7,1247.3,145.84,1393.14
1510,RSV00001759,2026-07-12,2026-07-15,3,1464.78,73.6,1538.38
1511,RSV00001760,2024-07-01,2024-07-04,3,532.29,3.97,536.26
1512,RSV00001761,2025-03-10,2025-03-13,3,502.55,209.89,712.44
1513,RSV00001763,2026-02-26,2026-03-04,6,242.82,141.31,384.13
1514,RSV00001764,2025-11-03,2025-11-08,5,801.17,81.16,882.33
1515,RSV00001765,2025-09-10,2025-09-14,4,1292.93,188.72,1481.65
1516,RSV00001766,2026-05-17,2026-05-23,6,943.32,202.23,1145.55
1517,RSV00001767,2025-02-27,2025-03-06,7,283.19,20.14,303.33
1518,RSV00001769,2025-07-26,2025-07-31,5,397.42,180.39,577.81
1519,RSV00001770,2026-05-20,2026-05-23,3,622.88,129.46,752.34
1520,RSV00001771,2025-07-01,2025-07-05,4,851.21,41.63,892.84
1521,RSV00001772,2025-11-23,2025-11-28,5,1267.02,40.78,1307.8
1522,RSV00001773,2024-09-08,2024-09-13,5,141.28,116.08,257.36
1523,RSV00001774,2026-02-07,2026-02-10,3,667.99,142.3,810.29
1524,RSV00001775,2025-10-22,2025-10-23,1,1115.16,182.89,1298.05
1525,RSV00001776,2026-06-17,2026-06-22,5,670.36,123.76,794.12
1526,RSV00001777,2026-01-18,2026-01-25,7,447.44,175.74,623.18
1527,RSV00001778,2025-08-21,2025-08-22,1,825.51,130.02,955.53
1528,RSV00001779,2025-08-15,2025-08-21,6,634.67,31.13,665.8
1529,RSV00001780,2024-12-03,2024-12-06,3,194.67,183.88,378.55
1530,RSV00001781,2025-02-26,2025-02-28,2,198.55,127.66,326.21
1531,RSV00001782,2024-07-21,2024-07-24,3,534.49,176.89,711.38
1532,RSV00001783,2025-01-20,2025-01-25,5,1306.43,244.11,1550.54
1533,RSV00001784,2024-11-18,2024-11-19,1,461.27,228.55,689.82
1534,RSV00001785,2025-05-10,2025-05-11,1,946.55,243.18,1189.73
1535,RSV00001786,2025-10-30,2025-11-04,5,1057.41,26.72,1084.13
1536,RSV00001787,2026-06-07,2026-06-13,6,695.56,118.95,814.51
1537,RSV00001788,2025-08-28,2025-09-03,6,994.51,118.51,1113.02
1538,RSV00001789,2025-09-23,2025-09-30,7,534.78,189.74,724.52
1539,RSV00001790,2025-07-20,2025-07-23,3,186.26,194.23,380.49
1540,RSV00001791,2025-10-04,2025-10-11,7,1303.93,163.08,1467.01
1541,RSV00001793,2025-08-23,2025-08-30,7,931.66,181.98,1113.64
1542,RSV00001794,2025-10-24,2025-10-29,5,405.87,102.66,508.53
1543,RSV00001795,2026-03-04,2026-03-09,5,1209.54,141.71,1351.25
1544,RSV00001796,2025-10-16,2025-10-19,3,1194.12,238.19,1432.31
1545,RSV00001797,2026-01-21,2026-01-27,6,1177.51,75.37,1252.88
1546,RSV00001798,2025-12-31,2026-01-01,1,1000.11,51.3,1051.41
1547,RSV00001799,2025-10-01,2025-10-04,3,1477.85,39.75,1517.6
1548,RSV00001801,2025-03-12,2025-03-16,4,724.59,162.43,887.02
1549,RSV00001802,2025-10-20,2025-10-26,6,862.82,6.63,869.45
1550,RSV00001803,2025-07-25,2025-07-30,5,1126.73,83.36,1210.09
1551,RSV00001804,2025-01-01,2025-01-03,2,1149.29,31.65,1180.94
1552,RSV00001805,2025-08-26,2025-08-29,3,384.58,37.65,422.23
1553,RSV00001806,2026-06-22,2026-06-24,2,238.84,228.72,467.56
1554,RSV00001807,2025-05-22,2025-05-24,2,868.45,96.71,965.16
1555,RSV00001808,2026-03-20,2026-03-21,1,493.35,50.57,543.92
1556,RSV00001811,2024-10-28,2024-10-29,1,1244.93,40.76,1285.69
1557,RSV00001812,2026-02-06,2026-02-12,6,259.6,27.63,287.23
1558,RSV00001813,2026-03-20,2026-03-25,5,1231.73,104.54,1336.27
1559,RSV00001814,2025-03-22,2025-03-25,3,385.05,122.06,507.11
1560,RSV00001815,2025-03-23,2025-03-26,3,193.24,124.31,317.55
1561,RSV00001816,2026-02-21,2026-02-27,6,514.69,104.8,619.49
1562,RSV00001817,2026-02-01,2026-02-04,3,1359.18,139.48,1498.66
1563,RSV00001818,2024-07-22,2024-07-24,2,607.58,166.13,773.71
1564,RSV00001819,2025-07-16,2025-07-22,6,153.35,87.19,240.54
1565,RSV00001820,2025-12-09,2025-12-11,2,181.6,131.34,312.94
1566,RSV00001821,2026-05-13,2026-05-18,5,927.78,183.74,1111.52
1567,RSV00001822,2025-01-15,2025-01-21,6,939.32,130.85,1070.17
1568,RSV00001823,2025-03-17,2025-03-23,6,698.24,101.64,799.88
1569,RSV00001825,2025-08-03,2025-08-08,5,1038.99,161.78,1200.77
1570,RSV00001826,2025-12-06,2025-12-12,6,779.62,202.39,982.01
1571,RSV00001827,2024-12-01,2024-12-07,6,660.52,124.34,784.86
1572,RSV00001828,2026-06-04,2026-06-08,4,1302.23,54.08,1356.31
1573,RSV00001830,2025-03-21,2025-03-25,4,163.18,62.68,225.86
1574,RSV00001831,2025-11-25,2025-11-27,2,1110.12,139.48,1249.6
1575,RSV00001832,2025-11-28,2025-12-02,4,974.29,170.75,1145.04
1576,RSV00001833,2025-07-30,2025-08-04,5,609.94,35.89,645.83
1577,RSV00001834,2026-02-14,2026-02-18,4,331.86,157.03,488.89
1578,RSV00001835,2024-11-20,2024-11-26,6,923.17,176.12,1099.29
1579,RSV00001836,2024-10-07,2024-10-10,3,1129.07,178.75,1307.82
1580,RSV00001837,2025-11-08,2025-11-11,3,938.5,51.0,989.5
1581,RSV00001838,2025-01-06,2025-01-10,4,993.06,62.72,1055.78
1582,RSV00001839,2024-06-10,2024-06-13,3,1253.73,173.84,1427.57
1583,RSV00001840,2025-12-29,2026-01-05,7,901.7,168.31,1070.01
1584,RSV00001841,2026-03-13,2026-03-16,3,442.37,133.83,576.2
1585,RSV00001843,2025-01-04,2025-01-09,5,183.73,7.06,190.79
1586,RSV00001844,2026-02-11,2026-02-15,4,1162.75,188.5,1351.25
1587,RSV00001846,2026-01-02,2026-01-09,7,867.33,62.54,929.87
1588,RSV00001847,2024-11-22,2024-11-29,7,123.3,164.1,287.4
1589,RSV00001848,2024-06-09,2024-06-10,1,1304.56,168.49,1473.05
1590,RSV00001849,2026-02-21,2026-02-28,7,1069.12,28.13,1097.25
1591,RSV00001850,2025-06-19,2025-06-25,6,1433.08,17.71,1450.79
1592,RSV00001851,2026-05-09,2026-05-10,1,978.7,146.69,1125.39
1593,RSV00001852,2025-07-19,2025-07-23,4,1433.52,17.36,1450.88
1594,RSV00001853,2024-09-14,2024-09-19,5,1253.18,22.29,1275.47
1595,RSV00001854,2025-01-03,2025-01-07,4,144.05,212.0,356.05
1596,RSV00001855,2025-07-04,2025-07-06,2,1136.55,70.17,1206.72
1597,RSV00001856,2024-11-06,2024-11-08,2,114.1,51.43,165.53
1598,RSV00001857,2025-08-21,2025-08-28,7,1236.17,249.04,1485.21
1599,RSV00001858,2025-07-13,2025-07-14,1,441.04,102.91,543.95
1600,RSV00001861,2026-05-13,2026-05-18,5,747.64,30.29,777.93
1601,RSV00001862,2024-11-20,2024-11-27,7,875.8,53.75,929.55
1602,RSV00001863,2026-06-21,2026-06-28,7,1466.95,198.64,1665.59
1603,RSV00001864,2026-02-08,2026-02-12,4,898.16,199.63,1097.79
1604,RSV00001865,2025-09-08,2025-09-09,1,890.15,151.99,1042.14
1605,RSV00001867,2025-02-08,2025-02-09,1,870.1,15.85,885.95
1606,RSV00001868,2026-04-28,2026-05-04,6,391.61,46.83,438.44
1607,RSV00001870,2025-04-15,2025-04-18,3,1347.04,202.72,1549.76
1608,RSV00001871,2025-08-29,2025-08-31,2,221.08,219.3,440.38
1609,RSV00001873,2025-08-11,2025-08-18,7,1129.41,240.82,1370.23
1610,RSV00001874,2025-01-24,2025-01-28,4,173.8,98.75,272.55
1611,RSV00001875,2024-12-24,2024-12-30,6,165.23,218.99,384.22
1612,RSV00001877,2025-02-24,2025-03-03,7,1221.84,95.96,1317.8
1613,RSV00001878,2024-10-14,2024-10-15,1,972.26,73.12,1045.38
1614,RSV00001879,2024-11-18,2024-11-22,4,1319.35,244.34,1563.69
1615,RSV00001880,2025-11-26,2025-12-01,5,300.75,166.03,466.78
1616,RSV00001881,2025-10-25,2025-10-26,1,1223.58,35.57,1259.15
1617,RSV00001882,2026-03-08,2026-03-12,4,421.18,217.31,638.49
1618,RSV00001883,2025-09-18,2025-09-22,4,1329.75,241.94,1571.69
1619,RSV00001884,2025-01-30,2025-02-02,3,526.76,63.63,590.39
1620,RSV00001885,2025-07-15,2025-07-20,5,803.46,248.4,1051.86
1621,RSV00001886,2026-05-08,2026-05-14,6,924.64,160.15,1084.79
1622,RSV00001888,2024-10-14,2024-10-20,6,1070.41,146.03,1216.44
1623,RSV00001889,2025-07-07,2025-07-13,6,465.06,173.68,638.74
1624,RSV00001890,2026-04-16,2026-04-23,7,1029.2,159.77,1188.97
1625,RSV00001891,2026-02-03,2026-02-06,3,1483.34,6.36,1489.7
1626,RSV00001892,2025-06-22,2025-06-25,3,217.33,66.2,283.53
1627,RSV00001893,2024-11-18,2024-11-25,7,792.95,108.34,901.29
1628,RSV00001894,2024-11-27,2024-11-30,3,540.38,92.58,632.96
1629,RSV00001895,2024-10-07,2024-10-08,1,765.81,79.38,845.19
1630,RSV00001896,2024-11-18,2024-11-20,2,909.57,111.91,1021.48
1631,RSV00001897,2025-03-21,2025-03-23,2,525.95,0.12,526.07
1632,RSV00001898,2024-12-11,2024-12-18,7,819.41,29.56,848.97
1633,RSV00001901,2026-01-25,2026-01-30,5,1364.53,170.48,1535.01
1634,RSV00001902,2026-05-19,2026-05-26,7,1085.54,172.68,1258.22
1635,RSV00001903,2026-02-16,2026-02-21,5,1425.52,118.1,1543.62
1636,RSV00001904,2025-11-29,2025-12-03,4,1419.72,142.59,1562.31
1637,RSV00001905,2025-06-19,2025-06-26,7,1470.67,199.35,1670.02
1638,RSV00001906,2025-03-11,2025-03-17,6,291.88,28.36,320.24
1639,RSV00001908,2024-10-08,2024-10-10,2,831.14,180.53,1011.67
1640,RSV00001910,2025-04-12,2025-04-14,2,661.78,156.0,817.78
1641,RSV00001911,2024-08-16,2024-08-22,6,1189.83,164.02,1353.85
1642,RSV00001912,2026-03-03,2026-03-04,1,174.86,223.47,398.33
1643,RSV00001913,2024-08-06,2024-08-09,3,912.41,94.78,1007.19
1644,RSV00001914,2024-11-27,2024-11-30,3,1438.05,138.75,1576.8
1645,RSV00001915,2024-12-29,2024-12-31,2,170.59,148.75,319.34
1646,RSV00001916,2024-11-30,2024-12-02,2,1159.13,134.37,1293.5
1647,RSV00001918,2024-09-18,2024-09-19,1,1284.38,211.09,1495.47
1648,RSV00001919,2025-02-27,2025-03-05,6,363.55,203.25,566.8
1649,RSV00001921,2025-02-16,2025-02-21,5,583.18,47.62,630.8
1650,RSV00001922,2024-11-02,2024-11-07,5,311.75,97.63,409.38
1651,RSV00001923,2025-01-26,2025-02-01,6,962.84,107.13,1069.97
1652,RSV00001925,2025-04-12,2025-04-16,4,595.71,55.04,650.75
1653,RSV00001926,2024-10-16,2024-10-21,5,711.79,94.64,806.43
1654,RSV00001927,2025-10-16,2025-10-21,5,1232.92,87.64,1320.56
1655,RSV00001928,2025-03-22,2025-03-29,7,442.21,166.01,608.22
1656,RSV00001929,2024-12-11,2024-12-13,2,892.44,152.84,1045.28
1657,RSV00001931,2024-10-03,2024-10-04,1,1021.3,144.8,1166.1
1658,RSV00001932,2025-09-14,2025-09-21,7,1252.93,15.82,1268.75
1659,RSV00001933,2025-02-25,2025-02-28,3,880.5,182.64,1063.14
1660,RSV00001934,2025-01-18,2025-01-21,3,1017.93,207.11,1225.04
1661,RSV00001935,2024-07-26,2024-08-01,6,432.99,227.96,660.95
1662,RSV00001936,2025-08-04,2025-08-08,4,1304.86,127.96,1432.82
1663,RSV00001937,2025-10-27,2025-10-28,1,252.28,178.31,430.59
1664,RSV00001939,2024-09-22,2024-09-24,2,337.72,1.07,338.79
1665,RSV00001940,2025-02-21,2025-02-24,3,1051.43,49.2,1100.63
1666,RSV00001941,2024-08-06,2024-08-08,2,1276.95,27.72,1304.67
1667,RSV00001942,2025-12-01,2025-12-05,4,327.64,7.67,335.31
1668,RSV00001943,2025-04-07,2025-04-14,7,1079.0,227.7,1306.7
1669,RSV00001944,2025-08-03,2025-08-08,5,1236.72,46.41,1283.13
1670,RSV00001945,2025-08-12,2025-08-19,7,1045.07,199.26,1244.33
1671,RSV00001946,2025-06-07,2025-06-08,1,810.69,9.57,820.26
1672,RSV00001947,2024-10-18,2024-10-23,5,1046.25,109.75,1156.0
1673,RSV00001949,2026-04-27,2026-05-01,4,1172.28,219.47,1391.75
1674,RSV00001950,2024-08-09,2024-08-16,7,136.24,174.75,310.99
1675,RSV00001952,2025-10-02,2025-10-03,1,1430.48,70.19,1500.67
1676,RSV00001953,2025-04-18,2025-04-20,2,1291.12,156.75,1447.87
1677,RSV00001954,2025-08-13,2025-08-15,2,138.29,40.83,179.12
1678,RSV00001955,2024-10-02,2024-10-07,5,756.28,177.47,933.75
1679,RSV00001957,2025-12-10,2025-12-11,1,476.28,96.07,572.35
1680,RSV00001958,2025-10-01,2025-10-02,1,1088.87,4.93,1093.8
1681,RSV00001959,2025-09-02,2025-09-05,3,1115.22,200.11,1315.33
1682,RSV00001960,2024-11-27,2024-11-30,3,1461.88,152.34,1614.22
1683,RSV00001961,2026-01-30,2026-02-03,4,308.11,230.49,538.6
1684,RSV00001962,2025-08-31,2025-09-07,7,592.82,160.2,753.02
1685,RSV00001963,2025-07-05,2025-07-06,1,455.5,34.99,490.49
1686,RSV00001964,2025-03-27,2025-03-29,2,404.72,23.15,427.87
1687,RSV00001965,2025-04-18,2025-04-21,3,1091.65,173.28,1264.93
1688,RSV00001967,2025-05-28,2025-05-31,3,1212.53,210.66,1423.19
1689,RSV00001968,2025-02-28,2025-03-05,5,777.47,208.98,986.45
1690,RSV00001969,2026-04-10,2026-04-16,6,1230.25,24.93,1255.18
1691,RSV00001970,2025-01-20,2025-01-22,2,723.16,38.92,762.08
1692,RSV00001972,2026-03-30,2026-03-31,1,517.54,32.62,550.16
1693,RSV00001973,2025-09-03,2025-09-08,5,1258.43,90.83,1349.26
1694,RSV00001974,2025-12-18,2025-12-19,1,1483.28,96.05,1579.33
1695,RSV00001975,2025-04-12,2025-04-15,3,1080.9,192.28,1273.18
1696,RSV00001976,2024-05-29,2024-06-03,5,862.24,218.56,1080.8
1697,RSV00001977,2026-05-17,2026-05-19,2,208.47,240.33,448.8
1698,RSV00001978,2024-12-18,2024-12-24,6,881.27,221.01,1102.28
1699,RSV00001979,2025-06-30,2025-07-06,6,347.42,56.57,403.99
1700,RSV00001980,2026-06-11,2026-06-17,6,1231.44,102.3,1333.74
1701,RSV00001981,2025-10-26,2025-11-02,7,1206.7,194.77,1401.47
1702,RSV00001982,2024-08-21,2024-08-24,3,1219.89,2.73,1222.62
1703,RSV00001983,2025-05-22,2025-05-27,5,1176.13,36.23,1212.36
1704,RSV00001984,2025-02-18,2025-02-19,1,1448.62,112.3,1560.92
1705,RSV00001985,2024-09-22,2024-09-25,3,1000.77,156.44,1157.21
1706,RSV00001986,2025-02-26,2025-02-28,2,588.95,198.45,787.4
1707,RSV00001989,2025-08-11,2025-08-18,7,528.17,238.98,767.15
1708,RSV00001991,2026-03-24,2026-03-29,5,858.43,85.89,944.32
1709,RSV00001992,2025-01-18,2025-01-21,3,542.63,183.97,726.6
1710,RSV00001993,2025-04-04,2025-04-11,7,535.94,160.89,696.83
1711,RSV00001994,2025-05-05,2025-05-12,7,732.27,170.08,902.35
1712,RSV00001996,2025-03-21,2025-03-23,2,837.04,39.12,876.16
1713,RSV00001997,2025-09-03,2025-09-08,5,847.63,93.71,941.34
1714,RSV00001998,2025-02-07,2025-02-09,2,323.3,14.66,337.96
1715,RSV00002000,2026-01-29,2026-01-31,2,620.45,217.86,838.31
1716,RSV00002001,2026-05-22,2026-05-26,4,1220.85,235.7,1456.55
1717,RSV00002002,2025-07-31,2025-08-05,5,1061.57,46.6,1108.17
1718,RSV00002003,2026-07-14,2026-07-16,2,85.86,31.67,117.53
1719,RSV00002004,2024-11-14,2024-11-17,3,501.53,27.51,529.04
1720,RSV00002005,2025-01-18,2025-01-19,1,418.38,185.1,603.48
1721,RSV00002006,2024-07-22,2024-07-23,1,951.25,26.5,977.75
1722,RSV00002007,2026-05-13,2026-05-14,1,1467.8,126.79,1594.59
1723,RSV00002008,2025-11-23,2025-11-29,6,1397.63,9.63,1407.26
1724,RSV00002010,2024-11-26,2024-11-30,4,184.14,51.22,235.36
1725,RSV00002011,2026-04-25,2026-04-30,5,629.32,165.22,794.54
1726,RSV00002012,2025-04-22,2025-04-24,2,672.61,229.11,901.72
1727,RSV00002014,2026-03-16,2026-03-23,7,427.57,54.23,481.8
1728,RSV00002016,2025-05-02,2025-05-04,2,326.62,61.43,388.05
1729,RSV00002017,2024-10-28,2024-10-31,3,1026.24,233.91,1260.15
1730,RSV00002019,2025-07-02,2025-07-08,6,1470.58,154.95,1625.53
1731,RSV00002020,2025-03-07,2025-03-10,3,1473.2,245.63,1718.83
1732,RSV00002021,2025-02-10,2025-02-13,3,1052.06,127.7,1179.76
1733,RSV00002022,2024-09-24,2024-09-27,3,834.25,183.74,1017.99
1734,RSV00002023,2025-11-24,2025-12-01,7,687.48,233.64,921.12
1735,RSV00002024,2025-12-15,2025-12-22,7,414.94,45.97,460.91
1736,RSV00002027,2025-07-05,2025-07-08,3,711.12,115.14,826.26
1737,RSV00002028,2025-03-24,2025-03-26,2,161.46,16.27,177.73
1738,RSV00002029,2025-11-20,2025-11-21,1,971.57,65.53,1037.1
1739,RSV00002030,2025-08-19,2025-08-23,4,1229.25,72.43,1301.68
1740,RSV00002031,2026-04-16,2026-04-23,7,1330.33,231.68,1562.01
1741,RSV00002032,2026-04-04,2026-04-07,3,119.53,53.68,173.21
1742,RSV00002033,2025-06-05,2025-06-10,5,182.98,76.98,259.96
1743,RSV00002034,2024-11-13,2024-11-15,2,520.54,66.11,586.65
1744,RSV00002035,2026-05-28,2026-06-03,6,381.17,186.84,568.01
1745,RSV00002036,2025-03-16,2025-03-17,1,1312.92,202.72,1515.64
1746,RSV00002037,2024-08-01,2024-08-04,3,1222.8,166.61,1389.41
1747,RSV00002038,2024-08-27,2024-08-30,3,1017.21,105.15,1122.36
1748,RSV00002039,2026-01-12,2026-01-17,5,707.53,245.86,953.39
1749,RSV00002040,2026-06-18,2026-06-22,4,775.42,50.0,825.42
1750,RSV00002042,2026-01-04,2026-01-11,7,1263.02,4.94,1267.96
1751,RSV00002043,2026-06-13,2026-06-18,5,265.93,167.8,433.73
1752,RSV00002044,2025-01-05,2025-01-06,1,145.95,2.19,148.14
1753,RSV00002045,2025-11-26,2025-12-02,6,671.07,153.74,824.81
1754,RSV00002046,2025-03-05,2025-03-06,1,759.34,208.24,967.58
1755,RSV00002047,2025-09-08,2025-09-09,1,1473.96,172.36,1646.32
1756,RSV00002049,2025-09-11,2025-09-16,5,579.2,178.02,757.22
1757,RSV00002050,2025-10-07,2025-10-09,2,659.52,29.8,689.32
1758,RSV00002051,2025-10-07,2025-10-08,1,741.37,234.4,975.77
1759,RSV00002052,2025-09-05,2025-09-06,1,694.98,108.82,803.8
1760,RSV00002053,2026-05-05,2026-05-07,2,981.58,102.53,1084.11
1761,RSV00002054,2026-04-28,2026-05-01,3,97.01,31.36,128.37
1762,RSV00002055,2026-02-18,2026-02-25,7,186.33,152.67,339.0
1763,RSV00002056,2024-11-06,2024-11-11,5,328.13,34.46,362.59
1764,RSV00002057,2025-01-29,2025-02-04,6,1320.93,170.34,1491.27
1765,RSV00002058,2025-05-04,2025-05-09,5,312.59,231.19,543.78
1766,RSV00002059,2025-07-20,2025-07-23,3,530.83,174.98,705.81
1767,RSV00002060,2026-05-05,2026-05-08,3,885.22,47.5,932.72
1768,RSV00002061,2026-05-28,2026-06-04,7,210.97,40.99,251.96
1769,RSV00002062,2026-04-19,2026-04-25,6,899.74,247.21,1146.95
1770,RSV00002063,2024-08-24,2024-08-29,5,936.92,121.04,1057.96
1771,RSV00002064,2025-10-26,2025-10-27,1,969.14,48.88,1018.02
1772,RSV00002066,2025-02-24,2025-03-01,5,1148.91,153.41,1302.32
1773,RSV00002067,2025-12-17,2025-12-24,7,1364.26,190.57,1554.83
1774,RSV00002068,2025-10-15,2025-10-22,7,698.62,137.4,836.02
1775,RSV00002070,2026-05-20,2026-05-26,6,959.04,37.68,996.72
1776,RSV00002071,2025-05-19,2025-05-20,1,551.12,51.9,603.02
1777,RSV00002072,2026-01-31,2026-02-03,3,418.29,225.57,643.86
1778,RSV00002073,2024-08-27,2024-09-03,7,1420.77,149.57,1570.34
1779,RSV00002074,2025-08-20,2025-08-22,2,957.29,29.32,986.61
1780,RSV00002076,2026-05-23,2026-05-24,1,333.28,170.41,503.69
1781,RSV00002078,2025-01-21,2025-01-27,6,728.18,14.6,742.78
1782,RSV00002079,2025-04-16,2025-04-20,4,1069.23,91.86,1161.09
1783,RSV00002080,2025-04-18,2025-04-24,6,830.15,86.14,916.29
1784,RSV00002081,2025-07-13,2025-07-19,6,869.32,48.86,918.18
1785,RSV00002082,2024-07-31,2024-08-05,5,242.47,195.76,438.23
1786,RSV00002083,2025-05-20,2025-05-26,6,1147.24,218.02,1365.26
1787,RSV00002086,2025-05-08,2025-05-09,1,636.43,115.76,752.19
1788,RSV00002087,2025-01-14,2025-01-21,7,1091.57,164.2,1255.77
1789,RSV00002088,2024-11-28,2024-12-02,4,807.11,19.52,826.63
1790,RSV00002089,2025-03-29,2025-04-01,3,1226.83,210.71,1437.54
1791,RSV00002090,2025-06-19,2025-06-26,7,1126.08,9.53,1135.61
1792,RSV00002092,2025-08-21,2025-08-27,6,1385.78,9.86,1395.64
1793,RSV00002093,2025-04-05,2025-04-09,4,581.13,170.11,751.24
1794,RSV00002094,2024-12-26,2024-12-28,2,286.96,59.27,346.23
1795,RSV00002095,2025-09-04,2025-09-11,7,796.18,214.2,1010.38
1796,RSV00002096,2024-08-24,2024-08-28,4,783.87,77.53,861.4
1797,RSV00002097,2025-10-26,2025-10-30,4,589.37,157.1,746.47
1798,RSV00002099,2024-06-18,2024-06-23,5,1077.31,100.64,1177.95
1799,RSV00002100,2025-11-22,2025-11-29,7,85.48,19.5,104.98
1800,RSV00002101,2024-10-14,2024-10-21,7,1185.1,213.03,1398.13
1801,RSV00002102,2025-01-20,2025-01-22,2,921.73,13.8,935.53
1802,RSV00002103,2025-04-26,2025-05-01,5,249.22,211.42,460.64
1803,RSV00002104,2026-02-16,2026-02-18,2,272.11,49.57,321.68
1804,RSV00002105,2026-06-13,2026-06-20,7,1109.34,207.48,1316.82
1805,RSV00002106,2026-03-12,2026-03-17,5,595.83,121.15,716.98
1806,RSV00002108,2024-11-07,2024-11-11,4,576.04,24.11,600.15
1807,RSV00002109,2024-08-05,2024-08-07,2,327.96,29.09,357.05
1808,RSV00002112,2025-12-21,2025-12-26,5,472.63,100.35,572.98
1809,RSV00002114,2026-01-09,2026-01-15,6,112.66,56.04,168.7
1810,RSV00002115,2025-11-21,2025-11-25,4,867.32,67.82,935.14
1811,RSV00002116,2025-06-25,2025-06-26,1,1102.86,218.23,1321.09
1812,RSV00002118,2025-06-25,2025-06-26,1,1316.03,133.49,1449.52
1813,RSV00002119,2024-10-26,2024-10-27,1,1386.83,227.02,1613.85
1814,RSV00002120,2024-10-19,2024-10-25,6,768.49,135.88,904.37
1815,RSV00002121,2025-10-10,2025-10-15,5,380.5,23.94,404.44
1816,RSV00002122,2026-05-26,2026-06-02,7,694.88,55.1,749.98
1817,RSV00002123,2025-08-12,2025-08-15,3,1008.67,243.41,1252.08
1818,RSV00002124,2024-11-10,2024-11-15,5,984.95,44.7,1029.65
1819,RSV00002125,2026-05-16,2026-05-23,7,1429.45,144.92,1574.37
1820,RSV00002126,2025-05-31,2025-06-04,4,1322.96,83.9,1406.86
1821,RSV00002127,2025-01-01,2025-01-04,3,453.43,67.97,521.4
1822,RSV00002128,2024-12-23,2024-12-28,5,196.46,22.03,218.49
1823,RSV00002129,2025-08-14,2025-08-18,4,987.34,40.82,1028.16
1824,RSV00002130,2026-05-18,2026-05-23,5,967.86,164.98,1132.84
1825,RSV00002131,2026-02-10,2026-02-14,4,538.7,228.72,767.42
1826,RSV00002132,2026-06-04,2026-06-09,5,1090.57,16.67,1107.24
1827,RSV00002133,2026-02-04,2026-02-10,6,774.01,247.68,1021.69
1828,RSV00002134,2025-03-09,2025-03-12,3,650.63,115.58,766.21
1829,RSV00002135,2024-07-15,2024-07-16,1,165.22,76.52,241.74
1830,RSV00002137,2025-02-18,2025-02-25,7,535.57,180.62,716.19
1831,RSV00002138,2025-01-01,2025-01-08,7,632.13,26.45,658.58
1832,RSV00002139,2024-07-28,2024-07-30,2,1419.33,120.92,1540.25
1833,RSV00002140,2026-02-15,2026-02-22,7,99.52,21.71,121.23
1834,RSV00002141,2025-12-24,2025-12-31,7,1037.19,23.81,1061.0
1835,RSV00002142,2026-03-08,2026-03-15,7,1322.05,99.79,1421.84
1836,RSV00002143,2025-04-09,2025-04-13,4,1353.11,116.36,1469.47
1837,RSV00002144,2025-04-23,2025-04-28,5,509.42,9.46,518.88
1838,RSV00002145,2026-04-24,2026-04-30,6,1400.62,118.96,1519.58
1839,RSV00002146,2025-07-29,2025-08-04,6,752.76,210.98,963.74
1840,RSV00002148,2026-05-05,2026-05-09,4,1394.34,146.68,1541.02
1841,RSV00002149,2026-04-09,2026-04-10,1,1253.68,31.8,1285.48
1842,RSV00002150,2026-04-11,2026-04-13,2,312.59,170.13,482.72
1843,RSV00002151,2025-11-26,2025-12-03,7,740.88,83.43,824.31
1844,RSV00002153,2026-06-10,2026-06-13,3,357.63,14.16,371.79
1845,RSV00002154,2024-10-06,2024-10-12,6,1154.1,24.51,1178.61
1846,RSV00002155,2025-02-20,2025-02-22,2,1031.51,148.08,1179.59
1847,RSV00002157,2024-10-10,2024-10-14,4,1285.96,55.05,1341.01
1848,RSV00002158,2025-10-10,2025-10-16,6,1148.12,165.13,1313.25
1849,RSV00002159,2024-11-11,2024-11-17,6,1362.4,137.31,1499.71
1850,RSV00002160,2025-03-17,2025-03-22,5,609.53,203.55,813.08
1851,RSV00002161,2024-08-07,2024-08-08,1,1097.17,228.78,1325.95
1852,RSV00002162,2026-05-16,2026-05-20,4,550.38,179.36,729.74
1853,RSV00002163,2026-07-03,2026-07-08,5,1179.2,228.21,1407.41
1854,RSV00002164,2025-10-21,2025-10-24,3,1182.81,10.22,1193.03
1855,RSV00002165,2025-02-24,2025-02-28,4,1449.86,81.79,1531.65
1856,RSV00002166,2025-11-26,2025-11-28,2,1394.7,186.19,1580.89
1857,RSV00002167,2025-10-13,2025-10-17,4,172.88,130.71,303.59
1858,RSV00002169,2026-04-07,2026-04-11,4,1245.34,54.09,1299.43
1859,RSV00002171,2024-07-19,2024-07-21,2,279.58,154.73,434.31
1860,RSV00002174,2024-08-10,2024-08-12,2,531.35,158.57,689.92
1861,RSV00002177,2025-01-10,2025-01-14,4,234.91,128.39,363.3
1862,RSV00002178,2024-11-07,2024-11-12,5,365.52,210.35,575.87
1863,RSV00002179,2026-02-28,2026-03-07,7,1056.32,207.98,1264.3
1864,RSV00002180,2025-08-03,2025-08-07,4,698.69,1.49,700.18
1865,RSV00002184,2025-03-03,2025-03-08,5,1160.19,112.4,1272.59
1866,RSV00002185,2025-06-12,2025-06-17,5,193.14,231.49,424.63
1867,RSV00002186,2025-07-10,2025-07-14,4,1276.75,33.11,1309.86
1868,RSV00002187,2025-06-04,2025-06-08,4,633.5,204.23,837.73
1869,RSV00002188,2025-02-07,2025-02-14,7,542.92,70.1,613.02
1870,RSV00002189,2025-03-22,2025-03-24,2,431.11,64.17,495.28
1871,RSV00002190,2025-01-30,2025-02-05,6,530.8,89.02,619.82
1872,RSV00002191,2024-12-01,2024-12-03,2,645.0,96.33,741.33
1873,RSV00002192,2026-06-21,2026-06-25,4,1305.69,111.57,1417.26
1874,RSV00002193,2025-07-16,2025-07-19,3,989.3,95.18,1084.48
1875,RSV00002194,2025-01-31,2025-02-06,6,684.5,118.99,803.49
1876,RSV00002195,2025-09-13,2025-09-17,4,207.11,129.89,337.0
1877,RSV00002197,2025-11-04,2025-11-06,2,535.72,28.51,564.23
1878,RSV00002198,2026-02-22,2026-02-25,3,334.28,155.32,489.6
1879,RSV00002202,2024-09-11,2024-09-14,3,491.77,248.82,740.59
1880,RSV00002203,2025-05-04,2025-05-11,7,1282.3,153.2,1435.5
1881,RSV00002204,2026-01-24,2026-01-26,2,830.56,84.61,915.17
1882,RSV00002205,2025-09-28,2025-10-01,3,92.54,35.61,128.15
1883,RSV00002206,2026-01-30,2026-02-05,6,508.85,247.53,756.38
1884,RSV00002207,2025-01-26,2025-01-30,4,716.93,26.83,743.76
1885,RSV00002208,2025-04-28,2025-05-05,7,964.64,152.58,1117.22
1886,RSV00002209,2024-07-25,2024-07-28,3,438.76,106.09,544.85
1887,RSV00002210,2024-08-13,2024-08-19,6,693.04,89.64,782.68
1888,RSV00002211,2026-05-11,2026-05-17,6,588.26,51.46,639.72
1889,RSV00002212,2026-05-06,2026-05-08,2,418.97,196.52,615.49
1890,RSV00002213,2024-08-12,2024-08-17,5,634.44,169.83,804.27
1891,RSV00002214,2025-09-24,2025-09-29,5,1384.04,26.06,1410.1
1892,RSV00002215,2025-05-11,2025-05-17,6,608.31,136.95,745.26
1893,RSV00002216,2026-07-12,2026-07-16,4,729.36,164.44,893.8
1894,RSV00002217,2026-02-03,2026-02-06,3,350.04,171.08,521.12
1895,RSV00002218,2026-01-19,2026-01-21,2,1010.93,196.35,1207.28
1896,RSV00002220,2024-10-22,2024-10-29,7,1499.45,87.18,1586.63
1897,RSV00002221,2025-01-02,2025-01-05,3,279.72,77.15,356.87
1898,RSV00002223,2024-08-11,2024-08-17,6,463.02,236.81,699.83
1899,RSV00002224,2025-12-05,2025-12-09,4,436.0,94.27,530.27
1900,RSV00002225,2024-12-28,2025-01-02,5,751.85,19.75,771.6
1901,RSV00002227,2026-03-22,2026-03-24,2,727.56,105.17,832.73
1902,RSV00002228,2026-01-10,2026-01-12,2,1400.38,10.95,1411.33
1903,RSV00002229,2025-11-07,2025-11-12,5,201.98,103.84,305.82
1904,RSV00002230,2024-12-04,2024-12-07,3,128.43,107.11,235.54
1905,RSV00002231,2025-06-19,2025-06-20,1,159.9,198.52,358.42
1906,RSV00002234,2025-03-18,2025-03-23,5,1106.61,166.74,1273.35
1907,RSV00002235,2025-02-08,2025-02-10,2,1063.52,39.92,1103.44
1908,RSV00002236,2025-04-12,2025-04-13,1,743.72,46.78,790.5
1909,RSV00002237,2026-04-03,2026-04-05,2,920.96,117.25,1038.21
1910,RSV00002238,2025-12-12,2025-12-16,4,222.74,177.03,399.77
1911,RSV00002239,2026-04-05,2026-04-06,1,273.02,22.52,295.54
1912,RSV00002240,2025-02-19,2025-02-22,3,668.57,243.91,912.48
1913,RSV00002241,2026-04-03,2026-04-07,4,1039.35,187.11,1226.46
1914,RSV00002243,2024-12-18,2024-12-23,5,1151.61,212.43,1364.04
1915,RSV00002245,2026-03-06,2026-03-10,4,121.97,227.54,349.51
1916,RSV00002246,2025-12-15,2025-12-17,2,1311.83,178.26,1490.09
1917,RSV00002249,2025-10-23,2025-10-25,2,1427.51,27.97,1455.48
1918,RSV00002250,2025-06-07,2025-06-11,4,528.06,217.08,745.14
1919,RSV00002251,2025-01-06,2025-01-07,1,695.07,86.95,782.02
1920,RSV00002252,2025-11-30,2025-12-07,7,1022.32,138.1,1160.42
1921,RSV00002253,2025-01-23,2025-01-25,2,165.97,12.31,178.28
1922,RSV00002254,2025-04-09,2025-04-10,1,173.4,225.24,398.64
1923,RSV00002255,2026-05-19,2026-05-22,3,961.1,152.92,1114.02
1924,RSV00002257,2025-08-15,2025-08-19,4,488.99,80.5,569.49
1925,RSV00002258,2024-08-01,2024-08-03,2,303.21,77.49,380.7
1926,RSV00002259,2025-12-18,2025-12-20,2,850.59,247.13,1097.72
1927,RSV00002260,2026-05-29,2026-06-02,4,1280.93,84.13,1365.06
1928,RSV00002261,2026-02-12,2026-02-14,2,336.4,249.52,585.92
1929,RSV00002262,2026-03-09,2026-03-15,6,938.6,212.32,1150.92
1930,RSV00002263,2024-12-04,2024-12-08,4,248.48,34.32,282.8
1931,RSV00002264,2026-06-16,2026-06-23,7,1090.91,202.49,1293.4
1932,RSV00002265,2026-03-29,2026-03-30,1,1084.88,162.66,1247.54
1933,RSV00002266,2026-04-21,2026-04-23,2,476.53,174.93,651.46
1934,RSV00002268,2025-02-06,2025-02-13,7,800.65,214.73,1015.38
1935,RSV00002269,2025-12-10,2025-12-16,6,131.83,165.97,297.8
1936,RSV00002270,2025-02-02,2025-02-09,7,186.76,23.78,210.54
1937,RSV00002271,2025-11-23,2025-11-29,6,1236.21,83.08,1319.29
1938,RSV00002272,2024-09-23,2024-09-25,2,136.21,145.57,281.78
1939,RSV00002273,2025-09-11,2025-09-16,5,804.95,204.86,1009.81
1940,RSV00002276,2026-01-02,2026-01-09,7,1254.47,81.17,1335.64
1941,RSV00002277,2025-01-21,2025-01-26,5,897.74,217.04,1114.78
1942,RSV00002278,2025-12-10,2025-12-11,1,709.12,6.23,715.35
1943,RSV00002279,2024-08-12,2024-08-17,5,450.33,123.15,573.48
1944,RSV00002280,2024-07-22,2024-07-23,1,363.84,100.42,464.26
1945,RSV00002281,2026-05-29,2026-06-04,6,509.46,61.52,570.98
1946,RSV00002282,2024-10-08,2024-10-10,2,486.39,226.15,712.54
1947,RSV00002283,2025-12-06,2025-12-13,7,663.0,163.92,826.92
1948,RSV00002284,2025-06-27,2025-07-04,7,215.29,103.61,318.9
1949,RSV00002285,2025-03-05,2025-03-06,1,564.49,93.05,657.54
1950,RSV00002286,2025-07-14,2025-07-15,1,997.51,49.78,1047.29
1951,RSV00002287,2025-04-25,2025-05-01,6,1469.52,102.43,1571.95
1952,RSV00002288,2025-12-23,2025-12-26,3,1349.55,15.15,1364.7
1953,RSV00002289,2026-01-27,2026-02-03,7,184.92,197.45,382.37
1954,RSV00002290,2024-12-25,2024-12-31,6,284.03,17.92,301.95
1955,RSV00002291,2026-03-22,2026-03-26,4,300.94,234.67,535.61
1956,RSV00002292,2026-05-21,2026-05-24,3,1493.04,120.35,1613.39
1957,RSV00002293,2025-03-02,2025-03-07,5,1499.68,152.17,1651.85
1958,RSV00002294,2024-12-25,2025-01-01,7,362.58,76.38,438.96
1959,RSV00002296,2025-04-20,2025-04-21,1,1124.06,138.05,1262.11
1960,RSV00002297,2024-11-01,2024-11-08,7,581.82,110.69,692.51
1961,RSV00002298,2026-01-12,2026-01-13,1,802.44,93.01,895.45
1962,RSV00002299,2025-06-29,2025-07-05,6,274.66,196.59,471.25
1963,RSV00002300,2026-02-18,2026-02-21,3,574.39,172.98,747.37
1964,RSV00002301,2024-07-19,2024-07-26,7,1183.48,39.69,1223.17
1965,RSV00002302,2025-03-26,2025-03-29,3,1034.41,28.04,1062.45
1966,RSV00002303,2025-10-20,2025-10-21,1,1237.52,85.74,1323.26
1967,RSV00002304,2025-06-23,2025-06-26,3,1249.19,16.43,1265.62
1968,RSV00002305,2024-09-23,2024-09-26,3,386.68,182.81,569.49
1969,RSV00002306,2025-05-01,2025-05-03,2,982.42,104.14,1086.56
1970,RSV00002307,2025-08-27,2025-09-03,7,856.63,182.18,1038.81
1971,RSV00002308,2025-05-07,2025-05-10,3,914.84,6.47,921.31
1972,RSV00002309,2025-06-02,2025-06-04,2,844.08,3.68,847.76
1973,RSV00002310,2024-12-26,2025-01-01,6,1238.56,238.63,1477.19
1974,RSV00002311,2024-11-07,2024-11-10,3,1357.96,210.88,1568.84
1975,RSV00002312,2024-09-28,2024-10-01,3,602.63,237.12,839.75
1976,RSV00002313,2025-02-20,2025-02-27,7,947.18,177.47,1124.65
1977,RSV00002314,2026-06-02,2026-06-07,5,577.73,78.83,656.56
1978,RSV00002315,2026-04-01,2026-04-07,6,581.26,120.07,701.33
1979,RSV00002316,2024-11-10,2024-11-16,6,507.98,157.8,665.78
1980,RSV00002317,2025-03-02,2025-03-05,3,606.77,204.03,810.8
1981,RSV00002318,2026-03-19,2026-03-24,5,403.91,99.98,503.89
1982,RSV00002319,2026-04-08,2026-04-13,5,1226.58,77.06,1303.64
1983,RSV00002320,2025-10-10,2025-10-17,7,202.28,239.02,441.3
1984,RSV00002321,2024-09-27,2024-10-01,4,371.97,217.87,589.84
1985,RSV00002322,2025-06-22,2025-06-28,6,570.69,24.96,595.65
1986,RSV00002323,2026-02-19,2026-02-20,1,1043.96,154.82,1198.78
1987,RSV00002324,2025-03-30,2025-03-31,1,1448.63,163.02,1611.65
1988,RSV00002325,2024-12-04,2024-12-07,3,1490.84,106.29,1597.13
1989,RSV00002326,2025-02-23,2025-02-24,1,373.12,239.57,612.69
1990,RSV00002328,2025-08-14,2025-08-21,7,709.44,77.51,786.95
1991,RSV00002329,2026-03-26,2026-03-30,4,1201.91,24.59,1226.5
1992,RSV00002330,2026-02-11,2026-02-14,3,1041.85,98.48,1140.33
1993,RSV00002331,2026-03-28,2026-03-30,2,708.63,41.99,750.62
1994,RSV00002332,2024-07-13,2024-07-14,1,490.57,33.97,524.54
1995,RSV00002333,2025-11-22,2025-11-24,2,1319.14,240.78,1559.92
1996,RSV00002334,2025-04-28,2025-05-03,5,686.64,18.7,705.34
1997,RSV00002337,2024-08-01,2024-08-04,3,379.23,168.31,547.54
1998,RSV00002338,2026-03-20,2026-03-27,7,415.58,201.45,617.03
1999,RSV00002340,2026-01-01,2026-01-08,7,552.74,130.78,683.52
2000,RSV00002341,2025-02-07,2025-02-14,7,699.17,221.7,920.87
2001,RSV00002342,2026-03-12,2026-03-18,6,1206.96,49.29,1256.25
2002,RSV00002343,2025-01-28,2025-02-01,4,416.38,195.7,612.08
2003,RSV00002344,2026-03-15,2026-03-16,1,469.45,194.55,664.0
2004,RSV00002345,2025-05-12,2025-05-18,6,867.34,99.14,966.48
2005,RSV00002346,2024-07-23,2024-07-30,7,441.91,78.84,520.75
2006,RSV00002347,2024-11-14,2024-11-17,3,584.91,211.13,796.04
2007,RSV00002348,2025-08-07,2025-08-13,6,750.48,164.38,914.86
2008,RSV00002349,2025-02-27,2025-03-05,6,374.46,144.61,519.07
2009,RSV00002350,2026-04-26,2026-04-29,3,1038.2,23.62,1061.82
2010,RSV00002351,2025-10-25,2025-10-30,5,267.34,35.36,302.7
2011,RSV00002352,2026-03-02,2026-03-03,1,1229.46,178.64,1408.1
2012,RSV00002353,2026-01-05,2026-01-06,1,1492.21,116.37,1608.58
2013,RSV00002354,2025-07-11,2025-07-13,2,1425.2,128.67,1553.87
2014,RSV00002355,2024-07-18,2024-07-24,6,174.08,208.1,382.18
2015,RSV00002356,2025-03-26,2025-03-27,1,648.99,207.44,856.43
2016,RSV00002357,2026-06-14,2026-06-21,7,767.17,51.32,818.49
2017,RSV00002358,2025-05-02,2025-05-06,4,293.45,122.92,416.37
2018,RSV00002359,2025-11-06,2025-11-08,2,1193.67,164.95,1358.62
2019,RSV00002360,2025-03-28,2025-04-03,6,1137.78,88.08,1225.86
2020,RSV00002361,2025-05-23,2025-05-24,1,976.13,201.25,1177.38
2021,RSV00002362,2026-04-23,2026-04-27,4,907.48,221.6,1129.08
2022,RSV00002363,2025-09-26,2025-09-29,3,790.78,70.25,861.03
2023,RSV00002364,2025-10-16,2025-10-18,2,582.39,101.67,684.06
2024,RSV00002365,2024-06-13,2024-06-15,2,598.78,33.1,631.88
2025,RSV00002367,2025-10-08,2025-10-13,5,1129.25,246.36,1375.61
2026,RSV00002368,2024-11-07,2024-11-14,7,661.15,47.96,709.11
2027,RSV00002369,2025-11-09,2025-11-15,6,295.83,149.22,445.05
2028,RSV00002370,2024-08-14,2024-08-17,3,608.31,67.19,675.5
2029,RSV00002371,2025-02-22,2025-02-24,2,1311.33,139.36,1450.69
2030,RSV00002372,2026-04-09,2026-04-14,5,1045.9,220.1,1266.0
2031,RSV00002373,2025-05-14,2025-05-21,7,212.14,224.35,436.49
2032,RSV00002374,2026-02-18,2026-02-25,7,617.5,238.61,856.11
2033,RSV00002375,2025-10-30,2025-11-05,6,1215.11,140.9,1356.01
2034,RSV00002376,2025-03-05,2025-03-10,5,1287.36,234.06,1521.42
2035,RSV00002377,2024-06-11,2024-06-18,7,803.28,159.26,962.54
2036,RSV00002378,2025-08-11,2025-08-13,2,640.89,25.43,666.32
2037,RSV00002379,2025-10-18,2025-10-22,4,641.31,29.56,670.87
2038,RSV00002380,2025-05-17,2025-05-22,5,1457.03,127.14,1584.17
2039,RSV00002381,2024-07-28,2024-08-01,4,918.0,179.57,1097.57
2040,RSV00002382,2026-05-08,2026-05-13,5,1014.53,42.55,1057.08
2041,RSV00002383,2026-03-25,2026-03-28,3,1221.43,210.2,1431.63
2042,RSV00002384,2025-11-10,2025-11-14,4,692.58,41.74,734.32
2043,RSV00002385,2026-01-18,2026-01-25,7,436.58,117.7,554.28
2044,RSV00002386,2025-04-18,2025-04-24,6,1016.48,122.86,1139.34
2045,RSV00002387,2025-06-30,2025-07-02,2,283.62,246.59,530.21
2046,RSV00002388,2025-01-07,2025-01-08,1,974.13,2.97,977.1
2047,RSV00002391,2025-12-16,2025-12-17,1,328.53,45.43,373.96
2048,RSV00002392,2025-10-08,2025-10-14,6,331.37,53.01,384.38
2049,RSV00002393,2026-05-21,2026-05-24,3,1100.03,200.52,1300.55
2050,RSV00002394,2024-11-06,2024-11-08,2,1490.84,23.39,1514.23
2051,RSV00002395,2025-11-04,2025-11-08,4,993.09,97.22,1090.31
2052,RSV00002396,2024-11-29,2024-12-01,2,1433.71,59.24,1492.95
2053,RSV00002397,2026-04-11,2026-04-16,5,556.03,4.76,560.79
2054,RSV00002398,2026-02-09,2026-02-10,1,551.94,228.87,780.81
2055,RSV00002399,2024-10-28,2024-10-29,1,943.5,50.75,994.25
2056,RSV00002400,2025-06-07,2025-06-11,4,1397.01,91.76,1488.77
2057,RSV00002401,2025-07-18,2025-07-25,7,601.92,191.81,793.73
2058,RSV00002402,2025-12-17,2025-12-18,1,193.03,248.51,441.54
2059,RSV00002403,2024-12-26,2024-12-28,2,561.87,240.38,802.25
2060,RSV00002405,2025-11-04,2025-11-07,3,903.86,173.08,1076.94
2061,RSV00002406,2026-01-05,2026-01-11,6,626.52,141.81,768.33
2062,RSV00002407,2024-10-16,2024-10-21,5,289.6,152.66,442.26
2063,RSV00002408,2025-10-31,2025-11-04,4,1426.82,36.31,1463.13
2064,RSV00002409,2025-04-19,2025-04-23,4,586.16,220.36,806.52
2065,RSV00002410,2025-06-29,2025-07-01,2,1265.41,94.71,1360.12
2066,RSV00002411,2025-11-30,2025-12-07,7,1360.61,145.24,1505.85
2067,RSV00002412,2025-07-19,2025-07-24,5,860.05,186.84,1046.89
2068,RSV00002413,2024-09-26,2024-09-30,4,423.02,56.39,479.41
2069,RSV00002414,2026-05-16,2026-05-23,7,854.34,198.38,1052.72
2070,RSV00002415,2024-10-07,2024-10-08,1,1259.21,16.55,1275.76
2071,RSV00002416,2025-04-19,2025-04-23,4,441.67,74.07,515.74
2072,RSV00002417,2025-10-24,2025-10-31,7,501.72,233.51,735.23
2073,RSV00002418,2025-04-01,2025-04-02,1,475.07,17.11,492.18
2074,RSV00002419,2024-10-10,2024-10-14,4,600.84,22.59,623.43
2075,RSV00002420,2025-11-22,2025-11-24,2,730.24,103.76,834.0
2076,RSV00002421,2024-11-23,2024-11-30,7,876.37,245.45,1121.82
2077,RSV00002422,2026-05-16,2026-05-22,6,1306.62,240.61,1547.23
2078,RSV00002423,2025-01-06,2025-01-13,7,471.07,1.27,472.34
2079,RSV00002424,2026-03-22,2026-03-24,2,1222.14,202.98,1425.12
2080,RSV00002425,2025-09-11,2025-09-14,3,1019.71,144.06,1163.77
2081,RSV00002426,2024-11-30,2024-12-06,6,1354.5,211.26,1565.76
2082,RSV00002427,2024-11-08,2024-11-12,4,632.45,216.51,848.96
2083,RSV00002428,2025-03-21,2025-03-27,6,321.91,65.41,387.32
2084,RSV00002429,2026-03-28,2026-03-31,3,249.28,241.29,490.57
2085,RSV00002430,2025-04-21,2025-04-23,2,151.24,166.8,318.04
2086,RSV00002431,2025-07-25,2025-07-29,4,784.14,127.77,911.91
2087,RSV00002432,2025-05-17,2025-05-19,2,697.7,107.9,805.6
2088,RSV00002433,2024-08-20,2024-08-22,2,335.53,17.7,353.23
2089,RSV00002434,2026-03-21,2026-03-25,4,661.8,117.73,779.53
2090,RSV00002435,2024-08-05,2024-08-07,2,1319.23,104.84,1424.07
2091,RSV00002436,2026-02-07,2026-02-13,6,935.9,200.48,1136.38
2092,RSV00002437,2026-05-05,2026-05-12,7,687.7,9.12,696.82
2093,RSV00002438,2024-08-12,2024-08-15,3,1111.06,11.63,1122.69
2094,RSV00002440,2026-05-02,2026-05-06,4,672.7,66.96,739.66
2095,RSV00002441,2025-09-28,2025-10-05,7,595.98,212.27,808.25
2096,RSV00002442,2024-10-26,2024-11-02,7,237.22,90.28,327.5
2097,RSV00002444,2025-12-22,2025-12-28,6,444.13,93.78,537.91
2098,RSV00002445,2025-05-12,2025-05-18,6,211.06,189.16,400.22
2099,RSV00002446,2026-02-23,2026-03-02,7,987.01,156.63,1143.64
2100,RSV00002447,2024-12-05,2024-12-09,4,219.25,117.03,336.28
2101,RSV00002449,2024-09-08,2024-09-12,4,1360.15,203.55,1563.7
2102,RSV00002450,2025-03-24,2025-03-28,4,868.85,248.74,1117.59
2103,RSV00002451,2025-08-17,2025-08-22,5,1356.99,137.19,1494.18
2104,RSV00002452,2024-10-27,2024-10-30,3,1430.24,12.1,1442.34
2105,RSV00002453,2025-03-13,2025-03-18,5,1105.41,175.47,1280.88
2106,RSV00002454,2024-11-27,2024-11-29,2,765.0,133.59,898.59
2107,RSV00002455,2024-08-13,2024-08-17,4,803.32,122.18,925.5
2108,RSV00002456,2025-07-19,2025-07-26,7,934.81,24.91,959.72
2109,RSV00002457,2025-06-01,2025-06-02,1,719.03,36.48,755.51
2110,RSV00002459,2024-09-05,2024-09-06,1,792.71,129.99,922.7
2111,RSV00002460,2024-08-07,2024-08-11,4,632.95,244.26,877.21
2112,RSV00002461,2025-04-13,2025-04-18,5,869.17,65.87,935.04
2113,RSV00002462,2026-06-20,2026-06-21,1,878.86,142.3,1021.16
2114,RSV00002463,2024-09-28,2024-10-01,3,144.22,3.59,147.81
2115,RSV00002464,2025-07-20,2025-07-26,6,362.91,225.97,588.88
2116,RSV00002465,2026-02-18,2026-02-19,1,1297.14,85.2,1382.34
2117,RSV00002466,2026-04-09,2026-04-13,4,1232.16,139.39,1371.55
2118,RSV00002468,2024-12-07,2024-12-08,1,160.98,135.95,296.93
2119,RSV00002469,2025-11-13,2025-11-15,2,999.93,93.56,1093.49
2120,RSV00002472,2025-01-22,2025-01-25,3,1438.25,125.34,1563.59
2121,RSV00002473,2026-01-23,2026-01-30,7,797.52,138.85,936.37
2122,RSV00002474,2024-08-17,2024-08-21,4,1454.18,43.84,1498.02
2123,RSV00002475,2024-10-17,2024-10-22,5,206.87,122.54,329.41
2124,RSV00002476,2026-06-10,2026-06-12,2,1307.51,158.44,1465.95
2125,RSV00002477,2024-08-21,2024-08-28,7,814.17,116.8,930.97
2126,RSV00002479,2025-09-18,2025-09-19,1,878.81,88.76,967.57
2127,RSV00002481,2025-08-07,2025-08-14,7,764.87,2.72,767.59
2128,RSV00002483,2025-11-05,2025-11-08,3,216.28,118.13,334.41
2129,RSV00002484,2025-12-12,2025-12-15,3,543.73,225.49,769.22
2130,RSV00002485,2025-04-21,2025-04-28,7,367.73,159.56,527.29
2131,RSV00002486,2025-06-10,2025-06-12,2,1274.16,76.03,1350.19
2132,RSV00002487,2025-10-08,2025-10-13,5,485.95,133.63,619.58
2133,RSV00002488,2025-02-16,2025-02-23,7,813.81,16.17,829.98
2134,RSV00002489,2025-01-16,2025-01-23,7,822.1,162.45,984.55
2135,RSV00002490,2025-08-14,2025-08-19,5,605.76,57.54,663.3
2136,RSV00002491,2025-06-30,2025-07-02,2,518.93,34.07,553.0
2137,RSV00002492,2025-07-11,2025-07-15,4,647.09,108.47,755.56
2138,RSV00002493,2026-01-11,2026-01-16,5,291.48,9.37,300.85
2139,RSV00002494,2026-01-21,2026-01-23,2,825.67,64.63,890.3
2140,RSV00002495,2025-02-20,2025-02-22,2,433.61,183.94,617.55
2141,RSV00002496,2025-01-14,2025-01-19,5,972.19,98.69,1070.88
2142,RSV00002497,2025-06-05,2025-06-09,4,1016.25,173.55,1189.8
2143,RSV00002498,2025-11-15,2025-11-18,3,213.6,98.18,311.78
2144,RSV00002499,2025-08-12,2025-08-14,2,1477.29,69.06,1546.35
2145,RSV00002500,2025-02-27,2025-03-03,4,203.37,96.76,300.13
2146,RSV00002501,2025-01-08,2025-01-11,3,1457.86,244.04,1701.9
2147,RSV00002502,2025-12-27,2025-12-31,4,170.74,148.76,319.5
2148,RSV00002503,2024-12-30,2025-01-05,6,449.77,97.42,547.19
2149,RSV00002504,2025-01-20,2025-01-26,6,213.08,71.04,284.12
2150,RSV00002505,2025-07-15,2025-07-22,7,83.03,205.74,288.77
2151,RSV00002506,2024-08-17,2024-08-18,1,942.56,94.38,1036.94
2152,RSV00002507,2025-04-28,2025-05-01,3,1207.46,86.7,1294.16
2153,RSV00002508,2025-07-12,2025-07-17,5,459.68,49.32,509.0
2154,RSV00002510,2025-03-26,2025-03-31,5,1434.04,206.94,1640.98
2155,RSV00002511,2025-01-20,2025-01-24,4,483.73,14.87,498.6
2156,RSV00002512,2025-11-09,2025-11-12,3,210.4,8.13,218.53
2157,RSV00002513,2024-12-14,2024-12-20,6,598.01,222.86,820.87
2158,RSV00002514,2026-04-08,2026-04-09,1,102.07,201.1,303.17
2159,RSV00002515,2026-03-29,2026-03-30,1,1340.14,104.75,1444.89
2160,RSV00002516,2025-03-24,2025-03-28,4,347.98,52.42,400.4
2161,RSV00002518,2024-06-21,2024-06-24,3,293.39,10.11,303.5
2162,RSV00002519,2024-09-28,2024-10-02,4,196.52,163.91,360.43
2163,RSV00002520,2024-10-15,2024-10-22,7,1356.37,85.38,1441.75
2164,RSV00002521,2024-11-01,2024-11-02,1,994.19,16.67,1010.86
2165,RSV00002523,2025-12-08,2025-12-11,3,223.02,9.84,232.86
2166,RSV00002524,2025-02-04,2025-02-05,1,687.62,150.09,837.71
2167,RSV00002525,2025-08-28,2025-09-04,7,490.11,228.49,718.6
2168,RSV00002527,2024-11-11,2024-11-14,3,596.16,4.6,600.76
2169,RSV00002528,2025-01-28,2025-02-04,7,1018.46,135.01,1153.47
2170,RSV00002529,2025-09-14,2025-09-20,6,99.97,37.58,137.55
2171,RSV00002530,2025-07-20,2025-07-21,1,1134.47,101.65,1236.12
2172,RSV00002531,2025-04-02,2025-04-09,7,879.37,184.24,1063.61
2173,RSV00002532,2025-10-04,2025-10-07,3,238.62,207.49,446.11
2174,RSV00002533,2024-11-08,2024-11-14,6,1004.71,160.51,1165.22
2175,RSV00002534,2026-01-06,2026-01-13,7,781.82,123.35,905.17
2176,RSV00002536,2024-11-18,2024-11-19,1,1056.32,151.6,1207.92
2177,RSV00002537,2025-04-23,2025-04-26,3,501.63,27.48,529.11
2178,RSV00002538,2026-03-02,2026-03-04,2,793.32,3.02,796.34
2179,RSV00002539,2024-08-07,2024-08-14,7,923.77,50.09,973.86
2180,RSV00002540,2025-04-13,2025-04-15,2,913.98,187.86,1101.84
2181,RSV00002541,2025-02-07,2025-02-12,5,1361.62,151.29,1512.91
2182,RSV00002542,2024-07-23,2024-07-28,5,1184.53,171.25,1355.78
2183,RSV00002543,2026-04-13,2026-04-17,4,964.21,182.96,1147.17
2184,RSV00002544,2026-06-23,2026-06-26,3,478.86,106.48,585.34
2185,RSV00002545,2025-09-28,2025-10-03,5,1037.62,116.48,1154.1
2186,RSV00002546,2025-03-30,2025-04-01,2,1260.49,216.04,1476.53
2187,RSV00002547,2025-10-16,2025-10-19,3,1454.24,122.96,1577.2
2188,RSV00002549,2025-02-09,2025-02-14,5,1238.08,129.24,1367.32
2189,RSV00002550,2024-07-29,2024-08-04,6,353.66,98.57,452.23
2190,RSV00002551,2025-03-23,2025-03-27,4,824.76,58.14,882.9
2191,RSV00002553,2026-03-05,2026-03-11,6,771.56,55.41,826.97
2192,RSV00002555,2025-10-26,2025-10-29,3,337.03,156.48,493.51
2193,RSV00002557,2025-05-18,2025-05-20,2,1151.29,27.22,1178.51
2194,RSV00002558,2024-07-27,2024-08-01,5,1011.71,56.6,1068.31
2195,RSV00002559,2026-02-24,2026-02-28,4,1008.77,65.07,1073.84
2196,RSV00002560,2025-10-09,2025-10-14,5,273.05,40.5,313.55
2197,RSV00002561,2026-04-28,2026-04-30,2,723.12,166.66,889.78
2198,RSV00002562,2026-06-11,2026-06-12,1,806.02,106.62,912.64
2199,RSV00002563,2024-09-22,2024-09-26,4,291.22,221.96,513.18
2200,RSV00002564,2025-07-18,2025-07-25,7,1112.99,123.8,1236.79
2201,RSV00002565,2025-11-30,2025-12-05,5,987.15,235.96,1223.11
2202,RSV00002566,2025-03-06,2025-03-08,2,238.65,205.74,444.39
2203,RSV00002567,2024-10-23,2024-10-27,4,159.76,149.21,308.97
2204,RSV00002568,2024-07-15,2024-07-18,3,120.5,124.96,245.46
2205,RSV00002569,2025-05-12,2025-05-15,3,897.01,53.36,950.37
2206,RSV00002570,2025-04-30,2025-05-06,6,1368.38,148.66,1517.04
2207,RSV00002572,2025-02-08,2025-02-09,1,945.46,17.18,962.64
2208,RSV00002573,2025-05-28,2025-06-01,4,363.28,167.55,530.83
2209,RSV00002574,2024-12-03,2024-12-07,4,886.5,200.76,1087.26
2210,RSV00002575,2025-04-30,2025-05-01,1,761.84,234.25,996.09
2211,RSV00002576,2025-01-01,2025-01-05,4,583.49,104.62,688.11
2212,RSV00002577,2025-06-06,2025-06-13,7,1462.03,3.49,1465.52
2213,RSV00002578,2024-11-17,2024-11-24,7,345.82,170.68,516.5
2214,RSV00002579,2026-01-29,2026-01-30,1,1235.82,127.38,1363.2
2215,RSV00002580,2026-05-28,2026-05-29,1,1041.09,192.43,1233.52
2216,RSV00002581,2025-08-08,2025-08-09,1,1222.21,74.87,1297.08
2217,RSV00002582,2025-09-20,2025-09-25,5,736.86,113.13,849.99
2218,RSV00002584,2024-08-29,2024-09-05,7,853.61,83.35,936.96
2219,RSV00002585,2024-08-31,2024-09-03,3,896.64,116.56,1013.2
2220,RSV00002586,2024-07-01,2024-07-06,5,128.95,224.16,353.11
2221,RSV00002587,2024-07-28,2024-07-31,3,1204.68,149.88,1354.56
2222,RSV00002588,2026-01-25,2026-01-29,4,230.9,236.73,467.63
2223,RSV00002589,2025-11-02,2025-11-08,6,445.08,148.11,593.19
2224,RSV00002590,2024-08-03,2024-08-06,3,467.82,190.3,658.12
2225,RSV00002591,2025-07-09,2025-07-10,1,132.82,6.54,139.36
2226,RSV00002593,2025-07-21,2025-07-25,4,1271.57,61.36,1332.93
2227,RSV00002594,2025-04-27,2025-05-04,7,824.87,6.97,831.84
2228,RSV00002595,2024-09-23,2024-09-27,4,1390.62,200.95,1591.57
2229,RSV00002596,2024-12-24,2024-12-28,4,1341.28,165.68,1506.96
2230,RSV00002597,2025-05-08,2025-05-13,5,887.5,220.66,1108.16
2231,RSV00002598,2025-11-10,2025-11-11,1,683.19,208.09,891.28
2232,RSV00002600,2025-12-17,2025-12-22,5,1253.92,126.66,1380.58
2233,RSV00002601,2026-02-15,2026-02-17,2,368.24,172.21,540.45
2234,RSV00002603,2025-10-12,2025-10-13,1,258.94,228.21,487.15
2235,RSV00002604,2025-06-19,2025-06-22,3,636.46,205.79,842.25
2236,RSV00002605,2025-04-06,2025-04-13,7,1170.52,213.86,1384.38
2237,RSV00002606,2026-02-22,2026-02-24,2,130.4,21.1,151.5
2238,RSV00002607,2026-04-16,2026-04-17,1,266.67,109.86,376.53
2239,RSV00002608,2026-03-27,2026-03-31,4,964.99,79.68,1044.67
2240,RSV00002609,2024-11-30,2024-12-01,1,436.57,174.47,611.04
2241,RSV00002610,2026-04-20,2026-04-27,7,889.34,178.11,1067.45
2242,RSV00002611,2024-09-12,2024-09-16,4,1165.5,202.26,1367.76
2243,RSV00002613,2024-07-02,2024-07-06,4,1229.37,199.42,1428.79
2244,RSV00002614,2026-03-08,2026-03-13,5,961.4,191.17,1152.57
2245,RSV00002615,2025-11-14,2025-11-20,6,607.24,66.11,673.35
2246,RSV00002616,2024-08-25,2024-09-01,7,950.03,78.42,1028.45
2247,RSV00002617,2025-02-23,2025-02-28,5,1239.67,54.6,1294.27
2248,RSV00002618,2024-09-25,2024-09-26,1,1392.65,45.59,1438.24
2249,RSV00002619,2025-12-01,2025-12-03,2,1240.43,169.72,1410.15
2250,RSV00002620,2025-05-08,2025-05-09,1,838.22,63.35,901.57
2251,RSV00002621,2026-05-14,2026-05-16,2,592.92,236.96,829.88
2252,RSV00002622,2026-04-30,2026-05-02,2,464.88,209.63,674.51
2253,RSV00002624,2024-11-13,2024-11-18,5,229.54,43.59,273.13
2254,RSV00002625,2025-12-23,2025-12-27,4,222.04,127.39,349.43
2255,RSV00002626,2025-07-25,2025-07-30,5,463.96,15.24,479.2
2256,RSV00002627,2025-01-18,2025-01-21,3,613.37,202.87,816.24
2257,RSV00002629,2025-12-09,2025-12-12,3,1467.02,106.73,1573.75
2258,RSV00002630,2025-08-17,2025-08-21,4,662.3,222.05,884.35
2259,RSV00002631,2024-09-02,2024-09-04,2,181.37,103.81,285.18
2260,RSV00002632,2024-07-28,2024-07-29,1,1172.05,27.85,1199.9
2261,RSV00002633,2025-04-05,2025-04-09,4,111.39,161.86,273.25
2262,RSV00002634,2025-02-05,2025-02-10,5,156.43,6.72,163.15
2263,RSV00002635,2025-03-23,2025-03-30,7,646.2,87.08,733.28
2264,RSV00002636,2025-04-16,2025-04-21,5,824.09,70.69,894.78
2265,RSV00002638,2024-08-27,2024-09-02,6,1216.87,14.51,1231.38
2266,RSV00002639,2024-11-23,2024-11-24,1,661.05,31.75,692.8
2267,RSV00002640,2025-10-24,2025-10-29,5,1463.92,85.12,1549.04
2268,RSV00002641,2025-04-13,2025-04-15,2,1296.39,183.45,1479.84
2269,RSV00002642,2024-12-05,2024-12-08,3,468.55,200.48,669.03
2270,RSV00002643,2025-01-26,2025-01-30,4,1465.7,132.6,1598.3
2271,RSV00002644,2025-03-22,2025-03-28,6,489.15,60.72,549.87
2272,RSV00002645,2025-10-16,2025-10-17,1,1347.56,131.27,1478.83
2273,RSV00002646,2025-05-04,2025-05-09,5,386.19,164.88,551.07
2274,RSV00002648,2025-10-01,2025-10-05,4,1286.85,117.55,1404.4
2275,RSV00002649,2026-01-31,2026-02-06,6,172.08,142.46,314.54
2276,RSV00002651,2025-12-03,2025-12-04,1,82.92,56.38,139.3
2277,RSV00002652,2026-03-01,2026-03-08,7,151.84,231.14,382.98
2278,RSV00002653,2026-02-15,2026-02-16,1,698.71,178.17,876.88
2279,RSV00002654,2025-05-30,2025-05-31,1,935.99,78.4,1014.39
2280,RSV00002656,2024-11-08,2024-11-11,3,1239.08,104.61,1343.69
2281,RSV00002659,2025-08-06,2025-08-10,4,880.6,226.57,1107.17
2282,RSV00002660,2025-05-29,2025-06-02,4,1247.8,54.67,1302.47
2283,RSV00002661,2024-10-23,2024-10-24,1,798.02,112.99,911.01
2284,RSV00002663,2026-02-25,2026-02-26,1,171.91,122.53,294.44
2285,RSV00002664,2026-06-11,2026-06-16,5,738.43,120.19,858.62
2286,RSV00002665,2026-04-16,2026-04-23,7,1053.67,170.74,1224.41
2287,RSV00002666,2025-08-11,2025-08-14,3,1385.95,200.12,1586.07
2288,RSV00002668,2026-03-30,2026-04-02,3,531.62,21.21,552.83
2289,RSV00002671,2026-05-20,2026-05-21,1,889.79,239.15,1128.94
2290,RSV00002672,2026-02-26,2026-03-02,4,847.12,154.56,1001.68
2291,RSV00002673,2025-09-07,2025-09-08,1,448.35,219.19,667.54
2292,RSV00002674,2026-06-09,2026-06-11,2,186.6,248.43,435.03
2293,RSV00002676,2025-06-26,2025-06-29,3,139.13,203.56,342.69
2294,RSV00002677,2025-01-11,2025-01-14,3,230.62,159.21,389.83
2295,RSV00002678,2025-05-12,2025-05-14,2,1186.05,99.47,1285.52
2296,RSV00002679,2024-11-03,2024-11-07,4,1022.93,192.22,1215.15
2297,RSV00002680,2025-09-01,2025-09-02,1,1040.94,66.27,1107.21
2298,RSV00002681,2025-04-04,2025-04-06,2,619.24,12.19,631.43
2299,RSV00002682,2026-05-16,2026-05-22,6,307.52,116.22,423.74
2300,RSV00002683,2025-11-04,2025-11-05,1,994.44,153.31,1147.75
2301,RSV00002684,2024-08-07,2024-08-14,7,253.07,4.71,257.78
2302,RSV00002685,2025-09-10,2025-09-14,4,873.52,166.89,1040.41
2303,RSV00002686,2026-05-03,2026-05-10,7,844.89,113.86,958.75
2304,RSV00002687,2025-01-07,2025-01-11,4,1491.34,248.39,1739.73
2305,RSV00002688,2025-11-08,2025-11-10,2,1497.29,90.4,1587.69
2306,RSV00002689,2025-11-26,2025-11-29,3,1384.89,165.23,1550.12
2307,RSV00002690,2025-04-30,2025-05-01,1,161.73,147.73,309.46
2308,RSV00002693,2025-02-27,2025-03-04,5,617.65,219.73,837.38
2309,RSV00002694,2026-04-16,2026-04-23,7,939.09,78.83,1017.92
2310,RSV00002695,2025-06-09,2025-06-15,6,652.76,112.49,765.25
2311,RSV00002697,2025-01-05,2025-01-06,1,191.32,237.13,428.45
2312,RSV00002698,2025-09-20,2025-09-26,6,1344.07,15.04,1359.11
2313,RSV00002699,2025-09-27,2025-09-28,1,712.12,102.09,814.21
2314,RSV00002700,2026-04-28,2026-04-30,2,194.29,143.81,338.1
2315,RSV00002701,2024-12-19,2024-12-21,2,607.92,205.73,813.65
2316,RSV00002702,2025-10-11,2025-10-14,3,1026.77,217.19,1243.96
2317,RSV00002703,2025-09-28,2025-10-01,3,172.7,113.04,285.74
2318,RSV00002704,2024-12-21,2024-12-27,6,785.54,156.56,942.1
2319,RSV00002705,2026-04-30,2026-05-07,7,1391.47,11.79,1403.26
2320,RSV00002706,2025-11-24,2025-11-29,5,1376.99,108.15,1485.14
2321,RSV00002707,2025-12-24,2025-12-31,7,1315.73,202.63,1518.36
2322,RSV00002708,2025-01-13,2025-01-19,6,894.53,38.01,932.54
2323,RSV00002709,2024-09-07,2024-09-11,4,983.13,47.77,1030.9
2324,RSV00002710,2024-11-02,2024-11-08,6,1259.34,149.24,1408.58
2325,RSV00002712,2025-07-24,2025-07-31,7,518.52,216.84,735.36
2326,RSV00002713,2026-01-07,2026-01-13,6,1481.33,110.41,1591.74
2327,RSV00002714,2026-07-03,2026-07-09,6,591.12,20.66,611.78
2328,RSV00002715,2025-07-25,2025-08-01,7,1460.66,140.11,1600.77
2329,RSV00002718,2024-12-20,2024-12-23,3,1480.12,20.5,1500.62
2330,RSV00002720,2025-02-23,2025-02-28,5,789.83,247.36,1037.19
2331,RSV00002721,2024-12-19,2024-12-21,2,482.41,85.55,567.96
2332,RSV00002722,2026-05-19,2026-05-21,2,164.02,139.22,303.24
2333,RSV00002723,2024-12-30,2025-01-02,3,1144.24,47.78,1192.02
2334,RSV00002725,2025-12-24,2025-12-31,7,718.6,31.35,749.95
2335,RSV00002726,2025-08-03,2025-08-04,1,1270.95,87.88,1358.83
2336,RSV00002727,2024-07-02,2024-07-07,5,844.28,156.41,1000.69
2337,RSV00002728,2025-02-20,2025-02-21,1,1053.59,122.73,1176.32
2338,RSV00002729,2024-09-25,2024-09-28,3,1256.13,203.09,1459.22
2339,RSV00002730,2024-07-12,2024-07-19,7,683.34,49.67,733.01
2340,RSV00002731,2025-07-12,2025-07-17,5,1066.19,184.52,1250.71
2341,RSV00002732,2026-06-29,2026-07-03,4,280.47,248.23,528.7
2342,RSV00002734,2025-08-30,2025-09-04,5,1467.09,173.02,1640.11
2343,RSV00002736,2026-03-27,2026-03-31,4,418.14,126.5,544.64
2344,RSV00002737,2025-01-14,2025-01-16,2,1096.65,198.23,1294.88
2345,RSV00002738,2024-10-23,2024-10-24,1,1169.11,171.45,1340.56
2346,RSV00002740,2025-11-26,2025-12-03,7,237.16,158.41,395.57
2347,RSV00002741,2024-09-24,2024-09-25,1,1456.98,204.17,1661.15
2348,RSV00002742,2024-07-12,2024-07-18,6,252.77,128.72,381.49
2349,RSV00002743,2025-02-26,2025-02-28,2,1083.95,38.09,1122.04
2350,RSV00002744,2025-07-20,2025-07-22,2,947.26,119.1,1066.36
2351,RSV00002745,2026-01-13,2026-01-20,7,1495.82,117.97,1613.79
2352,RSV00002746,2026-04-21,2026-04-28,7,1291.91,226.07,1517.98
2353,RSV00002747,2024-10-02,2024-10-07,5,1094.09,13.68,1107.77
2354,RSV00002748,2024-12-28,2025-01-02,5,571.7,202.12,773.82
2355,RSV00002749,2025-12-17,2025-12-19,2,1398.95,8.51,1407.46
2356,RSV00002750,2025-05-09,2025-05-13,4,123.57,16.18,139.75
2357,RSV00002751,2026-06-05,2026-06-11,6,478.54,50.96,529.5
2358,RSV00002752,2025-07-22,2025-07-28,6,1068.79,81.47,1150.26
2359,RSV00002753,2025-10-11,2025-10-12,1,167.89,65.37,233.26
2360,RSV00002754,2024-08-15,2024-08-18,3,129.39,246.45,375.84
2361,RSV00002755,2025-09-08,2025-09-13,5,1264.56,128.07,1392.63
2362,RSV00002756,2025-11-04,2025-11-08,4,1437.3,48.34,1485.64
2363,RSV00002757,2026-02-26,2026-03-02,4,147.89,61.2,209.09
2364,RSV00002758,2024-08-11,2024-08-13,2,988.57,86.41,1074.98
2365,RSV00002760,2024-07-21,2024-07-24,3,528.25,109.25,637.5
2366,RSV00002761,2026-03-12,2026-03-18,6,1328.45,149.53,1477.98
2367,RSV00002762,2026-01-01,2026-01-06,5,378.87,167.24,546.11
2368,RSV00002763,2025-11-13,2025-11-15,2,819.64,205.04,1024.68
2369,RSV00002764,2025-09-15,2025-09-17,2,508.28,144.3,652.58
2370,RSV00002765,2025-03-30,2025-04-03,4,591.35,107.71,699.06
2371,RSV00002766,2025-09-20,2025-09-24,4,466.93,21.9,488.83
2372,RSV00002767,2026-02-17,2026-02-23,6,355.65,217.08,572.73
2373,RSV00002768,2024-12-05,2024-12-11,6,826.04,105.97,932.01
2374,RSV00002769,2025-04-06,2025-04-08,2,239.79,73.28,313.07
2375,RSV00002770,2026-01-20,2026-01-26,6,402.86,62.71,465.57
2376,RSV00002771,2025-08-28,2025-09-03,6,1275.85,91.33,1367.18
2377,RSV00002772,2025-12-14,2025-12-17,3,1332.36,236.07,1568.43
2378,RSV00002773,2025-09-06,2025-09-10,4,743.94,213.74,957.68
2379,RSV00002774,2025-09-14,2025-09-17,3,964.06,54.23,1018.29
2380,RSV00002775,2025-04-14,2025-04-16,2,355.75,239.91,595.66
2381,RSV00002780,2025-11-12,2025-11-14,2,422.21,8.18,430.39
2382,RSV00002781,2024-09-27,2024-10-03,6,1498.59,104.95,1603.54
2383,RSV00002782,2026-05-25,2026-05-31,6,1246.81,21.05,1267.86
2384,RSV00002783,2026-02-25,2026-03-01,4,1376.22,174.19,1550.41
2385,RSV00002784,2025-12-18,2025-12-21,3,1417.17,45.73,1462.9
2386,RSV00002786,2025-03-02,2025-03-08,6,961.2,86.25,1047.45
2387,RSV00002787,2025-02-05,2025-02-11,6,808.38,134.89,943.27
2388,RSV00002788,2025-10-05,2025-10-09,4,660.69,110.3,770.99
2389,RSV00002790,2024-10-29,2024-11-05,7,832.21,7.49,839.7
2390,RSV00002791,2025-12-12,2025-12-15,3,211.3,95.98,307.28
2391,RSV00002792,2025-12-02,2025-12-07,5,372.89,71.25,444.14
2392,RSV00002793,2025-04-17,2025-04-22,5,341.47,214.12,555.59
2393,RSV00002795,2025-06-21,2025-06-22,1,375.48,198.32,573.8
2394,RSV00002796,2025-02-23,2025-02-28,5,532.88,145.31,678.19
2395,RSV00002797,2026-05-21,2026-05-24,3,1237.69,82.91,1320.6
2396,RSV00002798,2026-04-26,2026-05-02,6,924.86,136.9,1061.76
2397,RSV00002799,2026-05-01,2026-05-04,3,1035.8,61.1,1096.9
2398,RSV00002801,2025-09-17,2025-09-20,3,523.96,226.23,750.19
2399,RSV00002802,2024-07-21,2024-07-22,1,890.97,151.59,1042.56
2400,RSV00002803,2026-02-07,2026-02-09,2,286.75,162.57,449.32
2401,RSV00002804,2024-08-20,2024-08-24,4,1158.46,136.91,1295.37
2402,RSV00002805,2026-02-13,2026-02-19,6,366.5,98.01,464.51
2403,RSV00002806,2026-04-16,2026-04-19,3,113.47,210.62,324.09
2404,RSV00002807,2026-02-27,2026-03-05,6,127.41,28.09,155.5
2405,RSV00002808,2025-10-25,2025-10-26,1,1094.24,71.15,1165.39
2406,RSV00002810,2026-01-28,2026-02-02,5,223.86,63.11,286.97
2407,RSV00002811,2025-10-10,2025-10-17,7,190.85,233.57,424.42
2408,RSV00002812,2026-06-07,2026-06-12,5,599.94,103.37,703.31
2409,RSV00002814,2024-08-10,2024-08-14,4,676.86,42.91,719.77
2410,RSV00002815,2025-02-19,2025-02-25,6,458.38,28.24,486.62
2411,RSV00002816,2025-03-18,2025-03-23,5,1364.38,196.84,1561.22
2412,RSV00002817,2026-05-31,2026-06-04,4,1254.21,104.19,1358.4
2413,RSV00002818,2025-12-27,2025-12-31,4,287.35,237.52,524.87
2414,RSV00002819,2026-03-26,2026-03-30,4,169.37,242.61,411.98
2415,RSV00002820,2026-01-04,2026-01-07,3,570.29,12.77,583.06
2416,RSV00002821,2026-04-26,2026-04-30,4,1103.0,161.29,1264.29
2417,RSV00002822,2025-07-21,2025-07-22,1,387.44,165.09,552.53
2418,RSV00002823,2025-12-28,2025-12-31,3,200.66,89.39,290.05
2419,RSV00002824,2025-09-02,2025-09-05,3,278.14,167.05,445.19
2420,RSV00002826,2025-06-06,2025-06-08,2,1339.93,231.36,1571.29
2421,RSV00002827,2024-11-26,2024-12-02,6,1030.07,104.34,1134.41
2422,RSV00002828,2026-03-25,2026-04-01,7,1247.09,219.28,1466.37
2423,RSV00002829,2026-01-08,2026-01-09,1,576.1,166.12,742.22
2424,RSV00002831,2024-07-04,2024-07-11,7,229.85,99.57,329.42
2425,RSV00002833,2025-12-29,2026-01-03,5,860.08,187.45,1047.53
2426,RSV00002834,2024-06-20,2024-06-21,1,240.95,158.09,399.04
2427,RSV00002835,2024-10-14,2024-10-20,6,342.59,133.94,476.53
2428,RSV00002836,2024-09-10,2024-09-17,7,707.49,193.67,901.16
2429,RSV00002839,2025-03-04,2025-03-05,1,1059.85,40.66,1100.51
2430,RSV00002840,2025-10-01,2025-10-04,3,397.56,107.51,505.07
2431,RSV00002842,2026-05-04,2026-05-09,5,362.41,200.7,563.11
2432,RSV00002843,2025-02-09,2025-02-10,1,306.36,41.43,347.79
2433,RSV00002844,2026-01-26,2026-01-28,2,891.25,38.78,930.03
2434,RSV00002845,2025-10-24,2025-10-27,3,739.19,113.0,852.19
2435,RSV00002847,2026-05-25,2026-05-30,5,433.17,89.99,523.16
2436,RSV00002848,2025-10-06,2025-10-11,5,805.06,156.47,961.53
2437,RSV00002849,2025-02-08,2025-02-09,1,1107.79,236.8,1344.59
2438,RSV00002850,2024-08-09,2024-08-12,3,928.33,91.66,1019.99
2439,RSV00002852,2024-11-18,2024-11-25,7,772.2,168.02,940.22
2440,RSV00002853,2024-09-22,2024-09-28,6,673.83,151.67,825.5
2441,RSV00002854,2024-07-29,2024-08-04,6,304.89,15.9,320.79
2442,RSV00002855,2026-02-16,2026-02-23,7,755.67,98.24,853.91
2443,RSV00002856,2026-04-20,2026-04-24,4,1327.97,215.69,1543.66
2444,RSV00002857,2025-10-30,2025-11-05,6,401.07,46.95,448.02
2445,RSV00002858,2025-09-19,2025-09-26,7,879.35,78.56,957.91
2446,RSV00002859,2025-12-15,2025-12-19,4,1206.7,212.5,1419.2
2447,RSV00002862,2025-11-19,2025-11-23,4,564.6,215.67,780.27
2448,RSV00002863,2025-07-15,2025-07-19,4,340.38,115.13,455.51
2449,RSV00002864,2024-12-23,2024-12-26,3,781.83,119.73,901.56
2450,RSV00002865,2026-05-12,2026-05-15,3,273.45,165.95,439.4
2451,RSV00002866,2024-12-04,2024-12-05,1,755.64,9.29,764.93
2452,RSV00002869,2025-09-04,2025-09-10,6,521.18,159.79,680.97
2453,RSV00002870,2025-01-19,2025-01-24,5,1493.74,96.63,1590.37
2454,RSV00002872,2026-04-05,2026-04-11,6,1035.71,233.88,1269.59
2455,RSV00002873,2025-08-05,2025-08-12,7,595.33,54.4,649.73
2456,RSV00002874,2026-04-30,2026-05-06,6,580.49,15.32,595.81
2457,RSV00002875,2024-10-01,2024-10-06,5,527.04,202.4,729.44
2458,RSV00002876,2026-06-07,2026-06-09,2,355.17,166.18,521.35
2459,RSV00002877,2025-09-10,2025-09-11,1,522.82,20.63,543.45
2460,RSV00002879,2025-05-13,2025-05-15,2,323.04,154.03,477.07
2461,RSV00002881,2025-12-15,2025-12-17,2,229.17,172.95,402.12
2462,RSV00002882,2025-12-23,2025-12-29,6,476.15,94.06,570.21
2463,RSV00002883,2024-11-02,2024-11-09,7,337.34,107.89,445.23
2464,RSV00002884,2025-10-28,2025-11-01,4,177.3,244.73,422.03
2465,RSV00002885,2026-05-11,2026-05-15,4,1182.52,201.44,1383.96
2466,RSV00002886,2024-10-25,2024-10-28,3,151.69,173.08,324.77
2467,RSV00002887,2025-04-01,2025-04-04,3,701.63,73.75,775.38
2468,RSV00002888,2026-04-01,2026-04-07,6,850.69,64.07,914.76
2469,RSV00002890,2024-07-27,2024-08-02,6,691.79,87.56,779.35
2470,RSV00002891,2025-05-26,2025-05-31,5,700.71,166.61,867.32
2471,RSV00002892,2024-09-13,2024-09-20,7,1324.5,33.78,1358.28
2472,RSV00002893,2024-09-23,2024-09-24,1,552.71,112.15,664.86
2473,RSV00002894,2024-11-19,2024-11-22,3,1246.75,36.7,1283.45
2474,RSV00002895,2025-06-05,2025-06-06,1,858.76,34.17,892.93
2475,RSV00002896,2026-02-26,2026-03-02,4,1421.23,77.46,1498.69
2476,RSV00002897,2025-01-17,2025-01-21,4,1345.68,90.52,1436.2
2477,RSV00002898,2026-05-12,2026-05-15,3,1468.33,198.9,1667.23
2478,RSV00002899,2025-05-15,2025-05-18,3,1122.78,224.89,1347.67
2479,RSV00002900,2024-08-08,2024-08-11,3,513.43,219.22,732.65
2480,RSV00002901,2024-06-23,2024-06-27,4,1361.54,63.11,1424.65
2481,RSV00002902,2025-10-09,2025-10-13,4,776.2,46.28,822.48
2482,RSV00002903,2025-05-04,2025-05-07,3,759.33,158.67,918.0
2483,RSV00002904,2026-02-26,2026-03-02,4,956.68,234.26,1190.94
2484,RSV00002905,2024-11-21,2024-11-25,4,1022.13,14.01,1036.14
2485,RSV00002906,2024-11-24,2024-12-01,7,272.16,189.95,462.11
2486,RSV00002907,2024-11-02,2024-11-07,5,751.68,3.09,754.77
2487,RSV00002908,2026-03-27,2026-04-03,7,105.06,79.48,184.54
2488,RSV00002910,2025-05-14,2025-05-15,1,405.29,219.41,624.7
2489,RSV00002911,2026-03-09,2026-03-14,5,1439.36,177.37,1616.73
2490,RSV00002912,2026-03-23,2026-03-29,6,863.5,197.83,1061.33
2491,RSV00002913,2024-08-01,2024-08-06,5,164.25,227.33,391.58
2492,RSV00002915,2026-02-22,2026-02-25,3,953.36,38.51,991.87
2493,RSV00002916,2025-01-01,2025-01-03,2,912.15,139.2,1051.35
2494,RSV00002917,2026-05-19,2026-05-22,3,1355.65,155.64,1511.29
2495,RSV00002918,2025-07-26,2025-07-28,2,1154.8,43.19,1197.99
2496,RSV00002919,2025-01-04,2025-01-10,6,176.3,97.45,273.75
2497,RSV00002920,2025-03-16,2025-03-23,7,1165.5,130.6,1296.1
2498,RSV00002921,2024-08-21,2024-08-25,4,360.05,119.35,479.4
2499,RSV00002922,2024-12-24,2024-12-31,7,902.79,200.17,1102.96
2500,RSV00002923,2025-01-06,2025-01-09,3,939.75,23.0,962.75
2501,RSV00002924,2025-05-26,2025-05-31,5,1030.07,211.42,1241.49
2502,RSV00002925,2025-11-05,2025-11-06,1,360.31,232.5,592.81
2503,RSV00002926,2024-11-06,2024-11-07,1,661.36,18.03,679.39
2504,RSV00002927,2026-04-08,2026-04-12,4,713.39,83.27,796.66
2505,RSV00002928,2025-02-02,2025-02-05,3,254.01,196.61,450.62
2506,RSV00002929,2026-02-12,2026-02-15,3,1211.23,157.3,1368.53
2507,RSV00002930,2026-06-03,2026-06-09,6,1147.36,196.92,1344.28
2508,RSV00002931,2024-12-25,2024-12-30,5,835.94,235.89,1071.83
2509,RSV00002932,2025-12-21,2025-12-25,4,394.23,181.13,575.36
2510,RSV00002933,2026-01-12,2026-01-19,7,1389.72,218.66,1608.38
2511,RSV00002934,2024-08-18,2024-08-20,2,953.26,70.94,1024.2
2512,RSV00002935,2026-06-13,2026-06-17,4,898.86,222.47,1121.33
2513,RSV00002936,2025-04-09,2025-04-14,5,189.92,82.92,272.84
2514,RSV00002938,2026-05-27,2026-05-29,2,749.4,100.37,849.77
2515,RSV00002939,2024-11-10,2024-11-12,2,1132.99,240.36,1373.35
2516,RSV00002942,2025-03-30,2025-04-02,3,878.97,23.65,902.62
2517,RSV00002943,2025-05-13,2025-05-14,1,646.9,180.54,827.44
2518,RSV00002944,2024-07-04,2024-07-09,5,692.48,186.79,879.27
2519,RSV00002947,2025-11-24,2025-11-30,6,1196.89,6.13,1203.02
2520,RSV00002948,2025-02-09,2025-02-16,7,464.33,242.95,707.28
2521,RSV00002949,2026-06-22,2026-06-24,2,806.37,92.42,898.79
2522,RSV00002951,2025-06-14,2025-06-18,4,749.3,113.82,863.12
2523,RSV00002952,2025-01-11,2025-01-18,7,236.85,186.83,423.68
2524,RSV00002953,2024-11-29,2024-12-04,5,710.2,14.34,724.54
2525,RSV00002954,2025-07-03,2025-07-04,1,1116.49,8.2,1124.69
2526,RSV00002955,2024-10-16,2024-10-19,3,1365.59,236.05,1601.64
2527,RSV00002956,2024-07-28,2024-08-03,6,582.84,195.7,778.54
2528,RSV00002957,2025-07-28,2025-07-29,1,472.4,241.39,713.79
2529,RSV00002958,2025-12-23,2025-12-24,1,832.26,95.45,927.71
2530,RSV00002959,2025-07-14,2025-07-19,5,1173.49,111.47,1284.96
2531,RSV00002960,2026-01-23,2026-01-27,4,1262.29,99.42,1361.71
2532,RSV00002961,2025-11-29,2025-12-03,4,662.94,43.84,706.78
2533,RSV00002962,2026-04-19,2026-04-24,5,517.3,113.53,630.83
2534,RSV00002963,2025-02-16,2025-02-19,3,563.42,61.78,625.2
2535,RSV00002964,2025-01-27,2025-02-02,6,294.35,9.73,304.08
2536,RSV00002965,2024-07-05,2024-07-09,4,519.98,202.14,722.12
2537,RSV00002966,2026-01-17,2026-01-21,4,102.91,195.16,298.07
2538,RSV00002967,2025-03-12,2025-03-15,3,392.68,60.46,453.14
2539,RSV00002969,2025-10-22,2025-10-23,1,633.57,170.59,804.16
2540,RSV00002970,2024-11-26,2024-11-27,1,1389.42,179.7,1569.12
2541,RSV00002971,2025-10-02,2025-10-07,5,940.84,78.76,1019.6
2542,RSV00002972,2025-02-19,2025-02-20,1,367.1,130.33,497.43
2543,RSV00002973,2024-12-30,2025-01-02,3,124.05,4.51,128.56
2544,RSV00002974,2024-09-23,2024-09-28,5,246.84,131.09,377.93
2545,RSV00002975,2026-02-08,2026-02-14,6,607.42,132.37,739.79
2546,RSV00002976,2024-11-01,2024-11-02,1,1426.69,244.05,1670.74
2547,RSV00002978,2025-11-23,2025-11-25,2,150.73,111.69,262.42
2548,RSV00002979,2026-06-15,2026-06-19,4,465.99,157.82,623.81
2549,RSV00002980,2024-09-09,2024-09-15,6,1441.63,228.62,1670.25
2550,RSV00002981,2024-12-27,2024-12-31,4,210.52,225.07,435.59
2551,RSV00002982,2025-05-23,2025-05-30,7,1496.86,137.79,1634.65
2552,RSV00002983,2025-06-29,2025-07-02,3,1375.43,74.5,1449.93
2553,RSV00002984,2026-04-16,2026-04-21,5,775.17,97.65,872.82
2554,RSV00002985,2024-08-11,2024-08-16,5,573.04,23.16,596.2
2555,RSV00002986,2024-12-17,2024-12-22,5,1178.33,154.44,1332.77
2556,RSV00002989,2026-04-13,2026-04-20,7,229.27,198.63,427.9
2557,RSV00002990,2025-09-25,2025-09-26,1,1135.8,76.21,1212.01
2558,RSV00002991,2025-07-17,2025-07-20,3,1424.35,80.31,1504.66
2559,RSV00002993,2025-10-03,2025-10-08,5,266.65,2.02,268.67
2560,RSV00002994,2024-12-11,2024-12-18,7,1003.29,90.83,1094.12
2561,RSV00002995,2024-09-09,2024-09-10,1,949.1,118.15,1067.25
2562,RSV00002996,2025-01-20,2025-01-26,6,230.84,104.76,335.6
2563,RSV00002997,2024-07-28,2024-07-29,1,822.58,146.01,968.59
2564,RSV00002998,2025-04-15,2025-04-19,4,685.32,3.37,688.69
2565,RSV00002999,2025-07-30,2025-08-06,7,483.95,203.84,687.79
2566,RSV00003001,2025-11-12,2025-11-14,2,1369.62,95.35,1464.97
2567,RSV00003002,2024-12-09,2024-12-13,4,660.55,23.75,684.3
2568,RSV00003003,2025-05-21,2025-05-23,2,471.22,78.08,549.3
2569,RSV00003004,2026-04-29,2026-05-05,6,811.01,126.16,937.17
2570,RSV00003005,2025-10-17,2025-10-22,5,388.24,31.68,419.92
2571,RSV00003006,2024-08-09,2024-08-11,2,289.69,128.24,417.93
2572,RSV00003008,2024-10-28,2024-10-30,2,909.82,93.71,1003.53
2573,RSV00003010,2025-01-03,2025-01-07,4,406.91,78.65,485.56
2574,RSV00003011,2025-12-24,2025-12-26,2,485.58,141.87,627.45
2575,RSV00003012,2025-08-26,2025-09-02,7,961.37,25.47,986.84
2576,RSV00003013,2025-10-22,2025-10-27,5,887.49,185.95,1073.44
2577,RSV00003014,2025-03-05,2025-03-11,6,985.06,143.18,1128.24
2578,RSV00003015,2024-11-20,2024-11-27,7,526.9,123.7,650.6
2579,RSV00003017,2024-08-06,2024-08-07,1,298.33,20.37,318.7
2580,RSV00003018,2024-11-07,2024-11-10,3,1193.97,44.48,1238.45
2581,RSV00003019,2026-06-18,2026-06-22,4,1009.75,65.28,1075.03
2582,RSV00003021,2025-11-25,2025-12-01,6,1449.15,93.99,1543.14
2583,RSV00003022,2025-04-14,2025-04-18,4,1133.14,245.83,1378.97
2584,RSV00003023,2024-11-02,2024-11-04,2,1179.2,100.89,1280.09
2585,RSV00003024,2025-09-23,2025-09-25,2,985.79,162.47,1148.26
2586,RSV00003025,2025-08-23,2025-08-30,7,341.79,169.73,511.52
2587,RSV00003026,2025-03-30,2025-04-04,5,1236.23,72.32,1308.55
2588,RSV00003027,2025-11-02,2025-11-05,3,256.67,2.71,259.38
2589,RSV00003028,2025-10-24,2025-10-29,5,1026.66,0.09,1026.75
2590,RSV00003029,2026-05-27,2026-06-02,6,206.77,46.05,252.82
2591,RSV00003030,2026-01-22,2026-01-28,6,637.42,165.37,802.79
2592,RSV00003032,2025-05-05,2025-05-11,6,941.38,238.96,1180.34
2593,RSV00003033,2025-04-20,2025-04-22,2,476.11,233.14,709.25
2594,RSV00003034,2026-04-25,2026-04-26,1,360.21,201.69,561.9
2595,RSV00003035,2026-05-10,2026-05-15,5,495.7,54.5,550.2
2596,RSV00003036,2025-03-29,2025-04-03,5,952.09,181.02,1133.11
2597,RSV00003037,2025-11-09,2025-11-12,3,1043.5,26.26,1069.76
2598,RSV00003039,2024-07-21,2024-07-28,7,904.09,80.53,984.62
2599,RSV00003040,2025-04-06,2025-04-10,4,1490.01,110.48,1600.49
2600,RSV00003042,2025-04-06,2025-04-13,7,1263.77,204.13,1467.9
2601,RSV00003043,2026-05-08,2026-05-13,5,679.11,136.12,815.23
2602,RSV00003044,2025-03-11,2025-03-13,2,748.75,203.23,951.98
2603,RSV00003045,2025-10-28,2025-10-29,1,272.21,125.35,397.56
2604,RSV00003049,2024-10-11,2024-10-17,6,89.48,125.66,215.14
2605,RSV00003051,2025-08-10,2025-08-11,1,120.88,164.91,285.79
2606,RSV00003052,2026-04-07,2026-04-08,1,685.59,20.29,705.88
2607,RSV00003053,2025-10-07,2025-10-12,5,1071.09,92.74,1163.83
2608,RSV00003054,2026-03-04,2026-03-11,7,1040.05,115.72,1155.77
2609,RSV00003057,2026-01-06,2026-01-10,4,721.6,108.83,830.43
2610,RSV00003058,2026-01-22,2026-01-27,5,447.48,83.27,530.75
2611,RSV00003059,2024-11-03,2024-11-08,5,1389.0,228.48,1617.48
2612,RSV00003060,2025-12-14,2025-12-18,4,1441.81,223.02,1664.83
2613,RSV00003061,2026-05-17,2026-05-20,3,417.6,229.43,647.03
2614,RSV00003062,2026-04-23,2026-04-30,7,104.12,52.2,156.32
2615,RSV00003063,2024-11-30,2024-12-02,2,350.95,71.71,422.66
2616,RSV00003065,2025-04-10,2025-04-13,3,331.29,230.41,561.7
2617,RSV00003066,2026-01-30,2026-02-06,7,986.73,166.12,1152.85
2618,RSV00003067,2024-06-22,2024-06-26,4,465.26,38.46,503.72
2619,RSV00003068,2024-07-04,2024-07-07,3,324.63,50.53,375.16
2620,RSV00003069,2026-02-28,2026-03-04,4,200.81,63.48,264.29
2621,RSV00003070,2025-02-12,2025-02-14,2,827.12,165.14,992.26
2622,RSV00003072,2025-08-21,2025-08-28,7,687.02,8.96,695.98
2623,RSV00003073,2025-12-22,2025-12-25,3,1018.38,23.59,1041.97
2624,RSV00003074,2025-08-27,2025-08-30,3,785.49,194.86,980.35
2625,RSV00003075,2026-06-04,2026-06-08,4,142.86,143.41,286.27
2626,RSV00003076,2025-08-24,2025-08-30,6,1404.25,238.37,1642.62
2627,RSV00003078,2024-12-16,2024-12-18,2,1071.06,31.66,1102.72
2628,RSV00003079,2025-12-15,2025-12-19,4,1381.22,89.46,1470.68
2629,RSV00003080,2025-09-14,2025-09-20,6,180.21,93.43,273.64
2630,RSV00003081,2025-01-16,2025-01-22,6,862.85,60.79,923.64
2631,RSV00003082,2025-02-22,2025-02-26,4,236.49,56.99,293.48
2632,RSV00003084,2025-01-21,2025-01-22,1,861.13,33.73,894.86
2633,RSV00003085,2026-05-06,2026-05-12,6,1481.24,33.87,1515.11
2634,RSV00003086,2025-02-19,2025-02-25,6,1384.65,93.22,1477.87
2635,RSV00003087,2025-12-04,2025-12-10,6,423.61,127.16,550.77
2636,RSV00003088,2024-09-20,2024-09-22,2,940.41,156.69,1097.1
2637,RSV00003089,2024-07-03,2024-07-05,2,993.92,37.03,1030.95
2638,RSV00003090,2025-05-29,2025-06-03,5,1292.59,30.47,1323.06
2639,RSV00003091,2024-12-12,2024-12-14,2,1067.76,29.19,1096.95
2640,RSV00003092,2024-11-14,2024-11-16,2,261.54,109.64,371.18
2641,RSV00003093,2025-02-09,2025-02-14,5,216.69,210.14,426.83
2642,RSV00003094,2026-03-28,2026-04-01,4,500.98,56.33,557.31
2643,RSV00003095,2025-05-18,2025-05-22,4,310.37,213.08,523.45
2644,RSV00003096,2025-09-22,2025-09-29,7,612.55,0.98,613.53
2645,RSV00003097,2025-06-25,2025-07-01,6,823.15,221.39,1044.54
2646,RSV00003098,2025-06-26,2025-07-02,6,1429.52,190.21,1619.73
2647,RSV00003099,2025-01-13,2025-01-17,4,749.75,231.88,981.63
2648,RSV00003100,2024-10-25,2024-10-29,4,219.29,12.36,231.65
2649,RSV00003102,2026-04-23,2026-04-30,7,231.85,135.23,367.08
2650,RSV00003103,2025-05-17,2025-05-19,2,916.29,127.91,1044.2
2651,RSV00003105,2026-02-18,2026-02-21,3,975.22,87.92,1063.14
2652,RSV00003106,2025-12-10,2025-12-11,1,349.27,71.21,420.48
2653,RSV00003108,2025-10-11,2025-10-14,3,958.61,191.23,1149.84
2654,RSV00003110,2026-03-30,2026-04-02,3,189.66,239.69,429.35
2655,RSV00003111,2024-09-08,2024-09-12,4,114.22,17.04,131.26
2656,RSV00003112,2026-01-21,2026-01-28,7,1286.75,158.78,1445.53
2657,RSV00003115,2026-04-29,2026-05-06,7,1220.53,98.63,1319.16
2658,RSV00003116,2025-07-06,2025-07-10,4,235.78,57.16,292.94
2659,RSV00003117,2024-08-18,2024-08-20,2,523.98,168.68,692.66
2660,RSV00003118,2025-09-10,2025-09-17,7,1189.34,59.39,1248.73
2661,RSV00003119,2024-08-13,2024-08-18,5,226.15,60.95,287.1
2662,RSV00003120,2024-07-11,2024-07-16,5,1275.65,246.79,1522.44
2663,RSV00003121,2026-05-28,2026-05-29,1,1293.64,14.48,1308.12
2664,RSV00003122,2024-07-13,2024-07-18,5,450.32,23.75,474.07
2665,RSV00003124,2025-03-26,2025-03-27,1,672.67,102.91,775.58
2666,RSV00003125,2025-09-15,2025-09-21,6,301.93,4.96,306.89
2667,RSV00003126,2024-08-22,2024-08-24,2,413.11,144.26,557.37
2668,RSV00003129,2024-12-16,2024-12-18,2,1181.51,129.82,1311.33
2669,RSV00003130,2024-10-10,2024-10-13,3,1078.47,90.21,1168.68
2670,RSV00003131,2025-01-30,2025-02-06,7,150.83,147.95,298.78
2671,RSV00003132,2025-08-07,2025-08-10,3,926.89,62.06,988.95
2672,RSV00003133,2025-07-04,2025-07-08,4,1463.81,143.47,1607.28
2673,RSV00003134,2025-01-29,2025-02-02,4,820.18,179.23,999.41
2674,RSV00003135,2024-08-12,2024-08-13,1,596.43,14.32,610.75
2675,RSV00003136,2024-08-06,2024-08-07,1,1167.7,31.46,1199.16
2676,RSV00003138,2024-07-16,2024-07-23,7,1067.29,185.82,1253.11
2677,RSV00003139,2025-03-22,2025-03-27,5,488.42,75.56,563.98
2678,RSV00003140,2024-08-31,2024-09-04,4,456.19,182.52,638.71
2679,RSV00003141,2024-06-12,2024-06-18,6,471.13,99.25,570.38
2680,RSV00003142,2026-03-20,2026-03-21,1,1119.79,42.04,1161.83
2681,RSV00003143,2026-02-22,2026-02-24,2,614.04,122.89,736.93
2682,RSV00003144,2025-05-30,2025-06-01,2,1182.2,214.56,1396.76
2683,RSV00003145,2025-02-26,2025-03-02,4,374.56,154.27,528.83
2684,RSV00003146,2025-05-27,2025-06-03,7,140.33,116.84,257.17
2685,RSV00003147,2026-01-04,2026-01-06,2,1403.52,5.24,1408.76
2686,RSV00003148,2025-07-17,2025-07-18,1,1481.71,23.34,1505.05
2687,RSV00003149,2026-02-07,2026-02-08,1,343.2,71.38,414.58
2688,RSV00003150,2024-11-13,2024-11-18,5,1015.29,244.45,1259.74
2689,RSV00003151,2025-07-26,2025-08-02,7,266.22,55.3,321.52
2690,RSV00003152,2025-03-25,2025-03-27,2,431.14,215.41,646.55
2691,RSV00003153,2025-08-31,2025-09-05,5,947.89,104.35,1052.24
2692,RSV00003154,2026-05-12,2026-05-14,2,1443.32,91.92,1535.24
2693,RSV00003155,2026-04-09,2026-04-13,4,342.79,70.31,413.1
2694,RSV00003156,2025-08-10,2025-08-12,2,1454.32,187.31,1641.63
2695,RSV00003157,2024-09-15,2024-09-17,2,369.59,228.12,597.71
2696,RSV00003159,2026-02-08,2026-02-14,6,1039.35,53.82,1093.17
2697,RSV00003160,2025-03-16,2025-03-19,3,291.85,80.11,371.96
2698,RSV00003161,2025-10-05,2025-10-10,5,948.0,227.02,1175.02
2699,RSV00003163,2025-01-05,2025-01-09,4,541.75,105.13,646.88
2700,RSV00003164,2025-06-18,2025-06-19,1,713.07,86.2,799.27
2701,RSV00003166,2025-01-30,2025-02-01,2,1261.95,182.47,1444.42
2702,RSV00003167,2024-12-12,2024-12-13,1,940.81,74.46,1015.27
2703,RSV00003168,2024-09-15,2024-09-22,7,1199.39,147.71,1347.1
2704,RSV00003169,2026-05-24,2026-05-27,3,610.51,158.94,769.45
2705,RSV00003170,2025-03-23,2025-03-24,1,584.68,220.57,805.25
2706,RSV00003171,2024-07-16,2024-07-20,4,262.15,238.46,500.61
2707,RSV00003172,2026-05-02,2026-05-03,1,1416.25,126.13,1542.38
2708,RSV00003173,2026-01-01,2026-01-04,3,658.98,211.43,870.41
2709,RSV00003175,2026-02-13,2026-02-17,4,461.89,241.12,703.01
2710,RSV00003178,2026-03-24,2026-03-27,3,626.24,245.47,871.71
2711,RSV00003179,2025-05-26,2025-05-31,5,798.82,118.52,917.34
2712,RSV00003180,2025-04-21,2025-04-22,1,738.85,180.29,919.14
2713,RSV00003181,2024-10-02,2024-10-08,6,1077.16,19.77,1096.93
2714,RSV00003182,2024-06-17,2024-06-19,2,837.2,84.21,921.41
2715,RSV00003184,2026-04-11,2026-04-17,6,983.13,78.52,1061.65
2716,RSV00003185,2024-07-11,2024-07-14,3,726.15,160.24,886.39
2717,RSV00003186,2025-04-08,2025-04-10,2,89.44,239.34,328.78
2718,RSV00003187,2025-11-13,2025-11-14,1,1093.75,183.28,1277.03
2719,RSV00003188,2024-10-22,2024-10-26,4,338.69,62.59,401.28
2720,RSV00003189,2024-10-08,2024-10-15,7,759.51,139.31,898.82
2721,RSV00003190,2024-06-09,2024-06-15,6,507.28,87.72,595.0
2722,RSV00003191,2024-08-13,2024-08-19,6,232.81,204.19,437.0
2723,RSV00003192,2024-11-20,2024-11-21,1,544.66,77.99,622.65
2724,RSV00003193,2025-06-20,2025-06-24,4,487.71,44.83,532.54
2725,RSV00003194,2026-02-27,2026-03-04,5,1305.43,28.03,1333.46
2726,RSV00003195,2024-10-27,2024-10-29,2,131.21,47.29,178.5
2727,RSV00003197,2025-08-19,2025-08-25,6,633.58,183.2,816.78
2728,RSV00003198,2025-05-31,2025-06-02,2,609.47,182.57,792.04
2729,RSV00003199,2025-05-13,2025-05-20,7,1106.85,99.31,1206.16
2730,RSV00003200,2025-04-28,2025-05-04,6,616.05,21.89,637.94
2731,RSV00003202,2025-01-23,2025-01-28,5,90.75,107.25,198.0
2732,RSV00003203,2024-08-25,2024-08-28,3,1085.08,196.79,1281.87
2733,RSV00003204,2025-06-17,2025-06-19,2,1467.12,179.58,1646.7
2734,RSV00003205,2026-01-09,2026-01-11,2,766.55,175.65,942.2
2735,RSV00003206,2025-10-26,2025-11-01,6,1027.44,149.81,1177.25
2736,RSV00003207,2025-08-03,2025-08-05,2,107.32,87.33,194.65
2737,RSV00003209,2026-05-26,2026-05-30,4,1413.47,233.18,1646.65
2738,RSV00003210,2025-06-18,2025-06-21,3,584.23,174.89,759.12
2739,RSV00003211,2025-07-06,2025-07-11,5,1360.54,157.68,1518.22
2740,RSV00003212,2025-01-31,2025-02-07,7,846.37,50.77,897.14
2741,RSV00003213,2025-04-09,2025-04-16,7,1456.46,103.54,1560.0
2742,RSV00003214,2026-03-08,2026-03-11,3,295.52,229.22,524.74
2743,RSV00003215,2024-11-16,2024-11-19,3,187.44,117.74,305.18
2744,RSV00003216,2025-11-08,2025-11-14,6,1101.32,128.68,1230.0
2745,RSV00003217,2024-08-11,2024-08-17,6,1027.84,132.15,1159.99
2746,RSV00003218,2025-04-23,2025-04-30,7,721.3,241.15,962.45
2747,RSV00003219,2025-07-26,2025-08-02,7,839.83,111.34,951.17
2748,RSV00003220,2025-12-09,2025-12-11,2,1089.19,235.93,1325.12
2749,RSV00003221,2025-11-08,2025-11-14,6,207.16,170.4,377.56
2750,RSV00003222,2024-09-14,2024-09-20,6,148.13,204.91,353.04
2751,RSV00003225,2026-01-09,2026-01-11,2,692.26,139.28,831.54
2752,RSV00003226,2025-11-29,2025-11-30,1,644.57,121.31,765.88
2753,RSV00003227,2025-07-02,2025-07-08,6,856.87,230.07,1086.94
2754,RSV00003228,2024-12-02,2024-12-07,5,222.37,163.34,385.71
2755,RSV00003229,2025-11-20,2025-11-21,1,101.07,232.37,333.44
2756,RSV00003230,2025-03-27,2025-03-29,2,1277.01,115.69,1392.7
2757,RSV00003231,2024-08-28,2024-09-04,7,564.88,29.9,594.78
2758,RSV00003232,2024-09-03,2024-09-08,5,655.92,66.64,722.56
2759,RSV00003233,2025-08-06,2025-08-08,2,158.57,62.29,220.86
2760,RSV00003234,2025-10-13,2025-10-20,7,1223.67,247.37,1471.04
2761,RSV00003236,2024-09-15,2024-09-19,4,489.93,41.75,531.68
2762,RSV00003237,2025-03-28,2025-04-02,5,1186.18,98.68,1284.86
2763,RSV00003238,2024-09-02,2024-09-06,4,640.33,24.4,664.73
2764,RSV00003239,2024-11-25,2024-11-30,5,514.39,38.28,552.67
2765,RSV00003240,2024-08-16,2024-08-19,3,1010.73,83.81,1094.54
2766,RSV00003241,2026-04-18,2026-04-24,6,927.15,174.42,1101.57
2767,RSV00003242,2025-01-10,2025-01-11,1,1243.48,111.38,1354.86
2768,RSV00003243,2024-09-01,2024-09-04,3,568.07,243.64,811.71
2769,RSV00003244,2026-05-12,2026-05-15,3,521.94,217.37,739.31
2770,RSV00003245,2025-07-25,2025-08-01,7,383.07,227.73,610.8
2771,RSV00003246,2025-10-15,2025-10-16,1,1134.32,156.47,1290.79
2772,RSV00003248,2025-01-11,2025-01-14,3,705.16,225.11,930.27
2773,RSV00003249,2025-10-22,2025-10-23,1,1140.15,87.77,1227.92
2774,RSV00003251,2025-01-28,2025-01-31,3,1319.75,248.92,1568.67
2775,RSV00003252,2025-10-28,2025-10-31,3,1447.38,115.86,1563.24
2776,RSV00003253,2024-11-02,2024-11-04,2,306.82,145.69,452.51
2777,RSV00003255,2024-10-12,2024-10-17,5,273.7,99.66,373.36
2778,RSV00003256,2025-06-28,2025-07-03,5,930.38,191.97,1122.35
2779,RSV00003257,2026-02-28,2026-03-03,3,841.65,26.16,867.81
2780,RSV00003258,2025-01-17,2025-01-18,1,962.16,66.58,1028.74
2781,RSV00003259,2025-03-27,2025-04-03,7,1124.29,89.92,1214.21
2782,RSV00003260,2025-09-16,2025-09-22,6,124.43,119.08,243.51
2783,RSV00003262,2025-09-08,2025-09-15,7,1332.69,94.84,1427.53
2784,RSV00003263,2025-04-22,2025-04-25,3,805.69,151.75,957.44
2785,RSV00003265,2025-04-22,2025-04-26,4,840.39,206.45,1046.84
2786,RSV00003266,2025-11-17,2025-11-20,3,875.49,77.98,953.47
2787,RSV00003267,2025-12-31,2026-01-05,5,478.8,115.21,594.01
2788,RSV00003268,2025-07-09,2025-07-13,4,763.26,204.14,967.4
2789,RSV00003269,2025-12-15,2025-12-18,3,99.81,199.33,299.14
2790,RSV00003270,2024-09-07,2024-09-13,6,1389.73,4.51,1394.24
2791,RSV00003272,2025-12-16,2025-12-20,4,1270.48,84.77,1355.25
2792,RSV00003273,2025-01-30,2025-02-01,2,1278.29,177.83,1456.12
2793,RSV00003274,2024-08-20,2024-08-26,6,872.64,81.5,954.14
2794,RSV00003276,2025-09-22,2025-09-25,3,1187.31,234.21,1421.52
2795,RSV00003277,2026-01-09,2026-01-14,5,256.29,3.08,259.37
2796,RSV00003279,2025-12-12,2025-12-18,6,885.95,205.58,1091.53
2797,RSV00003280,2025-07-11,2025-07-12,1,1228.11,192.89,1421.0
2798,RSV00003282,2025-07-14,2025-07-16,2,1285.53,191.9,1477.43
2799,RSV00003283,2025-02-05,2025-02-12,7,906.32,126.71,1033.03
2800,RSV00003284,2024-07-07,2024-07-08,1,503.84,65.5,569.34
2801,RSV00003285,2024-08-08,2024-08-13,5,553.26,233.71,786.97
2802,RSV00003286,2025-01-09,2025-01-11,2,1393.0,80.75,1473.75
2803,RSV00003287,2024-12-10,2024-12-11,1,1019.12,119.2,1138.32
2804,RSV00003288,2025-06-15,2025-06-17,2,1103.6,137.63,1241.23
2805,RSV00003289,2025-02-13,2025-02-17,4,1017.23,117.19,1134.42
2806,RSV00003290,2024-12-26,2024-12-30,4,1039.47,70.93,1110.4
2807,RSV00003291,2025-07-29,2025-08-04,6,484.14,223.93,708.07
2808,RSV00003293,2025-09-14,2025-09-18,4,161.74,198.5,360.24
2809,RSV00003294,2025-05-13,2025-05-17,4,491.69,249.77,741.46
2810,RSV00003295,2025-06-20,2025-06-27,7,1251.93,243.44,1495.37
2811,RSV00003296,2024-12-31,2025-01-01,1,253.74,181.58,435.32
2812,RSV00003297,2025-11-14,2025-11-17,3,704.99,133.75,838.74
2813,RSV00003298,2025-10-19,2025-10-26,7,1320.76,228.4,1549.16
2814,RSV00003299,2025-11-24,2025-11-27,3,1068.36,118.76,1187.12
2815,RSV00003301,2024-07-24,2024-07-30,6,330.86,35.3,366.16
2816,RSV00003302,2025-06-22,2025-06-23,1,733.34,114.96,848.3
2817,RSV00003303,2026-01-18,2026-01-21,3,655.07,56.18,711.25
2818,RSV00003304,2025-03-24,2025-03-27,3,844.96,49.94,894.9
2819,RSV00003306,2024-06-26,2024-07-02,6,827.37,172.21,999.58
2820,RSV00003307,2024-12-30,2025-01-05,6,264.95,94.06,359.01
2821,RSV00003308,2026-07-14,2026-07-20,6,171.21,169.62,340.83
2822,RSV00003309,2025-07-23,2025-07-30,7,820.43,154.57,975.0
2823,RSV00003310,2026-04-16,2026-04-22,6,197.41,222.78,420.19
2824,RSV00003311,2026-02-04,2026-02-09,5,1051.55,8.8,1060.35
2825,RSV00003312,2024-09-24,2024-09-26,2,883.23,198.99,1082.22
2826,RSV00003313,2024-11-29,2024-12-06,7,1008.38,150.8,1159.18
2827,RSV00003314,2026-05-06,2026-05-12,6,1461.82,167.97,1629.79
2828,RSV00003315,2025-12-26,2025-12-28,2,617.79,69.64,687.43
2829,RSV00003316,2024-08-25,2024-09-01,7,1146.78,6.48,1153.26
2830,RSV00003317,2024-12-22,2024-12-26,4,1389.67,13.97,1403.64
2831,RSV00003319,2025-02-24,2025-03-01,5,478.41,219.24,697.65
2832,RSV00003320,2025-11-13,2025-11-18,5,665.15,49.88,715.03
2833,RSV00003322,2024-11-21,2024-11-24,3,993.6,90.55,1084.15
2834,RSV00003324,2025-05-31,2025-06-03,3,390.23,47.35,437.58
2835,RSV00003325,2025-09-29,2025-10-06,7,810.51,21.02,831.53
2836,RSV00003326,2025-06-19,2025-06-21,2,373.84,93.51,467.35
2837,RSV00003327,2025-04-13,2025-04-14,1,1158.87,53.4,1212.27
2838,RSV00003328,2025-10-16,2025-10-22,6,894.32,162.59,1056.91
2839,RSV00003329,2026-05-01,2026-05-04,3,806.08,220.76,1026.84
2840,RSV00003330,2025-04-10,2025-04-14,4,320.01,22.36,342.37
2841,RSV00003331,2025-01-19,2025-01-26,7,200.48,42.45,242.93
2842,RSV00003332,2026-03-27,2026-04-01,5,470.8,86.89,557.69
2843,RSV00003333,2026-02-25,2026-03-04,7,560.61,41.56,602.17
2844,RSV00003334,2025-08-08,2025-08-14,6,755.62,135.77,891.39
2845,RSV00003335,2024-11-14,2024-11-15,1,265.77,2.17,267.94
2846,RSV00003336,2025-06-20,2025-06-27,7,1013.24,34.16,1047.4
2847,RSV00003337,2024-12-08,2024-12-14,6,577.76,112.78,690.54
2848,RSV00003340,2025-01-31,2025-02-05,5,946.92,14.42,961.34
2849,RSV00003341,2026-03-25,2026-03-27,2,1212.27,45.67,1257.94
2850,RSV00003342,2025-12-02,2025-12-09,7,513.07,109.73,622.8
2851,RSV00003343,2025-01-08,2025-01-12,4,181.36,169.26,350.62
2852,RSV00003344,2024-12-24,2024-12-25,1,835.43,130.98,966.41
2853,RSV00003345,2024-08-16,2024-08-18,2,823.24,72.26,895.5
2854,RSV00003346,2025-07-02,2025-07-09,7,728.04,236.52,964.56
2855,RSV00003347,2025-12-30,2026-01-01,2,534.0,160.74,694.74
2856,RSV00003348,2025-08-22,2025-08-29,7,1358.07,58.9,1416.97
2857,RSV00003350,2025-09-26,2025-10-02,6,293.78,50.56,344.34
2858,RSV00003351,2024-08-31,2024-09-06,6,538.99,119.67,658.66
2859,RSV00003352,2025-04-28,2025-04-30,2,790.22,152.89,943.11
2860,RSV00003353,2025-01-13,2025-01-14,1,568.6,205.19,773.79
2861,RSV00003356,2025-05-05,2025-05-06,1,1381.45,122.83,1504.28
2862,RSV00003357,2024-07-06,2024-07-10,4,525.42,70.57,595.99
2863,RSV00003358,2025-11-10,2025-11-13,3,114.17,136.67,250.84
2864,RSV00003359,2025-10-31,2025-11-01,1,1163.39,117.89,1281.28
2865,RSV00003360,2025-08-17,2025-08-21,4,1040.68,168.28,1208.96
2866,RSV00003362,2024-09-17,2024-09-23,6,150.56,105.48,256.04
2867,RSV00003363,2024-11-16,2024-11-21,5,1215.54,6.56,1222.1
2868,RSV00003364,2025-08-27,2025-08-29,2,1014.44,146.95,1161.39
2869,RSV00003366,2025-11-13,2025-11-17,4,773.26,106.57,879.83
2870,RSV00003367,2025-08-04,2025-08-06,2,1345.05,137.72,1482.77
2871,RSV00003368,2025-11-25,2025-11-29,4,986.49,240.89,1227.38
2872,RSV00003369,2025-09-03,2025-09-05,2,1325.03,80.28,1405.31
2873,RSV00003371,2025-09-24,2025-09-28,4,562.11,22.03,584.14
2874,RSV00003372,2025-06-10,2025-06-13,3,1079.36,101.55,1180.91
2875,RSV00003373,2025-10-22,2025-10-26,4,924.14,117.03,1041.17
2876,RSV00003374,2024-08-19,2024-08-21,2,713.29,187.52,900.81
2877,RSV00003375,2025-09-03,2025-09-06,3,454.57,214.65,669.22
2878,RSV00003376,2025-05-17,2025-05-21,4,974.45,238.63,1213.08
2879,RSV00003378,2026-05-06,2026-05-11,5,1252.36,126.85,1379.21
2880,RSV00003379,2026-06-11,2026-06-14,3,869.86,225.48,1095.34
2881,RSV00003381,2025-09-07,2025-09-12,5,153.26,160.66,313.92
2882,RSV00003383,2025-02-10,2025-02-12,2,781.98,133.78,915.76
2883,RSV00003384,2026-05-25,2026-06-01,7,1047.62,86.41,1134.03
2884,RSV00003387,2025-05-02,2025-05-05,3,1167.98,98.21,1266.19
2885,RSV00003388,2024-11-04,2024-11-09,5,320.25,132.65,452.9
2886,RSV00003389,2026-04-10,2026-04-17,7,1220.35,42.28,1262.63
2887,RSV00003390,2024-08-16,2024-08-20,4,365.33,121.35,486.68
2888,RSV00003391,2025-09-28,2025-10-02,4,511.89,205.91,717.8
2889,RSV00003392,2025-02-07,2025-02-08,1,1458.33,85.54,1543.87
2890,RSV00003393,2025-04-03,2025-04-04,1,692.81,89.54,782.35
2891,RSV00003394,2025-09-03,2025-09-05,2,1055.34,7.83,1063.17
2892,RSV00003395,2025-02-25,2025-02-28,3,1272.01,182.57,1454.58
2893,RSV00003396,2026-06-05,2026-06-07,2,1413.11,42.19,1455.3
2894,RSV00003398,2024-09-03,2024-09-05,2,1064.51,152.83,1217.34
2895,RSV00003400,2025-09-27,2025-10-04,7,1393.46,144.39,1537.85
2896,RSV00003401,2024-09-21,2024-09-26,5,1097.16,239.27,1336.43
2897,RSV00003404,2025-06-06,2025-06-09,3,132.45,118.39,250.84
2898,RSV00003405,2024-12-15,2024-12-22,7,207.83,150.83,358.66
2899,RSV00003407,2025-11-05,2025-11-12,7,1278.74,96.55,1375.29
2900,RSV00003408,2025-07-14,2025-07-19,5,332.81,109.72,442.53
2901,RSV00003409,2025-12-25,2025-12-29,4,1009.67,128.98,1138.65
2902,RSV00003410,2025-06-26,2025-06-29,3,993.68,127.73,1121.41
2903,RSV00003411,2025-03-07,2025-03-09,2,1054.19,34.23,1088.42
2904,RSV00003412,2026-02-15,2026-02-17,2,976.11,244.05,1220.16
2905,RSV00003414,2026-04-20,2026-04-22,2,381.6,120.73,502.33
2906,RSV00003415,2025-04-27,2025-05-03,6,1149.75,116.79,1266.54
2907,RSV00003416,2025-04-06,2025-04-10,4,993.19,122.86,1116.05
2908,RSV00003417,2025-11-08,2025-11-13,5,1473.85,188.39,1662.24
2909,RSV00003418,2024-07-29,2024-08-01,3,1098.68,48.61,1147.29
2910,RSV00003419,2024-06-21,2024-06-26,5,455.22,184.74,639.96
2911,RSV00003420,2025-12-22,2025-12-25,3,116.55,119.08,235.63
2912,RSV00003421,2025-12-26,2025-12-31,5,661.02,139.36,800.38
2913,RSV00003422,2025-10-26,2025-10-28,2,768.08,171.25,939.33
2914,RSV00003423,2025-06-19,2025-06-21,2,969.98,207.16,1177.14
2915,RSV00003424,2024-11-28,2024-12-02,4,672.7,83.88,756.58
2916,RSV00003425,2025-05-30,2025-06-01,2,409.68,102.1,511.78
2917,RSV00003426,2025-11-10,2025-11-13,3,1168.86,245.2,1414.06
2918,RSV00003427,2025-08-15,2025-08-16,1,224.01,245.74,469.75
2919,RSV00003429,2025-07-17,2025-07-20,3,147.53,70.04,217.57
2920,RSV00003431,2026-04-27,2026-04-28,1,646.11,54.94,701.05
2921,RSV00003432,2025-06-04,2025-06-10,6,315.76,171.01,486.77
2922,RSV00003433,2024-09-03,2024-09-07,4,1195.96,204.19,1400.15
2923,RSV00003434,2025-03-03,2025-03-07,4,1066.72,206.53,1273.25
2924,RSV00003435,2024-12-13,2024-12-14,1,1385.27,230.12,1615.39
2925,RSV00003436,2024-08-11,2024-08-13,2,1059.49,217.12,1276.61
2926,RSV00003437,2025-11-18,2025-11-22,4,696.47,220.83,917.3
2927,RSV00003438,2025-01-03,2025-01-07,4,262.78,142.28,405.06
2928,RSV00003439,2024-12-25,2024-12-31,6,324.89,99.34,424.23
2929,RSV00003440,2025-11-19,2025-11-22,3,561.86,199.67,761.53
2930,RSV00003441,2025-12-23,2025-12-24,1,203.52,142.67,346.19
2931,RSV00003442,2025-11-10,2025-11-13,3,890.66,17.06,907.72
2932,RSV00003443,2024-11-04,2024-11-08,4,1101.79,187.39,1289.18
2933,RSV00003444,2025-01-02,2025-01-05,3,1085.42,246.41,1331.83
2934,RSV00003445,2025-09-18,2025-09-25,7,516.43,176.78,693.21
2935,RSV00003446,2024-11-24,2024-11-27,3,547.39,111.59,658.98
2936,RSV00003447,2024-10-26,2024-10-27,1,867.66,186.63,1054.29
2937,RSV00003448,2025-12-09,2025-12-14,5,940.52,4.4,944.92
2938,RSV00003449,2025-08-03,2025-08-09,6,653.42,23.96,677.38
2939,RSV00003451,2026-04-08,2026-04-11,3,1252.66,118.65,1371.31
2940,RSV00003453,2026-03-11,2026-03-18,7,1263.38,188.76,1452.14
2941,RSV00003454,2025-01-07,2025-01-13,6,146.83,103.05,249.88
2942,RSV00003455,2026-03-18,2026-03-24,6,491.96,131.9,623.86
2943,RSV00003456,2025-07-11,2025-07-17,6,1280.97,78.78,1359.75
2944,RSV00003457,2026-02-09,2026-02-15,6,755.95,105.29,861.24
2945,RSV00003458,2026-04-07,2026-04-11,4,1287.38,204.8,1492.18
2946,RSV00003459,2025-11-01,2025-11-04,3,232.17,42.81,274.98
2947,RSV00003460,2026-01-31,2026-02-03,3,1089.8,45.04,1134.84
2948,RSV00003462,2024-11-19,2024-11-24,5,209.04,107.3,316.34
2949,RSV00003465,2025-11-06,2025-11-12,6,1467.56,33.05,1500.61
2950,RSV00003466,2025-11-16,2025-11-17,1,821.2,115.95,937.15
2951,RSV00003467,2026-01-04,2026-01-11,7,1426.53,96.63,1523.16
2952,RSV00003468,2026-01-23,2026-01-26,3,1093.91,56.63,1150.54
2953,RSV00003471,2024-08-15,2024-08-17,2,824.91,67.73,892.64
2954,RSV00003472,2025-12-02,2025-12-09,7,1151.0,246.57,1397.57
2955,RSV00003473,2026-04-29,2026-05-01,2,317.12,198.67,515.79
2956,RSV00003474,2024-08-25,2024-08-27,2,612.24,185.17,797.41
2957,RSV00003475,2025-08-25,2025-08-30,5,1222.36,14.98,1237.34
2958,RSV00003476,2025-06-24,2025-06-26,2,248.81,164.38,413.19
2959,RSV00003477,2024-12-28,2025-01-01,4,1115.74,208.19,1323.93
2960,RSV00003478,2026-01-25,2026-01-30,5,327.17,149.51,476.68
2961,RSV00003481,2025-07-04,2025-07-11,7,1004.03,71.44,1075.47
2962,RSV00003482,2025-01-04,2025-01-05,1,1080.42,249.61,1330.03
2963,RSV00003483,2025-04-13,2025-04-15,2,1331.24,225.08,1556.32
2964,RSV00003484,2024-11-05,2024-11-10,5,1446.32,161.56,1607.88
2965,RSV00003485,2025-09-21,2025-09-24,3,500.1,22.88,522.98
2966,RSV00003486,2025-11-25,2025-11-29,4,93.48,246.51,339.99
2967,RSV00003488,2024-06-16,2024-06-21,5,209.12,224.81,433.93
2968,RSV00003489,2026-01-17,2026-01-19,2,1242.07,143.38,1385.45
2969,RSV00003491,2026-01-25,2026-01-26,1,658.64,158.46,817.1
2970,RSV00003494,2025-08-14,2025-08-16,2,257.41,101.01,358.42
2971,RSV00003495,2025-01-12,2025-01-17,5,1332.89,204.43,1537.32
2972,RSV00003496,2026-02-14,2026-02-20,6,813.72,45.27,858.99
2973,RSV00003497,2025-04-16,2025-04-23,7,400.85,225.52,626.37
2974,RSV00003498,2026-02-01,2026-02-03,2,1434.4,188.66,1623.06
2975,RSV00003499,2025-01-25,2025-01-31,6,1387.99,204.87,1592.86
2976,RSV00003500,2026-04-26,2026-05-02,6,851.89,131.57,983.46
2977,RSV00003502,2024-10-12,2024-10-15,3,1025.81,207.07,1232.88
2978,RSV00003503,2025-10-07,2025-10-08,1,1334.43,83.58,1418.01
2979,RSV00003504,2026-06-14,2026-06-16,2,1001.79,64.58,1066.37
2980,RSV00003505,2024-06-16,2024-06-19,3,941.9,212.69,1154.59
2981,RSV00003506,2024-12-03,2024-12-04,1,1390.7,88.1,1478.8
2982,RSV00003507,2026-03-02,2026-03-04,2,437.52,118.25,555.77
2983,RSV00003508,2024-10-12,2024-10-18,6,426.53,59.04,485.57
2984,RSV00003511,2025-08-04,2025-08-05,1,796.12,145.3,941.42
2985,RSV00003512,2025-09-26,2025-09-29,3,677.1,68.81,745.91
2986,RSV00003513,2025-03-13,2025-03-18,5,878.16,44.75,922.91
2987,RSV00003514,2026-01-17,2026-01-19,2,866.17,162.1,1028.27
2988,RSV00003515,2026-04-14,2026-04-16,2,674.04,42.26,716.3
2989,RSV00003516,2025-01-15,2025-01-19,4,1241.88,0.26,1242.14
2990,RSV00003517,2025-07-13,2025-07-17,4,223.63,187.55,411.18
2991,RSV00003518,2025-10-04,2025-10-08,4,717.39,18.41,735.8
2992,RSV00003519,2024-11-19,2024-11-24,5,1393.02,119.22,1512.24
2993,RSV00003520,2024-09-18,2024-09-21,3,860.16,118.71,978.87
2994,RSV00003521,2025-06-18,2025-06-23,5,1284.12,105.13,1389.25
2995,RSV00003522,2024-09-14,2024-09-16,2,573.42,21.31,594.73
2996,RSV00003523,2026-05-23,2026-05-26,3,145.93,203.84,349.77
2997,RSV00003524,2025-06-28,2025-07-05,7,692.04,149.91,841.95
2998,RSV00003526,2025-03-11,2025-03-13,2,332.68,22.97,355.65
2999,RSV00003527,2026-05-02,2026-05-09,7,771.42,111.57,882.99
3000,RSV00003529,2024-08-31,2024-09-01,1,302.55,146.86,449.41
3001,RSV00003531,2026-06-28,2026-06-30,2,742.37,52.47,794.84
3002,RSV00003532,2024-10-29,2024-11-02,4,275.38,241.84,517.22
3003,RSV00003533,2025-11-01,2025-11-08,7,242.01,162.95,404.96
3004,RSV00003534,2026-03-23,2026-03-26,3,1170.42,244.79,1415.21
3005,RSV00003535,2025-08-21,2025-08-25,4,176.83,103.67,280.5
3006,RSV00003536,2024-09-05,2024-09-11,6,244.38,246.69,491.07
3007,RSV00003537,2024-08-19,2024-08-21,2,794.7,11.23,805.93
3008,RSV00003538,2025-10-09,2025-10-11,2,1285.21,53.03,1338.24
3009,RSV00003539,2025-01-27,2025-01-29,2,173.35,171.86,345.21
3010,RSV00003540,2025-05-17,2025-05-19,2,1189.23,224.16,1413.39
3011,RSV00003541,2024-11-13,2024-11-19,6,561.6,147.19,708.79
3012,RSV00003543,2025-08-16,2025-08-22,6,1356.03,82.69,1438.72
3013,RSV00003544,2025-11-27,2025-11-30,3,165.69,36.79,202.48
3014,RSV00003546,2024-09-15,2024-09-22,7,1266.13,5.46,1271.59
3015,RSV00003548,2025-11-01,2025-11-07,6,1468.16,85.54,1553.7
3016,RSV00003549,2025-03-15,2025-03-18,3,805.03,139.2,944.23
3017,RSV00003550,2025-03-19,2025-03-25,6,303.47,79.2,382.67
3018,RSV00003551,2025-07-08,2025-07-13,5,845.35,149.99,995.34
3019,RSV00003552,2026-06-15,2026-06-16,1,585.4,54.11,639.51
3020,RSV00003553,2026-03-28,2026-04-03,6,1216.53,188.29,1404.82
3021,RSV00003554,2025-10-21,2025-10-27,6,578.12,196.53,774.65
3022,RSV00003555,2025-06-02,2025-06-04,2,168.22,136.1,304.32
3023,RSV00003556,2025-11-27,2025-11-29,2,594.54,152.49,747.03
3024,RSV00003557,2025-07-31,2025-08-07,7,497.32,126.39,623.71
3025,RSV00003558,2026-04-27,2026-04-30,3,1024.22,248.17,1272.39
3026,RSV00003560,2024-11-02,2024-11-05,3,635.43,160.41,795.84
3027,RSV00003561,2025-01-29,2025-02-01,3,1497.09,39.3,1536.39
3028,RSV00003564,2026-01-12,2026-01-16,4,841.53,67.67,909.2
3029,RSV00003565,2025-03-10,2025-03-13,3,447.19,80.74,527.93
3030,RSV00003566,2024-12-12,2024-12-16,4,840.52,206.86,1047.38
3031,RSV00003567,2025-09-13,2025-09-18,5,482.62,43.46,526.08
3032,RSV00003569,2025-09-15,2025-09-19,4,763.92,175.17,939.09
3033,RSV00003570,2026-05-19,2026-05-26,7,1487.66,241.88,1729.54
3034,RSV00003571,2024-08-13,2024-08-17,4,624.25,90.71,714.96
3035,RSV00003573,2024-08-24,2024-08-26,2,993.99,239.69,1233.68
3036,RSV00003574,2025-11-26,2025-11-28,2,831.87,199.9,1031.77
3037,RSV00003575,2025-07-04,2025-07-09,5,1285.32,48.83,1334.15
3038,RSV00003576,2025-01-15,2025-01-16,1,626.59,130.06,756.65
3039,RSV00003577,2024-09-06,2024-09-10,4,1371.1,192.12,1563.22
3040,RSV00003578,2024-12-25,2024-12-27,2,1381.66,159.35,1541.01
3041,RSV00003579,2025-01-03,2025-01-10,7,1174.3,25.14,1199.44
3042,RSV00003580,2024-08-23,2024-08-25,2,254.29,118.93,373.22
3043,RSV00003581,2025-09-19,2025-09-25,6,88.93,231.09,320.02
3044,RSV00003582,2024-10-09,2024-10-16,7,1219.93,121.59,1341.52
3045,RSV00003583,2025-03-01,2025-03-04,3,389.42,58.36,447.78
3046,RSV00003584,2026-04-06,2026-04-08,2,464.97,179.52,644.49
3047,RSV00003585,2025-01-20,2025-01-25,5,1340.6,87.79,1428.39
3048,RSV00003586,2025-07-02,2025-07-05,3,578.37,142.19,720.56
3049,RSV00003588,2024-12-13,2024-12-20,7,1296.37,247.56,1543.93
3050,RSV00003589,2025-01-08,2025-01-11,3,838.0,110.12,948.12
3051,RSV00003590,2025-02-21,2025-02-28,7,952.97,85.71,1038.68
3052,RSV00003591,2025-08-20,2025-08-27,7,369.27,15.4,384.67
3053,RSV00003592,2025-08-20,2025-08-23,3,329.11,100.63,429.74
3054,RSV00003593,2024-10-12,2024-10-13,1,1274.61,13.82,1288.43
3055,RSV00003594,2024-12-23,2024-12-24,1,548.82,220.0,768.82
3056,RSV00003595,2024-09-04,2024-09-05,1,1385.08,22.61,1407.69
3057,RSV00003596,2025-09-12,2025-09-18,6,356.83,17.41,374.24
3058,RSV00003597,2026-01-04,2026-01-11,7,1413.26,210.4,1623.66
3059,RSV00003598,2024-09-02,2024-09-03,1,866.18,169.63,1035.81
3060,RSV00003599,2025-10-19,2025-10-23,4,1440.21,118.52,1558.73
3061,RSV00003600,2024-08-10,2024-08-13,3,1231.21,67.3,1298.51
3062,RSV00003601,2025-10-12,2025-10-14,2,315.62,181.76,497.38
3063,RSV00003602,2025-05-06,2025-05-12,6,418.52,47.49,466.01
3064,RSV00003603,2024-12-17,2024-12-22,5,1292.38,76.53,1368.91
3065,RSV00003604,2025-07-16,2025-07-22,6,806.86,205.98,1012.84
3066,RSV00003605,2025-06-05,2025-06-06,1,789.33,37.66,826.99
3067,RSV00003606,2025-11-04,2025-11-10,6,314.13,45.66,359.79
3068,RSV00003607,2025-05-05,2025-05-09,4,214.67,49.48,264.15
3069,RSV00003608,2025-09-02,2025-09-08,6,725.75,5.0,730.75
3070,RSV00003609,2025-11-20,2025-11-26,6,735.4,22.49,757.89
3071,RSV00003610,2025-05-12,2025-05-17,5,759.0,44.71,803.71
3072,RSV00003611,2025-03-24,2025-03-31,7,262.18,42.67,304.85
3073,RSV00003612,2025-06-23,2025-06-27,4,698.77,105.48,804.25
3074,RSV00003613,2025-05-16,2025-05-21,5,210.1,183.94,394.04
3075,RSV00003614,2025-05-19,2025-05-23,4,1403.25,230.64,1633.89
3076,RSV00003616,2025-02-03,2025-02-04,1,994.43,215.65,1210.08
3077,RSV00003617,2025-10-27,2025-11-03,7,1426.16,7.43,1433.59
3078,RSV00003618,2025-05-19,2025-05-20,1,659.68,1.88,661.56
3079,RSV00003620,2026-05-02,2026-05-06,4,1286.0,156.75,1442.75
3080,RSV00003621,2025-09-25,2025-09-26,1,697.55,148.66,846.21
3081,RSV00003622,2026-06-17,2026-06-18,1,946.89,233.89,1180.78
3082,RSV00003623,2025-08-27,2025-08-29,2,810.35,213.79,1024.14
3083,RSV00003624,2026-05-02,2026-05-08,6,725.9,14.45,740.35
3084,RSV00003625,2026-06-12,2026-06-13,1,322.22,175.93,498.15
3085,RSV00003626,2025-09-21,2025-09-28,7,628.18,125.66,753.84
3086,RSV00003628,2025-05-06,2025-05-10,4,856.07,76.84,932.91
3087,RSV00003629,2026-03-04,2026-03-08,4,868.4,81.6,950.0
3088,RSV00003630,2025-03-01,2025-03-04,3,120.2,98.64,218.84
3089,RSV00003631,2025-02-07,2025-02-10,3,898.01,202.06,1100.07
3090,RSV00003632,2025-06-25,2025-06-27,2,909.78,126.78,1036.56
3091,RSV00003633,2025-08-10,2025-08-12,2,880.29,4.68,884.97
3092,RSV00003634,2025-05-14,2025-05-17,3,1276.54,198.99,1475.53
3093,RSV00003635,2025-03-29,2025-04-05,7,184.17,122.2,306.37
3094,RSV00003636,2024-11-04,2024-11-08,4,802.65,149.16,951.81
3095,RSV00003637,2025-12-16,2025-12-21,5,136.99,96.42,233.41
3096,RSV00003638,2025-02-10,2025-02-12,2,1138.02,90.77,1228.79
3097,RSV00003639,2024-12-07,2024-12-14,7,898.91,129.95,1028.86
3098,RSV00003640,2025-11-11,2025-11-17,6,625.69,247.81,873.5
3099,RSV00003641,2025-09-21,2025-09-28,7,839.15,232.29,1071.44
3100,RSV00003642,2026-04-07,2026-04-09,2,438.73,97.05,535.78
3101,RSV00003643,2024-09-21,2024-09-23,2,340.95,222.86,563.81
3102,RSV00003644,2025-12-02,2025-12-07,5,526.51,136.03,662.54
3103,RSV00003645,2024-06-03,2024-06-05,2,572.97,55.67,628.64
3104,RSV00003646,2025-09-07,2025-09-08,1,218.96,236.09,455.05
3105,RSV00003647,2025-05-29,2025-05-30,1,431.68,98.29,529.97
3106,RSV00003648,2025-04-26,2025-04-27,1,1446.34,118.69,1565.03
3107,RSV00003649,2025-10-30,2025-11-02,3,231.33,112.59,343.92
3108,RSV00003650,2026-01-21,2026-01-26,5,1208.96,23.55,1232.51
3109,RSV00003651,2025-10-08,2025-10-14,6,169.92,114.72,284.64
3110,RSV00003652,2025-12-11,2025-12-12,1,1399.49,78.08,1477.57
3111,RSV00003654,2025-01-13,2025-01-18,5,1051.42,38.16,1089.58
3112,RSV00003655,2024-10-16,2024-10-20,4,208.37,25.89,234.26
3113,RSV00003656,2026-07-18,2026-07-21,3,818.56,76.94,895.5
3114,RSV00003657,2024-09-15,2024-09-21,6,713.14,53.67,766.81
3115,RSV00003658,2025-09-03,2025-09-08,5,770.33,93.77,864.1
3116,RSV00003659,2024-08-31,2024-09-01,1,1136.62,106.38,1243.0
3117,RSV00003660,2025-04-09,2025-04-13,4,404.26,102.78,507.04
3118,RSV00003661,2025-05-30,2025-06-04,5,179.62,134.31,313.93
3119,RSV00003662,2025-07-20,2025-07-24,4,1340.1,34.17,1374.27
3120,RSV00003663,2026-07-07,2026-07-14,7,726.51,202.82,929.33
3121,RSV00003664,2025-01-28,2025-02-03,6,514.83,2.93,517.76
3122,RSV00003665,2026-03-04,2026-03-09,5,566.6,62.18,628.78
3123,RSV00003666,2025-12-31,2026-01-01,1,508.8,13.63,522.43
3124,RSV00003667,2025-10-23,2025-10-28,5,405.58,40.45,446.03
3125,RSV00003668,2026-03-18,2026-03-25,7,1411.21,243.42,1654.63
3126,RSV00003669,2025-02-26,2025-03-04,6,710.73,72.03,782.76
3127,RSV00003670,2026-05-06,2026-05-12,6,1364.05,123.98,1488.03
3128,RSV00003671,2025-01-24,2025-01-30,6,777.28,127.09,904.37
3129,RSV00003672,2024-10-06,2024-10-13,7,792.8,119.75,912.55
3130,RSV00003674,2025-09-18,2025-09-20,2,1456.85,86.0,1542.85
3131,RSV00003676,2026-05-22,2026-05-24,2,1014.47,48.32,1062.79
3132,RSV00003677,2026-03-09,2026-03-12,3,111.75,88.99,200.74
3133,RSV00003680,2024-10-26,2024-10-30,4,1439.45,86.83,1526.28
3134,RSV00003681,2026-02-19,2026-02-21,2,347.84,30.42,378.26
3135,RSV00003682,2024-08-10,2024-08-11,1,1404.43,96.94,1501.37
3136,RSV00003683,2025-08-19,2025-08-24,5,1177.23,194.32,1371.55
3137,RSV00003684,2024-10-22,2024-10-24,2,1245.24,85.54,1330.78
3138,RSV00003685,2026-04-07,2026-04-13,6,928.65,207.87,1136.52
3139,RSV00003686,2024-07-09,2024-07-13,4,900.01,199.5,1099.51
3140,RSV00003688,2025-03-16,2025-03-17,1,219.09,232.42,451.51
3141,RSV00003690,2025-08-02,2025-08-07,5,332.24,61.28,393.52
3142,RSV00003691,2026-01-09,2026-01-15,6,679.64,41.89,721.53
3143,RSV00003693,2025-05-22,2025-05-29,7,962.71,16.23,978.94
3144,RSV00003694,2024-12-21,2024-12-23,2,1225.97,109.25,1335.22
3145,RSV00003695,2026-05-06,2026-05-10,4,1353.38,195.42,1548.8
3146,RSV00003696,2025-12-12,2025-12-19,7,843.37,5.94,849.31
3147,RSV00003697,2025-05-16,2025-05-18,2,1434.9,73.83,1508.73
3148,RSV00003700,2026-04-13,2026-04-16,3,445.17,52.4,497.57
3149,RSV00003702,2025-07-14,2025-07-19,5,1021.47,213.74,1235.21
3150,RSV00003703,2026-04-03,2026-04-09,6,955.74,178.81,1134.55
3151,RSV00003705,2025-04-14,2025-04-19,5,464.76,139.44,604.2
3152,RSV00003706,2025-03-22,2025-03-27,5,549.04,175.49,724.53
3153,RSV00003707,2024-10-27,2024-11-02,6,1474.3,181.31,1655.61
3154,RSV00003710,2024-07-22,2024-07-27,5,406.47,83.86,490.33
3155,RSV00003711,2024-07-21,2024-07-28,7,659.88,84.73,744.61
3156,RSV00003712,2026-03-24,2026-03-28,4,368.28,32.65,400.93
3157,RSV00003713,2025-12-30,2026-01-01,2,862.29,217.84,1080.13
3158,RSV00003714,2025-08-09,2025-08-15,6,602.03,31.11,633.14
3159,RSV00003715,2025-09-03,2025-09-05,2,595.71,28.14,623.85
3160,RSV00003716,2026-01-25,2026-01-26,1,1220.01,17.47,1237.48
3161,RSV00003717,2026-02-20,2026-02-26,6,318.41,106.51,424.92
3162,RSV00003718,2025-08-19,2025-08-26,7,170.42,160.23,330.65
3163,RSV00003719,2024-09-09,2024-09-13,4,548.98,15.55,564.53
3164,RSV00003720,2025-04-17,2025-04-22,5,898.25,100.56,998.81
3165,RSV00003721,2026-04-09,2026-04-16,7,1036.51,118.29,1154.8
3166,RSV00003722,2026-06-20,2026-06-27,7,775.19,96.53,871.72
3167,RSV00003723,2025-07-09,2025-07-12,3,261.45,0.16,261.61
3168,RSV00003725,2025-12-04,2025-12-08,4,696.9,132.2,829.1
3169,RSV00003726,2025-07-21,2025-07-26,5,1012.62,188.57,1201.19
3170,RSV00003728,2024-07-30,2024-08-03,4,519.06,118.88,637.94
3171,RSV00003729,2025-02-14,2025-02-19,5,1053.8,148.15,1201.95
3172,RSV00003730,2024-10-10,2024-10-14,4,1278.02,228.9,1506.92
3173,RSV00003732,2025-04-20,2025-04-26,6,347.3,201.2,548.5
3174,RSV00003734,2024-06-11,2024-06-15,4,1154.23,111.15,1265.38
3175,RSV00003736,2025-05-10,2025-05-14,4,867.32,221.57,1088.89
3176,RSV00003737,2024-08-03,2024-08-08,5,1079.75,150.84,1230.59
3177,RSV00003738,2024-08-20,2024-08-23,3,123.39,6.0,129.39
3178,RSV00003739,2026-05-14,2026-05-18,4,1317.21,160.53,1477.74
3179,RSV00003740,2025-01-19,2025-01-21,2,403.0,111.01,514.01
3180,RSV00003741,2025-01-19,2025-01-21,2,389.33,208.23,597.56
3181,RSV00003742,2026-01-11,2026-01-15,4,254.62,189.02,443.64
3182,RSV00003743,2024-10-26,2024-11-02,7,413.25,82.6,495.85
3183,RSV00003744,2025-09-29,2025-09-30,1,253.84,132.97,386.81
3184,RSV00003745,2024-05-29,2024-06-04,6,1353.24,246.72,1599.96
3185,RSV00003746,2025-02-27,2025-02-28,1,1442.32,206.82,1649.14
3186,RSV00003748,2024-07-13,2024-07-15,2,113.22,124.67,237.89
3187,RSV00003750,2025-12-06,2025-12-11,5,1075.24,81.58,1156.82
3188,RSV00003751,2026-04-12,2026-04-18,6,1475.44,163.79,1639.23
3189,RSV00003752,2026-04-07,2026-04-13,6,816.04,216.91,1032.95
3190,RSV00003753,2025-09-27,2025-10-01,4,1239.76,219.83,1459.59
3191,RSV00003754,2025-11-29,2025-11-30,1,725.9,113.02,838.92
3192,RSV00003755,2025-11-03,2025-11-10,7,423.32,168.34,591.66
3193,RSV00003756,2025-09-02,2025-09-04,2,629.63,63.91,693.54
3194,RSV00003757,2025-01-08,2025-01-13,5,257.16,156.65,413.81
3195,RSV00003758,2025-03-03,2025-03-07,4,380.67,152.58,533.25
3196,RSV00003759,2025-04-05,2025-04-10,5,1288.4,169.15,1457.55
3197,RSV00003760,2025-08-23,2025-08-24,1,691.06,142.33,833.39
3198,RSV00003761,2025-08-27,2025-08-28,1,1002.14,1.27,1003.41
3199,RSV00003762,2025-09-26,2025-10-01,5,1493.34,110.57,1603.91
3200,RSV00003763,2026-06-09,2026-06-11,2,1405.32,170.36,1575.68
3201,RSV00003764,2026-01-29,2026-02-02,4,533.81,224.77,758.58
3202,RSV00003765,2025-05-14,2025-05-17,3,224.77,59.91,284.68
3203,RSV00003766,2025-08-24,2025-08-25,1,1392.66,64.93,1457.59
3204,RSV00003767,2025-03-30,2025-04-05,6,1246.57,150.78,1397.35
3205,RSV00003768,2026-03-12,2026-03-17,5,1313.81,67.03,1380.84
3206,RSV00003770,2025-10-09,2025-10-11,2,968.69,238.48,1207.17
3207,RSV00003771,2025-10-13,2025-10-17,4,1162.28,6.95,1169.23
3208,RSV00003772,2025-06-08,2025-06-11,3,498.44,239.7,738.14
3209,RSV00003774,2026-01-24,2026-01-28,4,755.16,203.41,958.57
3210,RSV00003775,2025-06-30,2025-07-07,7,240.63,165.36,405.99
3211,RSV00003777,2026-04-26,2026-05-01,5,109.87,141.2,251.07
3212,RSV00003779,2025-10-29,2025-11-04,6,1013.15,189.19,1202.34
3213,RSV00003780,2024-10-02,2024-10-09,7,1397.16,171.42,1568.58
3214,RSV00003781,2024-10-13,2024-10-18,5,589.97,55.0,644.97
3215,RSV00003782,2026-05-17,2026-05-21,4,942.2,188.15,1130.35
3216,RSV00003783,2026-04-07,2026-04-11,4,189.67,221.19,410.86
3217,RSV00003785,2024-10-08,2024-10-10,2,799.34,133.22,932.56
3218,RSV00003786,2025-09-16,2025-09-20,4,548.45,89.58,638.03
3219,RSV00003788,2026-03-31,2026-04-07,7,1370.62,92.6,1463.22
3220,RSV00003789,2025-06-08,2025-06-13,5,658.5,149.39,807.89
3221,RSV00003790,2025-08-18,2025-08-19,1,1229.2,19.89,1249.09
3222,RSV00003791,2025-01-27,2025-02-01,5,1356.89,80.19,1437.08
3223,RSV00003792,2025-05-13,2025-05-17,4,1150.63,87.27,1237.9
3224,RSV00003793,2024-12-08,2024-12-12,4,1433.72,144.44,1578.16
3225,RSV00003794,2025-06-08,2025-06-14,6,557.08,229.76,786.84
3226,RSV00003795,2024-06-22,2024-06-26,4,113.19,212.78,325.97
3227,RSV00003796,2025-02-25,2025-03-04,7,225.73,115.1,340.83
3228,RSV00003797,2025-04-15,2025-04-20,5,110.82,193.24,304.06
3229,RSV00003798,2026-01-16,2026-01-22,6,1036.89,153.29,1190.18
3230,RSV00003799,2024-09-23,2024-09-25,2,773.95,49.85,823.8
3231,RSV00003800,2025-03-07,2025-03-14,7,715.4,166.37,881.77
3232,RSV00003801,2026-05-04,2026-05-05,1,825.46,241.91,1067.37
3233,RSV00003802,2024-09-12,2024-09-19,7,849.55,239.89,1089.44
3234,RSV00003803,2025-06-14,2025-06-17,3,962.69,94.85,1057.54
3235,RSV00003804,2025-07-12,2025-07-13,1,1130.77,73.82,1204.59
3236,RSV00003807,2025-04-05,2025-04-07,2,175.19,4.05,179.24
3237,RSV00003809,2024-11-07,2024-11-10,3,637.02,175.62,812.64
3238,RSV00003810,2025-07-05,2025-07-06,1,1242.78,198.67,1441.45
3239,RSV00003811,2025-11-03,2025-11-10,7,1220.05,174.74,1394.79
3240,RSV00003812,2025-04-08,2025-04-12,4,1453.84,174.79,1628.63
3241,RSV00003813,2025-12-07,2025-12-10,3,1279.38,39.77,1319.15
3242,RSV00003814,2025-05-30,2025-06-04,5,943.79,181.98,1125.77
3243,RSV00003815,2026-04-11,2026-04-14,3,185.84,45.53,231.37
3244,RSV00003816,2025-09-25,2025-10-02,7,526.64,173.92,700.56
3245,RSV00003818,2024-11-06,2024-11-13,7,1467.87,22.18,1490.05
3246,RSV00003819,2025-03-01,2025-03-02,1,625.58,148.29,773.87
3247,RSV00003820,2024-10-15,2024-10-17,2,200.76,32.27,233.03
3248,RSV00003821,2025-04-05,2025-04-07,2,1376.93,217.92,1594.85
3249,RSV00003822,2025-12-03,2025-12-08,5,931.99,158.16,1090.15
3250,RSV00003823,2025-03-01,2025-03-08,7,737.85,16.2,754.05
3251,RSV00003824,2026-03-25,2026-03-30,5,1111.43,229.0,1340.43
3252,RSV00003825,2024-08-28,2024-09-04,7,735.0,157.34,892.34
3253,RSV00003827,2025-03-18,2025-03-19,1,608.81,208.79,817.6
3254,RSV00003828,2025-01-28,2025-02-03,6,275.79,0.67,276.46
3255,RSV00003829,2025-02-04,2025-02-06,2,971.23,117.02,1088.25
3256,RSV00003830,2025-03-06,2025-03-12,6,187.03,211.97,399.0
3257,RSV00003831,2026-05-10,2026-05-12,2,243.64,177.05,420.69
3258,RSV00003832,2025-05-17,2025-05-22,5,1265.23,153.28,1418.51
3259,RSV00003833,2025-03-23,2025-03-27,4,1386.38,192.65,1579.03
3260,RSV00003834,2026-02-14,2026-02-15,1,860.44,59.36,919.8
3261,RSV00003836,2026-05-06,2026-05-12,6,1110.41,196.19,1306.6
3262,RSV00003838,2024-10-27,2024-11-02,6,910.53,246.73,1157.26
3263,RSV00003839,2025-12-28,2026-01-04,7,1249.61,21.26,1270.87
3264,RSV00003840,2025-09-01,2025-09-03,2,1362.06,68.23,1430.29
3265,RSV00003842,2026-05-02,2026-05-09,7,218.11,52.92,271.03
3266,RSV00003843,2024-09-14,2024-09-18,4,784.89,5.48,790.37
3267,RSV00003844,2025-12-08,2025-12-13,5,774.2,74.19,848.39
3268,RSV00003845,2025-06-19,2025-06-23,4,371.84,147.22,519.06
3269,RSV00003846,2026-06-02,2026-06-09,7,538.48,144.03,682.51
3270,RSV00003847,2025-02-03,2025-02-04,1,101.29,54.09,155.38
3271,RSV00003848,2025-10-22,2025-10-25,3,314.87,103.93,418.8
3272,RSV00003849,2024-09-09,2024-09-13,4,1214.94,144.14,1359.08
3273,RSV00003850,2025-10-20,2025-10-25,5,452.46,241.84,694.3
3274,RSV00003851,2025-12-04,2025-12-07,3,510.78,170.91,681.69
3275,RSV00003852,2025-04-13,2025-04-14,1,132.99,233.78,366.77
3276,RSV00003854,2024-11-08,2024-11-13,5,480.76,192.28,673.04
3277,RSV00003855,2024-11-03,2024-11-04,1,1135.64,249.58,1385.22
3278,RSV00003856,2025-06-12,2025-06-15,3,987.82,122.29,1110.11
3279,RSV00003857,2024-12-03,2024-12-06,3,135.21,196.76,331.97
3280,RSV00003859,2024-06-12,2024-06-16,4,534.09,29.75,563.84
3281,RSV00003860,2025-11-22,2025-11-24,2,462.67,224.3,686.97
3282,RSV00003861,2025-12-13,2025-12-18,5,343.43,139.1,482.53
3283,RSV00003864,2025-05-17,2025-05-19,2,962.19,109.17,1071.36
3284,RSV00003865,2025-11-18,2025-11-25,7,250.18,245.93,496.11
3285,RSV00003867,2025-02-15,2025-02-20,5,623.0,66.91,689.91
3286,RSV00003868,2025-04-17,2025-04-24,7,837.89,157.36,995.25
3287,RSV00003869,2025-09-18,2025-09-19,1,314.65,67.4,382.05
3288,RSV00003870,2026-07-11,2026-07-15,4,1005.35,65.52,1070.87
3289,RSV00003871,2025-01-15,2025-01-20,5,581.02,50.79,631.81
3290,RSV00003872,2024-09-14,2024-09-21,7,518.05,249.75,767.8
3291,RSV00003873,2025-05-14,2025-05-15,1,1400.62,22.68,1423.3
3292,RSV00003874,2025-03-09,2025-03-11,2,447.5,181.06,628.56
3293,RSV00003875,2024-10-09,2024-10-12,3,959.59,63.86,1023.45
3294,RSV00003876,2024-07-31,2024-08-01,1,1086.09,15.83,1101.92
3295,RSV00003877,2026-02-13,2026-02-20,7,338.75,22.16,360.91
3296,RSV00003878,2025-02-16,2025-02-19,3,796.15,63.84,859.99
3297,RSV00003879,2025-08-27,2025-09-02,6,735.79,249.63,985.42
3298,RSV00003880,2026-01-15,2026-01-18,3,464.17,134.68,598.85
3299,RSV00003882,2025-02-02,2025-02-06,4,747.98,8.25,756.23
3300,RSV00003883,2025-06-22,2025-06-24,2,257.47,232.49,489.96
3301,RSV00003884,2025-05-15,2025-05-20,5,1068.91,223.43,1292.34
3302,RSV00003885,2024-11-15,2024-11-22,7,135.73,42.84,178.57
3303,RSV00003886,2025-03-28,2025-04-01,4,221.95,206.47,428.42
3304,RSV00003887,2024-11-11,2024-11-14,3,751.82,234.96,986.78
3305,RSV00003888,2024-09-27,2024-09-29,2,135.24,76.67,211.91
3306,RSV00003889,2025-10-27,2025-11-03,7,1426.79,200.6,1627.39
3307,RSV00003890,2026-04-09,2026-04-12,3,1356.16,51.43,1407.59
3308,RSV00003891,2026-01-15,2026-01-16,1,963.0,227.14,1190.14
3309,RSV00003892,2024-09-03,2024-09-05,2,291.59,174.51,466.1
3310,RSV00003894,2024-12-20,2024-12-26,6,699.71,24.52,724.23
3311,RSV00003895,2026-03-30,2026-04-06,7,418.93,235.39,654.32
3312,RSV00003897,2026-04-28,2026-05-02,4,876.33,202.63,1078.96
3313,RSV00003898,2025-08-20,2025-08-22,2,1016.49,60.62,1077.11
3314,RSV00003900,2025-03-05,2025-03-10,5,278.3,84.94,363.24
3315,RSV00003901,2026-04-05,2026-04-06,1,721.79,227.54,949.33
3316,RSV00003903,2025-12-25,2025-12-28,3,720.53,209.45,929.98
3317,RSV00003904,2025-09-03,2025-09-04,1,1165.11,100.64,1265.75
3318,RSV00003905,2025-11-03,2025-11-10,7,951.24,13.43,964.67
3319,RSV00003906,2026-04-28,2026-05-02,4,613.25,110.2,723.45
3320,RSV00003908,2024-10-03,2024-10-05,2,605.5,66.12,671.62
3321,RSV00003909,2026-02-20,2026-02-25,5,1005.11,81.98,1087.09
3322,RSV00003910,2025-08-07,2025-08-11,4,1409.17,124.49,1533.66
3323,RSV00003911,2024-07-20,2024-07-27,7,420.13,113.12,533.25
3324,RSV00003912,2025-05-14,2025-05-15,1,654.91,240.88,895.79
3325,RSV00003913,2024-10-08,2024-10-10,2,433.49,248.76,682.25
3326,RSV00003914,2025-09-14,2025-09-18,4,774.9,69.3,844.2
3327,RSV00003915,2026-01-20,2026-01-26,6,319.46,21.26,340.72
3328,RSV00003916,2025-07-12,2025-07-17,5,1481.95,18.27,1500.22
3329,RSV00003917,2026-04-14,2026-04-19,5,166.6,133.66,300.26
3330,RSV00003918,2024-07-10,2024-07-14,4,618.02,103.26,721.28
3331,RSV00003919,2025-07-06,2025-07-08,2,714.0,135.02,849.02
3332,RSV00003920,2025-09-18,2025-09-20,2,1126.15,17.29,1143.44
3333,RSV00003921,2024-10-06,2024-10-13,7,1057.79,33.45,1091.24
3334,RSV00003922,2025-07-25,2025-07-31,6,1288.38,209.07,1497.45
3335,RSV00003923,2026-07-10,2026-07-17,7,786.06,101.26,887.32
3336,RSV00003924,2025-12-30,2026-01-04,5,427.44,219.47,646.91
3337,RSV00003925,2026-06-15,2026-06-22,7,457.63,230.47,688.1
3338,RSV00003926,2025-01-24,2025-01-27,3,349.38,56.18,405.56
3339,RSV00003927,2025-07-19,2025-07-23,4,1308.3,51.34,1359.64
3340,RSV00003928,2025-03-26,2025-03-28,2,1163.01,117.45,1280.46
3341,RSV00003929,2025-09-10,2025-09-17,7,741.99,242.91,984.9
3342,RSV00003931,2025-06-01,2025-06-08,7,1307.16,185.36,1492.52
3343,RSV00003932,2026-02-23,2026-03-01,6,1034.9,197.42,1232.32
3344,RSV00003934,2025-12-30,2025-12-31,1,266.29,8.83,275.12
3345,RSV00003935,2024-09-08,2024-09-09,1,174.01,184.61,358.62
3346,RSV00003936,2024-08-20,2024-08-25,5,1050.16,193.56,1243.72
3347,RSV00003937,2025-02-08,2025-02-15,7,296.02,232.83,528.85
3348,RSV00003938,2026-04-24,2026-04-29,5,930.66,142.82,1073.48
3349,RSV00003939,2024-08-15,2024-08-20,5,1076.23,178.31,1254.54
3350,RSV00003940,2026-02-11,2026-02-16,5,189.06,54.14,243.2
3351,RSV00003941,2026-02-18,2026-02-19,1,907.53,248.3,1155.83
3352,RSV00003942,2025-11-13,2025-11-18,5,1086.9,43.38,1130.28
3353,RSV00003944,2026-05-27,2026-06-02,6,952.75,41.81,994.56
3354,RSV00003945,2025-10-06,2025-10-08,2,396.8,31.54,428.34
3355,RSV00003946,2025-11-22,2025-11-25,3,431.85,184.92,616.77
3356,RSV00003947,2025-11-04,2025-11-10,6,899.54,46.0,945.54
3357,RSV00003948,2026-03-17,2026-03-23,6,1298.07,113.78,1411.85
3358,RSV00003951,2025-03-14,2025-03-15,1,1441.13,213.43,1654.56
3359,RSV00003952,2025-03-18,2025-03-22,4,1396.74,196.43,1593.17
3360,RSV00003953,2025-03-24,2025-03-28,4,517.68,93.58,611.26
3361,RSV00003955,2025-02-14,2025-02-20,6,124.59,76.64,201.23
3362,RSV00003956,2025-02-28,2025-03-03,3,369.29,81.95,451.24
3363,RSV00003957,2025-07-12,2025-07-17,5,825.11,107.76,932.87
3364,RSV00003958,2024-12-10,2024-12-15,5,1250.86,136.53,1387.39
3365,RSV00003959,2025-02-13,2025-02-17,4,980.6,175.74,1156.34
3366,RSV00003960,2024-06-17,2024-06-18,1,575.96,105.41,681.37
3367,RSV00003962,2024-11-12,2024-11-19,7,587.58,25.06,612.64
3368,RSV00003963,2025-11-15,2025-11-20,5,434.87,31.97,466.84
3369,RSV00003964,2024-09-05,2024-09-09,4,1389.87,128.97,1518.84
3370,RSV00003965,2025-11-21,2025-11-25,4,1477.93,208.23,1686.16
3371,RSV00003966,2025-01-30,2025-02-02,3,314.42,205.67,520.09
3372,RSV00003968,2025-12-27,2025-12-29,2,663.87,170.79,834.66
3373,RSV00003969,2026-05-27,2026-05-31,4,1276.38,53.91,1330.29
3374,RSV00003970,2025-08-27,2025-08-30,3,434.09,26.45,460.54
3375,RSV00003971,2025-12-10,2025-12-12,2,890.54,174.32,1064.86
3376,RSV00003973,2024-10-21,2024-10-24,3,166.68,163.94,330.62
3377,RSV00003974,2025-10-09,2025-10-12,3,1407.67,183.96,1591.63
3378,RSV00003976,2024-12-16,2024-12-23,7,870.86,80.36,951.22
3379,RSV00003977,2024-07-19,2024-07-21,2,549.14,21.38,570.52
3380,RSV00003978,2025-04-22,2025-04-26,4,1037.32,0.0,1037.32
3381,RSV00003979,2025-03-16,2025-03-17,1,541.27,187.46,728.73
3382,RSV00003980,2026-02-25,2026-03-01,4,1109.93,3.38,1113.31
3383,RSV00003981,2025-07-02,2025-07-05,3,440.2,3.94,444.14
3384,RSV00003982,2025-07-08,2025-07-12,4,1333.29,104.31,1437.6
3385,RSV00003983,2025-03-12,2025-03-18,6,501.92,156.78,658.7
3386,RSV00003985,2025-09-08,2025-09-15,7,1360.18,195.07,1555.25
3387,RSV00003986,2024-12-05,2024-12-12,7,283.67,70.99,354.66
3388,RSV00003987,2025-05-26,2025-05-29,3,671.02,208.3,879.32
3389,RSV00003988,2025-07-21,2025-07-24,3,1356.44,5.95,1362.39
3390,RSV00003989,2025-12-14,2025-12-15,1,89.18,177.97,267.15
3391,RSV00003990,2025-08-31,2025-09-02,2,242.44,2.03,244.47
3392,RSV00003991,2024-06-15,2024-06-21,6,1105.99,156.76,1262.75
3393,RSV00003993,2025-11-14,2025-11-15,1,1418.85,144.84,1563.69
3394,RSV00003994,2024-06-26,2024-07-03,7,508.93,38.88,547.81
3395,RSV00003995,2025-02-04,2025-02-11,7,415.39,57.03,472.42
3396,RSV00003996,2025-08-11,2025-08-13,2,431.85,66.82,498.67
3397,RSV00003997,2025-01-26,2025-02-01,6,431.77,99.47,531.24
3398,RSV00003998,2024-07-24,2024-07-29,5,188.95,237.93,426.88
3399,RSV00003999,2025-08-15,2025-08-19,4,425.98,10.88,436.86
3400,RSV00004000,2026-05-04,2026-05-11,7,1236.93,173.06,1409.99
3401,RSV00004002,2024-09-12,2024-09-14,2,568.63,241.69,810.32
3402,RSV00004003,2025-07-23,2025-07-28,5,141.21,186.61,327.82
3403,RSV00004005,2025-08-30,2025-09-03,4,1434.41,63.5,1497.91
3404,RSV00004006,2024-10-25,2024-10-29,4,636.96,43.45,680.41
3405,RSV00004007,2026-04-14,2026-04-17,3,462.25,32.88,495.13
3406,RSV00004009,2024-08-20,2024-08-24,4,950.86,53.6,1004.46
3407,RSV00004011,2024-09-06,2024-09-12,6,955.23,90.59,1045.82
3408,RSV00004012,2026-01-31,2026-02-06,6,1001.16,166.8,1167.96
3409,RSV00004013,2025-03-28,2025-03-29,1,564.83,51.55,616.38
3410,RSV00004014,2025-07-10,2025-07-15,5,453.2,27.53,480.73
3411,RSV00004015,2025-06-23,2025-06-28,5,1075.47,177.3,1252.77
3412,RSV00004017,2025-10-13,2025-10-15,2,651.44,20.55,671.99
3413,RSV00004018,2025-08-11,2025-08-18,7,207.46,160.22,367.68
3414,RSV00004019,2025-02-21,2025-02-25,4,1216.23,35.69,1251.92
3415,RSV00004020,2025-07-30,2025-08-05,6,1312.81,202.15,1514.96
3416,RSV00004022,2026-06-03,2026-06-09,6,1437.49,48.65,1486.14
3417,RSV00004023,2025-12-23,2025-12-28,5,590.4,92.46,682.86
3418,RSV00004025,2024-10-22,2024-10-26,4,388.12,36.87,424.99
3419,RSV00004026,2024-12-29,2025-01-04,6,369.31,212.52,581.83
3420,RSV00004027,2025-07-26,2025-08-01,6,971.56,118.42,1089.98
3421,RSV00004028,2025-04-03,2025-04-06,3,100.08,124.52,224.6
3422,RSV00004029,2024-07-20,2024-07-21,1,469.77,182.29,652.06
3423,RSV00004030,2026-04-30,2026-05-03,3,825.66,19.79,845.45
3424,RSV00004031,2025-03-06,2025-03-07,1,238.53,30.83,269.36
3425,RSV00004032,2026-04-19,2026-04-26,7,331.5,136.75,468.25
3426,RSV00004033,2025-08-06,2025-08-09,3,221.59,69.68,291.27
3427,RSV00004034,2024-08-01,2024-08-03,2,1106.51,32.61,1139.12
3428,RSV00004035,2024-08-19,2024-08-21,2,458.22,169.76,627.98
3429,RSV00004036,2025-05-10,2025-05-13,3,1076.03,68.66,1144.69
3430,RSV00004038,2025-12-07,2025-12-13,6,1222.67,160.71,1383.38
3431,RSV00004039,2024-12-06,2024-12-08,2,484.51,30.44,514.95
3432,RSV00004041,2025-12-01,2025-12-02,1,201.94,34.45,236.39
3433,RSV00004042,2025-02-26,2025-03-03,5,848.43,237.1,1085.53
3434,RSV00004043,2026-03-15,2026-03-16,1,344.55,32.02,376.57
3435,RSV00004044,2025-02-17,2025-02-24,7,870.53,31.93,902.46
3436,RSV00004046,2024-12-02,2024-12-03,1,761.6,13.57,775.17
3437,RSV00004048,2025-06-20,2025-06-27,7,1000.18,78.34,1078.52
3438,RSV00004049,2026-02-16,2026-02-18,2,160.89,103.55,264.44
3439,RSV00004050,2025-12-26,2026-01-02,7,1126.29,17.75,1144.04
3440,RSV00004051,2024-08-12,2024-08-13,1,1136.96,236.67,1373.63
3441,RSV00004052,2025-04-19,2025-04-24,5,1194.5,5.1,1199.6
3442,RSV00004053,2024-11-19,2024-11-25,6,1289.93,238.85,1528.78
3443,RSV00004055,2025-05-01,2025-05-02,1,1075.66,33.65,1109.31
3444,RSV00004057,2026-01-22,2026-01-27,5,571.32,29.22,600.54
3445,RSV00004058,2025-09-15,2025-09-20,5,911.33,106.09,1017.42
3446,RSV00004059,2025-01-17,2025-01-21,4,979.76,249.81,1229.57
3447,RSV00004060,2025-09-24,2025-09-26,2,1142.18,159.92,1302.1
3448,RSV00004061,2025-07-27,2025-07-30,3,1044.68,226.56,1271.24
3449,RSV00004062,2025-10-13,2025-10-20,7,384.11,201.79,585.9
3450,RSV00004063,2026-06-07,2026-06-13,6,263.59,195.32,458.91
3451,RSV00004064,2025-07-28,2025-07-30,2,1297.63,207.23,1504.86
3452,RSV00004065,2025-12-29,2025-12-31,2,1156.8,100.29,1257.09
3453,RSV00004066,2024-08-04,2024-08-09,5,1198.81,37.72,1236.53
3454,RSV00004067,2025-03-16,2025-03-22,6,393.81,209.59,603.4
3455,RSV00004068,2026-04-13,2026-04-19,6,911.36,207.76,1119.12
3456,RSV00004069,2024-10-04,2024-10-09,5,737.51,236.21,973.72
3457,RSV00004070,2025-12-23,2025-12-28,5,170.71,164.06,334.77
3458,RSV00004071,2025-08-21,2025-08-26,5,448.16,249.96,698.12
3459,RSV00004072,2025-06-07,2025-06-14,7,1381.59,109.03,1490.62
3460,RSV00004073,2024-10-31,2024-11-04,4,1101.1,44.91,1146.01
3461,RSV00004074,2025-09-21,2025-09-22,1,899.43,11.81,911.24
3462,RSV00004075,2024-10-31,2024-11-07,7,225.55,160.24,385.79
3463,RSV00004076,2024-08-06,2024-08-11,5,330.38,153.18,483.56
3464,RSV00004077,2024-07-17,2024-07-21,4,630.07,26.43,656.5
3465,RSV00004078,2025-10-25,2025-10-27,2,388.17,225.92,614.09
3466,RSV00004079,2025-10-22,2025-10-28,6,1068.67,221.06,1289.73
3467,RSV00004080,2025-09-25,2025-09-27,2,356.19,143.5,499.69
3468,RSV00004081,2026-05-13,2026-05-20,7,617.76,92.81,710.57
3469,RSV00004082,2024-10-01,2024-10-06,5,126.2,43.73,169.93
3470,RSV00004083,2024-08-03,2024-08-06,3,983.78,81.47,1065.25
3471,RSV00004084,2024-08-14,2024-08-20,6,743.79,181.61,925.4
3472,RSV00004086,2026-05-29,2026-06-05,7,1283.84,232.53,1516.37
3473,RSV00004088,2024-06-12,2024-06-18,6,1386.75,244.08,1630.83
3474,RSV00004089,2024-11-24,2024-11-26,2,705.78,61.53,767.31
3475,RSV00004090,2026-05-26,2026-05-30,4,886.5,22.27,908.77
3476,RSV00004091,2026-02-21,2026-02-24,3,1047.25,32.76,1080.01
3477,RSV00004092,2024-08-06,2024-08-09,3,451.31,46.58,497.89
3478,RSV00004093,2026-05-13,2026-05-19,6,1007.32,198.7,1206.02
3479,RSV00004095,2025-04-21,2025-04-23,2,1358.3,114.28,1472.58
3480,RSV00004097,2025-12-19,2025-12-25,6,999.52,132.22,1131.74
3481,RSV00004098,2025-01-24,2025-01-30,6,785.92,113.93,899.85
3482,RSV00004099,2026-05-14,2026-05-15,1,87.1,11.08,98.18
3483,RSV00004100,2026-04-22,2026-04-27,5,717.57,213.18,930.75
3484,RSV00004102,2025-09-27,2025-10-01,4,339.23,120.79,460.02
3485,RSV00004104,2024-09-29,2024-10-05,6,1218.57,74.98,1293.55
3486,RSV00004105,2025-08-29,2025-09-04,6,678.21,225.85,904.06
3487,RSV00004108,2025-11-14,2025-11-20,6,1450.17,170.66,1620.83
3488,RSV00004109,2025-07-11,2025-07-12,1,1048.53,32.61,1081.14
3489,RSV00004110,2024-12-14,2024-12-20,6,810.78,217.34,1028.12
3490,RSV00004111,2025-02-13,2025-02-20,7,465.84,227.2,693.04
3491,RSV00004112,2025-05-04,2025-05-07,3,159.62,154.83,314.45
3492,RSV00004113,2024-11-08,2024-11-11,3,485.98,106.38,592.36
3493,RSV00004114,2025-04-28,2025-05-05,7,1079.15,82.12,1161.27
3494,RSV00004115,2025-02-04,2025-02-09,5,516.07,142.11,658.18
3495,RSV00004116,2026-04-11,2026-04-15,4,255.36,104.58,359.94
3496,RSV00004118,2024-11-22,2024-11-28,6,1054.14,95.58,1149.72
3497,RSV00004119,2025-02-02,2025-02-09,7,943.83,42.63,986.46
3498,RSV00004120,2025-07-04,2025-07-09,5,731.82,215.83,947.65
3499,RSV00004121,2025-12-26,2025-12-29,3,839.17,157.47,996.64
3500,RSV00004123,2026-03-29,2026-04-05,7,349.12,15.03,364.15
3501,RSV00004124,2025-06-06,2025-06-10,4,97.46,110.21,207.67
3502,RSV00004127,2026-05-24,2026-05-25,1,561.58,208.78,770.36
3503,RSV00004128,2026-06-13,2026-06-14,1,165.64,194.06,359.7
3504,RSV00004129,2026-05-04,2026-05-05,1,673.41,101.79,775.2
3505,RSV00004130,2025-07-04,2025-07-08,4,1454.05,181.71,1635.76
3506,RSV00004131,2024-10-02,2024-10-07,5,152.39,237.2,389.59
3507,RSV00004132,2025-04-07,2025-04-11,4,436.33,126.23,562.56
3508,RSV00004134,2024-08-01,2024-08-07,6,576.02,143.54,719.56
3509,RSV00004136,2025-05-31,2025-06-02,2,1136.28,200.05,1336.33
3510,RSV00004137,2026-01-19,2026-01-22,3,1156.17,0.14,1156.31
3511,RSV00004138,2026-01-02,2026-01-07,5,674.59,221.31,895.9
3512,RSV00004139,2025-09-03,2025-09-07,4,731.0,93.59,824.59
3513,RSV00004140,2024-10-20,2024-10-25,5,589.53,183.97,773.5
3514,RSV00004141,2026-04-18,2026-04-25,7,518.02,182.62,700.64
3515,RSV00004142,2025-01-14,2025-01-20,6,1119.51,107.18,1226.69
3516,RSV00004143,2026-05-23,2026-05-25,2,558.5,221.6,780.1
3517,RSV00004144,2025-01-10,2025-01-16,6,509.58,190.27,699.85
3518,RSV00004145,2025-04-15,2025-04-16,1,1285.83,188.49,1474.32
3519,RSV00004146,2025-03-05,2025-03-12,7,1346.99,231.38,1578.37
3520,RSV00004147,2025-07-31,2025-08-02,2,873.96,189.97,1063.93
3521,RSV00004148,2025-06-25,2025-06-30,5,857.32,43.25,900.57
3522,RSV00004149,2025-11-17,2025-11-19,2,1490.05,197.62,1687.67
3523,RSV00004151,2026-02-21,2026-02-24,3,1444.82,50.25,1495.07
3524,RSV00004152,2026-04-28,2026-04-30,2,523.4,217.75,741.15
3525,RSV00004153,2025-10-24,2025-10-27,3,730.15,184.06,914.21
3526,RSV00004155,2026-03-09,2026-03-14,5,1409.89,182.55,1592.44
3527,RSV00004156,2024-08-30,2024-09-03,4,946.4,200.67,1147.07
3528,RSV00004157,2025-10-04,2025-10-11,7,487.73,86.09,573.82
3529,RSV00004158,2026-06-26,2026-07-01,5,440.34,2.75,443.09
3530,RSV00004159,2025-12-17,2025-12-23,6,611.95,230.56,842.51
3531,RSV00004160,2025-12-15,2025-12-22,7,327.17,218.04,545.21
3532,RSV00004161,2026-01-21,2026-01-27,6,1212.79,135.69,1348.48
3533,RSV00004162,2024-12-11,2024-12-16,5,758.62,8.62,767.24
3534,RSV00004163,2025-12-14,2025-12-18,4,980.59,94.7,1075.29
3535,RSV00004164,2026-01-25,2026-01-26,1,100.49,100.89,201.38
3536,RSV00004165,2026-01-15,2026-01-16,1,943.58,69.23,1012.81
3537,RSV00004166,2025-12-03,2025-12-04,1,367.73,198.19,565.92
3538,RSV00004167,2024-06-02,2024-06-07,5,1382.82,108.47,1491.29
3539,RSV00004168,2025-06-15,2025-06-19,4,433.58,199.35,632.93
3540,RSV00004169,2025-09-28,2025-10-02,4,968.63,30.1,998.73
3541,RSV00004170,2025-04-12,2025-04-19,7,716.84,35.38,752.22
3542,RSV00004171,2025-10-07,2025-10-13,6,335.44,82.05,417.49
3543,RSV00004172,2025-12-01,2025-12-08,7,1421.95,41.05,1463.0
3544,RSV00004173,2025-02-18,2025-02-21,3,226.24,132.82,359.06
3545,RSV00004174,2025-12-06,2025-12-09,3,1007.27,237.03,1244.3
3546,RSV00004175,2025-08-03,2025-08-09,6,914.04,205.26,1119.3
3547,RSV00004176,2025-08-25,2025-08-28,3,1301.5,118.37,1419.87
3548,RSV00004177,2025-12-05,2025-12-06,1,510.98,210.86,721.84
3549,RSV00004178,2026-03-05,2026-03-09,4,1288.21,143.26,1431.47
3550,RSV00004179,2024-12-08,2024-12-12,4,646.18,103.02,749.2
3551,RSV00004180,2024-12-13,2024-12-18,5,1360.22,6.82,1367.04
3552,RSV00004182,2025-03-12,2025-03-13,1,873.04,89.85,962.89
3553,RSV00004183,2025-02-05,2025-02-12,7,614.57,12.98,627.55
3554,RSV00004184,2026-03-14,2026-03-20,6,1499.84,241.04,1740.88
3555,RSV00004185,2025-09-13,2025-09-20,7,922.08,10.51,932.59
3556,RSV00004186,2026-02-09,2026-02-14,5,292.94,92.28,385.22
3557,RSV00004188,2025-05-12,2025-05-18,6,1368.33,108.81,1477.14
3558,RSV00004189,2024-12-06,2024-12-09,3,377.96,79.3,457.26
3559,RSV00004190,2025-04-05,2025-04-07,2,524.73,22.73,547.46
3560,RSV00004191,2025-07-21,2025-07-26,5,903.42,161.42,1064.84
3561,RSV00004193,2025-05-14,2025-05-17,3,1048.79,208.42,1257.21
3562,RSV00004194,2024-08-16,2024-08-22,6,974.13,62.34,1036.47
3563,RSV00004195,2026-01-30,2026-02-06,7,1367.28,170.03,1537.31
3564,RSV00004196,2026-02-09,2026-02-11,2,613.36,54.67,668.03
3565,RSV00004197,2025-02-10,2025-02-13,3,1206.77,7.98,1214.75
3566,RSV00004198,2026-03-29,2026-04-05,7,454.23,225.46,679.69
3567,RSV00004199,2025-08-21,2025-08-23,2,414.92,205.6,620.52
3568,RSV00004200,2025-05-12,2025-05-19,7,1365.92,102.73,1468.65
3569,RSV00004201,2025-09-19,2025-09-25,6,357.73,168.9,526.63
3570,RSV00004202,2025-11-09,2025-11-13,4,1021.54,102.28,1123.82
3571,RSV00004203,2025-11-24,2025-11-30,6,82.71,54.41,137.12
3572,RSV00004204,2026-02-22,2026-02-23,1,505.24,127.13,632.37
3573,RSV00004205,2024-08-22,2024-08-29,7,699.25,203.64,902.89
3574,RSV00004208,2025-06-17,2025-06-21,4,798.72,9.05,807.77
3575,RSV00004210,2025-11-06,2025-11-12,6,1383.96,193.31,1577.27
3576,RSV00004211,2025-10-16,2025-10-19,3,1419.36,129.39,1548.75
3577,RSV00004212,2025-07-13,2025-07-15,2,87.41,62.17,149.58
3578,RSV00004213,2025-01-13,2025-01-16,3,1053.39,174.17,1227.56
3579,RSV00004214,2024-08-31,2024-09-03,3,810.7,237.84,1048.54
3580,RSV00004215,2025-12-06,2025-12-07,1,763.01,101.32,864.33
3581,RSV00004216,2025-12-11,2025-12-13,2,692.33,60.93,753.26
3582,RSV00004217,2026-01-16,2026-01-21,5,1107.97,192.72,1300.69
3583,RSV00004218,2025-04-26,2025-05-02,6,1321.75,28.27,1350.02
3584,RSV00004219,2026-06-13,2026-06-18,5,1239.49,54.12,1293.61
3585,RSV00004220,2026-06-06,2026-06-12,6,575.16,14.8,589.96
3586,RSV00004222,2025-04-12,2025-04-18,6,861.51,149.01,1010.52
3587,RSV00004225,2024-09-13,2024-09-16,3,593.76,130.94,724.7
3588,RSV00004226,2025-10-05,2025-10-11,6,217.62,98.36,315.98
3589,RSV00004228,2025-02-17,2025-02-20,3,432.42,4.39,436.81
3590,RSV00004229,2024-07-05,2024-07-06,1,628.21,18.91,647.12
3591,RSV00004230,2024-08-05,2024-08-07,2,777.2,7.0,784.2
3592,RSV00004231,2025-08-08,2025-08-15,7,738.89,54.05,792.94
3593,RSV00004232,2025-06-10,2025-06-16,6,1188.34,221.15,1409.49
3594,RSV00004233,2024-07-30,2024-08-03,4,1139.3,239.12,1378.42
3595,RSV00004234,2024-12-28,2025-01-04,7,1218.58,190.19,1408.77
3596,RSV00004235,2026-05-07,2026-05-09,2,560.25,160.82,721.07
3597,RSV00004236,2024-08-01,2024-08-05,4,474.23,77.5,551.73
3598,RSV00004238,2026-01-18,2026-01-21,3,1441.49,132.6,1574.09
3599,RSV00004239,2025-11-24,2025-11-28,4,402.5,59.96,462.46
3600,RSV00004240,2025-10-21,2025-10-23,2,1010.75,200.41,1211.16
3601,RSV00004241,2025-11-07,2025-11-08,1,435.92,184.81,620.73
3602,RSV00004242,2025-04-21,2025-04-28,7,1385.73,162.15,1547.88
3603,RSV00004244,2025-06-30,2025-07-05,5,862.26,212.35,1074.61
3604,RSV00004245,2025-09-19,2025-09-23,4,963.17,198.06,1161.23
3605,RSV00004246,2025-07-12,2025-07-13,1,1356.27,80.39,1436.66
3606,RSV00004247,2024-09-03,2024-09-05,2,668.95,70.58,739.53
3607,RSV00004249,2025-05-29,2025-06-02,4,1161.43,192.67,1354.1
3608,RSV00004250,2025-07-16,2025-07-21,5,117.44,166.68,284.12
3609,RSV00004251,2025-07-18,2025-07-21,3,799.55,112.84,912.39
3610,RSV00004252,2025-02-28,2025-03-03,3,876.25,167.66,1043.91
3611,RSV00004253,2025-11-19,2025-11-21,2,1307.28,88.69,1395.97
3612,RSV00004254,2025-04-24,2025-04-28,4,685.69,22.91,708.6
3613,RSV00004256,2026-04-09,2026-04-16,7,922.67,94.65,1017.32
3614,RSV00004257,2025-01-24,2025-01-26,2,149.95,213.59,363.54
3615,RSV00004258,2025-11-13,2025-11-16,3,1200.0,169.9,1369.9
3616,RSV00004260,2025-09-15,2025-09-20,5,673.15,127.61,800.76
3617,RSV00004261,2025-12-27,2025-12-30,3,1316.52,128.97,1445.49
3618,RSV00004262,2025-03-22,2025-03-29,7,994.71,137.05,1131.76
3619,RSV00004263,2025-04-19,2025-04-21,2,587.61,228.16,815.77
3620,RSV00004264,2024-11-14,2024-11-18,4,626.03,67.53,693.56
3621,RSV00004265,2026-05-15,2026-05-19,4,1078.42,5.42,1083.84
3622,RSV00004266,2026-02-27,2026-02-28,1,1478.15,50.68,1528.83
3623,RSV00004267,2026-01-23,2026-01-27,4,358.6,27.07,385.67
3624,RSV00004268,2026-02-25,2026-02-27,2,193.87,93.54,287.41
3625,RSV00004269,2026-04-14,2026-04-21,7,671.41,219.76,891.17
3626,RSV00004270,2025-05-09,2025-05-14,5,303.66,201.33,504.99
3627,RSV00004271,2025-08-30,2025-08-31,1,766.09,221.75,987.84
3628,RSV00004272,2025-07-04,2025-07-05,1,450.25,47.34,497.59
3629,RSV00004273,2024-09-27,2024-10-04,7,133.34,119.69,253.03
3630,RSV00004274,2026-05-11,2026-05-14,3,990.38,80.53,1070.91
3631,RSV00004276,2024-08-23,2024-08-28,5,791.73,179.55,971.28
3632,RSV00004277,2025-05-30,2025-06-02,3,296.67,232.23,528.9
3633,RSV00004278,2025-07-11,2025-07-12,1,724.0,13.06,737.06
3634,RSV00004279,2025-03-14,2025-03-15,1,1417.39,18.0,1435.39
3635,RSV00004280,2025-09-17,2025-09-19,2,251.02,158.64,409.66
3636,RSV00004281,2025-01-30,2025-02-01,2,939.88,27.72,967.6
3637,RSV00004282,2025-12-01,2025-12-06,5,905.88,49.22,955.1
3638,RSV00004283,2026-04-05,2026-04-11,6,418.26,140.77,559.03
3639,RSV00004284,2024-09-25,2024-09-28,3,517.98,37.03,555.01
3640,RSV00004285,2026-03-31,2026-04-04,4,372.44,226.76,599.2
3641,RSV00004286,2024-07-30,2024-08-02,3,1120.0,42.69,1162.69
3642,RSV00004287,2025-10-13,2025-10-17,4,459.55,192.28,651.83
3643,RSV00004288,2026-04-17,2026-04-20,3,1248.28,225.97,1474.25
3644,RSV00004289,2025-01-17,2025-01-24,7,106.66,86.61,193.27
3645,RSV00004290,2025-06-10,2025-06-16,6,368.67,121.18,489.85
3646,RSV00004291,2025-03-13,2025-03-15,2,787.82,65.16,852.98
3647,RSV00004292,2024-10-25,2024-10-27,2,665.53,33.84,699.37
3648,RSV00004294,2026-03-03,2026-03-04,1,1044.95,222.52,1267.47
3649,RSV00004295,2026-02-08,2026-02-15,7,439.96,115.49,555.45
3650,RSV00004296,2025-06-21,2025-06-22,1,1073.96,193.23,1267.19
3651,RSV00004297,2026-03-26,2026-03-29,3,135.11,156.99,292.1
3652,RSV00004298,2025-05-19,2025-05-23,4,756.29,96.38,852.67
3653,RSV00004299,2024-11-29,2024-12-06,7,823.61,9.19,832.8
3654,RSV00004300,2025-12-15,2025-12-18,3,881.44,69.89,951.33
3655,RSV00004301,2025-08-09,2025-08-10,1,143.92,26.0,169.92
3656,RSV00004302,2026-06-18,2026-06-22,4,395.23,61.03,456.26
3657,RSV00004305,2024-07-24,2024-07-30,6,1495.08,96.91,1591.99
3658,RSV00004306,2024-12-07,2024-12-10,3,329.75,139.22,468.97
3659,RSV00004308,2025-01-19,2025-01-21,2,544.03,113.87,657.9
3660,RSV00004310,2026-01-31,2026-02-06,6,299.24,201.84,501.08
3661,RSV00004311,2024-12-04,2024-12-07,3,693.75,107.28,801.03
3662,RSV00004312,2025-09-05,2025-09-08,3,897.31,137.3,1034.61
3663,RSV00004313,2025-02-27,2025-03-01,2,430.7,139.98,570.68
3664,RSV00004314,2026-01-01,2026-01-08,7,827.13,150.01,977.14
3665,RSV00004315,2024-06-24,2024-06-29,5,720.04,200.85,920.89
3666,RSV00004316,2025-02-27,2025-02-28,1,1329.64,142.96,1472.6
3667,RSV00004317,2024-12-08,2024-12-10,2,383.03,108.14,491.17
3668,RSV00004318,2026-06-08,2026-06-09,1,1183.48,110.75,1294.23
3669,RSV00004320,2025-03-11,2025-03-15,4,386.11,129.58,515.69
3670,RSV00004321,2025-09-30,2025-10-02,2,952.14,21.98,974.12
3671,RSV00004322,2026-04-23,2026-04-26,3,317.32,39.07,356.39
3672,RSV00004323,2026-06-23,2026-06-25,2,1104.21,174.61,1278.82
3673,RSV00004326,2025-11-26,2025-11-29,3,601.36,91.98,693.34
3674,RSV00004327,2024-09-14,2024-09-20,6,310.58,97.15,407.73
3675,RSV00004328,2026-04-05,2026-04-07,2,1189.18,42.66,1231.84
3676,RSV00004329,2026-04-16,2026-04-21,5,1187.38,46.77,1234.15
3677,RSV00004330,2026-04-14,2026-04-15,1,366.79,16.52,383.31
3678,RSV00004331,2025-05-09,2025-05-15,6,1258.88,98.95,1357.83
3679,RSV00004332,2025-02-25,2025-02-26,1,672.43,62.48,734.91
3680,RSV00004334,2025-01-30,2025-02-06,7,621.1,39.0,660.1
3681,RSV00004335,2026-02-28,2026-03-06,6,730.51,230.8,961.31
3682,RSV00004336,2026-03-27,2026-04-03,7,163.87,115.01,278.88
3683,RSV00004337,2025-09-07,2025-09-08,1,1011.35,11.17,1022.52
3684,RSV00004338,2025-09-22,2025-09-28,6,1123.68,189.42,1313.1
3685,RSV00004339,2024-10-10,2024-10-11,1,1047.66,99.78,1147.44
3686,RSV00004340,2026-02-16,2026-02-22,6,1326.03,152.37,1478.4
3687,RSV00004341,2025-04-04,2025-04-08,4,776.84,162.68,939.52
3688,RSV00004343,2025-05-14,2025-05-18,4,993.97,151.03,1145.0
3689,RSV00004344,2025-09-05,2025-09-12,7,171.62,70.69,242.31
3690,RSV00004345,2026-03-29,2026-03-31,2,1335.55,16.68,1352.23
3691,RSV00004346,2024-11-17,2024-11-20,3,348.19,126.57,474.76
3692,RSV00004348,2024-11-09,2024-11-14,5,363.36,13.85,377.21
3693,RSV00004349,2026-02-03,2026-02-04,1,171.29,196.77,368.06
3694,RSV00004350,2024-07-12,2024-07-14,2,333.45,112.28,445.73
3695,RSV00004351,2026-04-19,2026-04-20,1,1076.25,111.07,1187.32
3696,RSV00004352,2026-04-04,2026-04-07,3,952.83,45.15,997.98
3697,RSV00004353,2024-06-30,2024-07-06,6,746.36,223.26,969.62
3698,RSV00004354,2026-06-01,2026-06-04,3,1161.65,150.98,1312.63
3699,RSV00004355,2026-05-11,2026-05-17,6,362.14,39.91,402.05
3700,RSV00004357,2025-01-02,2025-01-08,6,1088.25,133.2,1221.45
3701,RSV00004361,2024-09-12,2024-09-17,5,854.79,32.08,886.87
3702,RSV00004364,2025-07-24,2025-07-30,6,938.8,249.51,1188.31
3703,RSV00004365,2025-09-07,2025-09-08,1,488.9,64.95,553.85
3704,RSV00004366,2026-02-02,2026-02-06,4,186.16,2.31,188.47
3705,RSV00004368,2024-12-21,2024-12-26,5,1097.48,101.93,1199.41
3706,RSV00004369,2026-06-25,2026-06-30,5,986.3,179.75,1166.05
3707,RSV00004370,2025-03-06,2025-03-09,3,1207.24,206.54,1413.78
3708,RSV00004371,2025-12-02,2025-12-07,5,654.53,98.08,752.61
3709,RSV00004372,2026-01-23,2026-01-28,5,1370.43,3.02,1373.45
3710,RSV00004374,2026-05-01,2026-05-03,2,426.75,148.9,575.65
3711,RSV00004375,2025-04-08,2025-04-13,5,590.81,71.8,662.61
3712,RSV00004376,2025-09-08,2025-09-09,1,904.79,66.25,971.04
3713,RSV00004377,2026-02-02,2026-02-06,4,1249.24,209.73,1458.97
3714,RSV00004378,2026-03-10,2026-03-14,4,1061.49,85.78,1147.27
3715,RSV00004380,2024-10-03,2024-10-07,4,998.85,169.78,1168.63
3716,RSV00004381,2025-04-08,2025-04-15,7,1248.9,104.04,1352.94
3717,RSV00004382,2026-05-13,2026-05-16,3,1451.19,156.65,1607.84
3718,RSV00004383,2026-01-09,2026-01-14,5,750.62,26.12,776.74
3719,RSV00004384,2025-05-25,2025-05-30,5,1164.85,138.16,1303.01
3720,RSV00004385,2025-05-18,2025-05-22,4,1351.95,46.67,1398.62
3721,RSV00004386,2026-02-09,2026-02-10,1,1129.29,38.59,1167.88
3722,RSV00004387,2024-11-04,2024-11-11,7,323.4,225.87,549.27
3723,RSV00004388,2025-02-17,2025-02-19,2,1471.13,182.32,1653.45
3724,RSV00004389,2025-03-26,2025-03-27,1,1186.26,176.61,1362.87
3725,RSV00004390,2025-04-06,2025-04-11,5,1086.52,246.31,1332.83
3726,RSV00004391,2025-08-05,2025-08-10,5,817.84,19.09,836.93
3727,RSV00004392,2026-04-20,2026-04-24,4,601.27,118.18,719.45
3728,RSV00004393,2024-11-12,2024-11-16,4,1418.14,198.38,1616.52
3729,RSV00004394,2025-02-18,2025-02-23,5,819.46,53.51,872.97
3730,RSV00004395,2025-05-02,2025-05-06,4,171.33,193.73,365.06
3731,RSV00004396,2025-07-14,2025-07-18,4,628.92,149.66,778.58
3732,RSV00004398,2025-07-08,2025-07-10,2,876.77,73.75,950.52
3733,RSV00004399,2025-05-19,2025-05-20,1,229.01,3.0,232.01
3734,RSV00004400,2025-09-23,2025-09-27,4,405.28,121.37,526.65
3735,RSV00004401,2024-08-12,2024-08-16,4,1046.24,174.63,1220.87
3736,RSV00004402,2025-06-06,2025-06-07,1,570.77,56.38,627.15
3737,RSV00004403,2025-05-21,2025-05-24,3,954.04,228.85,1182.89
3738,RSV00004405,2026-03-25,2026-03-31,6,1008.16,247.09,1255.25
3739,RSV00004406,2025-03-16,2025-03-17,1,1253.62,40.39,1294.01
3740,RSV00004407,2025-05-28,2025-05-31,3,707.83,221.39,929.22
3741,RSV00004408,2025-10-01,2025-10-03,2,200.61,164.36,364.97
3742,RSV00004409,2025-07-05,2025-07-10,5,1400.69,156.77,1557.46
3743,RSV00004410,2024-07-07,2024-07-13,6,654.35,244.14,898.49
3744,RSV00004411,2025-05-27,2025-05-31,4,920.61,183.91,1104.52
3745,RSV00004412,2025-05-25,2025-05-26,1,92.83,239.85,332.68
3746,RSV00004413,2025-03-20,2025-03-26,6,160.87,67.09,227.96
3747,RSV00004418,2025-09-19,2025-09-25,6,144.07,141.26,285.33
3748,RSV00004419,2024-11-22,2024-11-23,1,1262.47,21.08,1283.55
3749,RSV00004420,2026-04-13,2026-04-19,6,1491.26,120.02,1611.28
3750,RSV00004421,2026-01-04,2026-01-08,4,611.75,137.48,749.23
3751,RSV00004422,2025-09-01,2025-09-06,5,1230.69,47.1,1277.79
3752,RSV00004423,2026-04-18,2026-04-20,2,221.68,98.45,320.13
3753,RSV00004424,2025-06-12,2025-06-18,6,1094.63,53.42,1148.05
3754,RSV00004425,2026-05-29,2026-06-05,7,239.73,170.08,409.81
3755,RSV00004426,2025-08-31,2025-09-03,3,777.85,187.01,964.86
3756,RSV00004427,2025-05-28,2025-06-04,7,864.71,227.56,1092.27
3757,RSV00004428,2026-07-14,2026-07-18,4,180.21,138.19,318.4
3758,RSV00004429,2026-02-18,2026-02-19,1,339.58,221.79,561.37
3759,RSV00004430,2025-11-30,2025-12-01,1,1013.51,143.5,1157.01
3760,RSV00004431,2025-03-07,2025-03-09,2,875.66,57.6,933.26
3761,RSV00004432,2024-07-03,2024-07-07,4,839.02,50.29,889.31
3762,RSV00004433,2026-04-06,2026-04-07,1,346.86,73.45,420.31
3763,RSV00004434,2025-11-19,2025-11-23,4,1138.63,203.92,1342.55
3764,RSV00004435,2024-08-19,2024-08-24,5,713.89,223.26,937.15
3765,RSV00004436,2025-04-28,2025-05-03,5,1158.04,147.47,1305.51
3766,RSV00004437,2025-12-28,2025-12-30,2,1279.81,106.28,1386.09
3767,RSV00004438,2026-03-01,2026-03-02,1,673.65,163.62,837.27
3768,RSV00004439,2025-07-21,2025-07-28,7,231.06,237.99,469.05
3769,RSV00004440,2026-03-09,2026-03-16,7,1188.38,177.17,1365.55
3770,RSV00004442,2025-02-22,2025-02-24,2,227.1,223.97,451.07
3771,RSV00004443,2024-10-25,2024-10-26,1,502.95,66.66,569.61
3772,RSV00004444,2025-10-27,2025-10-31,4,499.24,200.04,699.28
3773,RSV00004445,2024-11-28,2024-12-05,7,428.16,111.36,539.52
3774,RSV00004446,2025-05-20,2025-05-22,2,1054.04,127.09,1181.13
3775,RSV00004447,2026-02-08,2026-02-11,3,1019.21,96.08,1115.29
3776,RSV00004448,2025-01-14,2025-01-17,3,1296.71,153.01,1449.72
3777,RSV00004449,2024-10-16,2024-10-18,2,712.97,88.12,801.09
3778,RSV00004450,2024-08-15,2024-08-20,5,914.53,31.61,946.14
3779,RSV00004451,2025-03-13,2025-03-20,7,264.14,219.44,483.58
3780,RSV00004452,2025-06-25,2025-06-29,4,1406.13,48.1,1454.23
3781,RSV00004453,2025-04-19,2025-04-25,6,1268.19,120.64,1388.83
3782,RSV00004454,2024-12-25,2025-01-01,7,298.43,121.98,420.41
3783,RSV00004455,2025-03-25,2025-03-30,5,644.42,246.66,891.08
3784,RSV00004456,2026-04-25,2026-05-01,6,508.7,58.78,567.48
3785,RSV00004457,2024-12-22,2024-12-25,3,181.47,148.25,329.72
3786,RSV00004458,2026-01-09,2026-01-15,6,575.24,84.03,659.27
3787,RSV00004459,2025-12-24,2025-12-31,7,101.52,194.19,295.71
3788,RSV00004462,2026-01-26,2026-02-02,7,1397.77,156.49,1554.26
3789,RSV00004463,2025-04-01,2025-04-08,7,464.82,13.47,478.29
3790,RSV00004464,2025-12-13,2025-12-17,4,837.99,163.99,1001.98
3791,RSV00004465,2024-10-04,2024-10-09,5,945.49,80.02,1025.51
3792,RSV00004467,2026-06-25,2026-07-02,7,496.09,118.27,614.36
3793,RSV00004469,2024-09-10,2024-09-17,7,144.03,9.22,153.25
3794,RSV00004470,2025-07-26,2025-07-28,2,681.65,200.45,882.1
3795,RSV00004471,2025-09-27,2025-09-28,1,662.39,125.92,788.31
3796,RSV00004472,2024-12-26,2025-01-02,7,151.65,104.85,256.5
3797,RSV00004473,2025-01-07,2025-01-11,4,364.26,224.52,588.78
3798,RSV00004474,2025-11-05,2025-11-08,3,206.47,215.74,422.21
3799,RSV00004475,2025-07-28,2025-08-03,6,786.79,97.27,884.06
3800,RSV00004476,2024-07-12,2024-07-14,2,1312.76,153.24,1466.0
3801,RSV00004477,2024-10-21,2024-10-24,3,786.08,242.91,1028.99
3802,RSV00004478,2025-12-02,2025-12-08,6,773.77,137.67,911.44
3803,RSV00004479,2024-08-04,2024-08-08,4,1180.04,145.86,1325.9
3804,RSV00004480,2025-01-05,2025-01-10,5,948.03,232.52,1180.55
3805,RSV00004481,2024-08-30,2024-09-03,4,1099.08,99.2,1198.28
3806,RSV00004482,2025-10-30,2025-11-02,3,865.87,32.21,898.08
3807,RSV00004483,2025-10-31,2025-11-01,1,1307.99,186.55,1494.54
3808,RSV00004484,2025-07-27,2025-07-30,3,1272.11,245.41,1517.52
3809,RSV00004485,2024-10-02,2024-10-09,7,674.19,196.32,870.51
3810,RSV00004486,2025-03-05,2025-03-12,7,1421.0,137.38,1558.38
3811,RSV00004488,2025-07-20,2025-07-24,4,1280.04,192.97,1473.01
3812,RSV00004489,2026-02-08,2026-02-14,6,795.89,66.97,862.86
3813,RSV00004490,2025-03-21,2025-03-23,2,362.13,172.0,534.13
3814,RSV00004491,2025-11-04,2025-11-09,5,948.84,87.31,1036.15
3815,RSV00004492,2026-02-19,2026-02-25,6,1482.03,145.95,1627.98
3816,RSV00004493,2026-02-06,2026-02-11,5,1023.48,100.57,1124.05
3817,RSV00004494,2025-06-02,2025-06-07,5,1035.79,74.57,1110.36
3818,RSV00004495,2025-02-26,2025-03-04,6,753.73,232.28,986.01
3819,RSV00004497,2025-05-01,2025-05-06,5,1434.84,154.38,1589.22
3820,RSV00004498,2025-09-16,2025-09-23,7,305.16,133.56,438.72
3821,RSV00004499,2025-12-26,2025-12-30,4,970.17,121.83,1092.0
3822,RSV00004500,2025-12-25,2025-12-29,4,266.6,204.25,470.85
3823,RSV00004501,2025-10-05,2025-10-07,2,1411.29,54.6,1465.89
3824,RSV00004502,2025-12-25,2025-12-30,5,438.48,131.6,570.08
3825,RSV00004503,2024-08-06,2024-08-08,2,1304.2,33.41,1337.61
3826,RSV00004504,2025-07-11,2025-07-12,1,1143.3,83.07,1226.37
3827,RSV00004505,2024-09-30,2024-10-06,6,1386.55,29.93,1416.48
3828,RSV00004506,2025-04-25,2025-04-30,5,412.58,235.03,647.61
3829,RSV00004507,2024-11-29,2024-12-06,7,1271.2,30.33,1301.53
3830,RSV00004509,2025-05-14,2025-05-17,3,301.88,59.03,360.91
3831,RSV00004510,2024-09-12,2024-09-19,7,1182.26,143.26,1325.52
3832,RSV00004511,2026-02-14,2026-02-16,2,1411.91,141.95,1553.86
3833,RSV00004512,2025-06-05,2025-06-11,6,166.05,212.45,378.5
3834,RSV00004513,2025-12-12,2025-12-17,5,1245.52,107.85,1353.37
3835,RSV00004514,2025-04-11,2025-04-17,6,724.75,200.98,925.73
3836,RSV00004515,2024-11-18,2024-11-25,7,578.43,47.26,625.69
3837,RSV00004516,2025-08-27,2025-09-02,6,327.67,32.0,359.67
3838,RSV00004517,2026-03-31,2026-04-03,3,1334.36,143.99,1478.35
3839,RSV00004518,2025-01-19,2025-01-21,2,892.1,223.33,1115.43
3840,RSV00004519,2026-03-14,2026-03-18,4,780.06,175.59,955.65
3841,RSV00004520,2024-08-28,2024-09-04,7,983.94,235.07,1219.01
3842,RSV00004521,2025-04-08,2025-04-10,2,753.64,215.62,969.26
3843,RSV00004523,2025-05-06,2025-05-08,2,1462.25,152.02,1614.27
3844,RSV00004525,2025-11-24,2025-11-25,1,1307.18,53.52,1360.7
3845,RSV00004526,2026-06-14,2026-06-16,2,491.88,49.58,541.46
3846,RSV00004527,2026-05-08,2026-05-09,1,1387.45,143.12,1530.57
3847,RSV00004529,2025-10-12,2025-10-14,2,223.94,209.33,433.27
3848,RSV00004530,2025-08-07,2025-08-08,1,1169.16,80.31,1249.47
3849,RSV00004532,2025-07-31,2025-08-04,4,1191.7,104.38,1296.08
3850,RSV00004533,2026-02-28,2026-03-06,6,262.23,234.48,496.71
3851,RSV00004534,2025-10-01,2025-10-02,1,759.91,14.6,774.51
3852,RSV00004536,2024-12-21,2024-12-25,4,1417.24,80.23,1497.47
3853,RSV00004537,2024-10-06,2024-10-09,3,131.49,102.54,234.03
3854,RSV00004538,2026-01-02,2026-01-04,2,239.78,187.91,427.69
3855,RSV00004539,2026-03-27,2026-03-28,1,519.43,221.25,740.68
3856,RSV00004540,2025-10-01,2025-10-07,6,1466.49,197.31,1663.8
3857,RSV00004542,2024-09-07,2024-09-13,6,252.74,155.74,408.48
3858,RSV00004544,2024-07-01,2024-07-08,7,536.57,138.18,674.75
3859,RSV00004545,2024-09-21,2024-09-23,2,1085.6,152.68,1238.28
3860,RSV00004547,2026-04-19,2026-04-25,6,731.69,113.77,845.46
3861,RSV00004548,2024-10-20,2024-10-22,2,714.71,185.11,899.82
3862,RSV00004549,2025-10-09,2025-10-13,4,681.53,18.12,699.65
3863,RSV00004550,2025-01-28,2025-02-04,7,728.89,186.52,915.41
3864,RSV00004551,2026-01-15,2026-01-18,3,656.15,209.94,866.09
3865,RSV00004552,2024-12-29,2025-01-03,5,1325.72,9.71,1335.43
3866,RSV00004553,2025-05-02,2025-05-03,1,1412.5,187.68,1600.18
3867,RSV00004554,2026-04-04,2026-04-10,6,375.99,193.4,569.39
3868,RSV00004556,2026-02-08,2026-02-10,2,1175.86,50.35,1226.21
3869,RSV00004557,2025-02-16,2025-02-17,1,1231.82,154.69,1386.51
3870,RSV00004558,2024-11-21,2024-11-27,6,995.59,174.56,1170.15
3871,RSV00004559,2025-03-21,2025-03-27,6,457.7,112.05,569.75
3872,RSV00004560,2024-12-11,2024-12-16,5,1418.23,213.38,1631.61
3873,RSV00004561,2025-09-13,2025-09-15,2,421.23,93.43,514.66
3874,RSV00004562,2026-04-23,2026-04-24,1,1354.86,97.87,1452.73
3875,RSV00004564,2025-11-20,2025-11-26,6,149.14,142.97,292.11
3876,RSV00004565,2025-06-11,2025-06-13,2,665.98,168.18,834.16
3877,RSV00004566,2025-07-29,2025-08-03,5,729.55,97.19,826.74
3878,RSV00004567,2024-09-05,2024-09-07,2,1000.79,219.02,1219.81
3879,RSV00004568,2025-01-09,2025-01-13,4,154.57,113.17,267.74
3880,RSV00004569,2026-04-03,2026-04-08,5,798.67,67.66,866.33
3881,RSV00004570,2025-08-07,2025-08-13,6,585.02,57.67,642.69
3882,RSV00004571,2025-02-27,2025-03-05,6,934.0,72.79,1006.79
3883,RSV00004572,2026-04-28,2026-05-05,7,1187.26,204.46,1391.72
3884,RSV00004573,2026-04-06,2026-04-11,5,1393.94,62.59,1456.53
3885,RSV00004574,2026-05-03,2026-05-04,1,764.9,101.89,866.79
3886,RSV00004575,2025-06-11,2025-06-16,5,506.19,110.84,617.03
3887,RSV00004577,2024-12-24,2024-12-27,3,993.92,205.17,1199.09
3888,RSV00004578,2024-11-06,2024-11-08,2,374.27,83.13,457.4
3889,RSV00004580,2025-02-25,2025-02-27,2,512.8,126.04,638.84
3890,RSV00004581,2025-06-20,2025-06-23,3,351.42,119.27,470.69
3891,RSV00004582,2025-12-12,2025-12-19,7,1056.66,144.58,1201.24
3892,RSV00004583,2025-09-19,2025-09-23,4,952.61,206.57,1159.18
3893,RSV00004584,2025-08-30,2025-09-01,2,514.56,141.93,656.49
3894,RSV00004585,2025-12-25,2025-12-29,4,1254.12,28.86,1282.98
3895,RSV00004586,2025-09-10,2025-09-14,4,440.36,35.81,476.17
3896,RSV00004587,2024-11-16,2024-11-22,6,434.81,29.62,464.43
3897,RSV00004588,2025-01-17,2025-01-22,5,1203.21,108.94,1312.15
3898,RSV00004589,2024-08-03,2024-08-06,3,1307.14,115.03,1422.17
3899,RSV00004591,2025-03-08,2025-03-13,5,610.24,189.2,799.44
3900,RSV00004594,2025-04-05,2025-04-06,1,1338.14,226.29,1564.43
3901,RSV00004595,2025-01-16,2025-01-17,1,1219.31,207.84,1427.15
3902,RSV00004596,2026-05-24,2026-05-29,5,451.4,113.25,564.65
3903,RSV00004600,2025-06-04,2025-06-09,5,183.97,204.47,388.44
3904,RSV00004601,2024-08-28,2024-09-04,7,1223.54,43.23,1266.77
3905,RSV00004603,2025-10-17,2025-10-18,1,1005.07,135.46,1140.53
3906,RSV00004605,2025-08-17,2025-08-18,1,369.69,5.85,375.54
3907,RSV00004606,2026-01-11,2026-01-15,4,125.01,92.87,217.88
3908,RSV00004607,2024-06-06,2024-06-13,7,998.91,62.91,1061.82
3909,RSV00004608,2024-06-27,2024-07-02,5,584.35,122.92,707.27
3910,RSV00004609,2026-06-10,2026-06-16,6,495.71,48.74,544.45
3911,RSV00004610,2025-08-15,2025-08-21,6,910.32,145.59,1055.91
3912,RSV00004611,2024-09-17,2024-09-24,7,605.7,51.85,657.55
3913,RSV00004612,2025-06-05,2025-06-08,3,662.25,147.3,809.55
3914,RSV00004614,2024-12-01,2024-12-06,5,379.1,199.25,578.35
3915,RSV00004616,2025-03-27,2025-03-29,2,1386.14,70.4,1456.54
3916,RSV00004617,2025-11-09,2025-11-15,6,1454.47,34.57,1489.04
3917,RSV00004618,2024-08-25,2024-08-29,4,1250.07,86.2,1336.27
3918,RSV00004619,2026-04-25,2026-04-30,5,784.4,97.76,882.16
3919,RSV00004620,2024-11-03,2024-11-08,5,768.11,136.15,904.26
3920,RSV00004621,2025-02-14,2025-02-16,2,1081.35,98.34,1179.69
3921,RSV00004622,2026-04-14,2026-04-19,5,1163.27,94.77,1258.04
3922,RSV00004624,2025-08-21,2025-08-22,1,1068.2,116.1,1184.3
3923,RSV00004625,2024-10-13,2024-10-15,2,790.6,91.8,882.4
3924,RSV00004626,2024-11-18,2024-11-25,7,372.37,176.32,548.69
3925,RSV00004627,2026-05-04,2026-05-05,1,536.36,106.03,642.39
3926,RSV00004628,2025-09-12,2025-09-17,5,1370.52,177.45,1547.97
3927,RSV00004630,2025-12-30,2026-01-06,7,1219.27,0.51,1219.78
3928,RSV00004632,2025-11-18,2025-11-23,5,418.67,135.92,554.59
3929,RSV00004634,2026-04-14,2026-04-16,2,1134.8,163.21,1298.01
3930,RSV00004635,2026-02-10,2026-02-16,6,512.1,139.06,651.16
3931,RSV00004636,2026-02-19,2026-02-25,6,898.78,8.45,907.23
3932,RSV00004637,2024-09-14,2024-09-20,6,701.31,212.94,914.25
3933,RSV00004638,2024-12-06,2024-12-11,5,552.48,237.53,790.01
3934,RSV00004639,2024-07-24,2024-07-29,5,729.06,147.98,877.04
3935,RSV00004640,2026-03-07,2026-03-11,4,442.39,62.32,504.71
3936,RSV00004642,2025-11-28,2025-11-30,2,1280.13,79.08,1359.21
3937,RSV00004643,2024-09-18,2024-09-20,2,1206.73,131.9,1338.63
3938,RSV00004646,2026-01-19,2026-01-20,1,939.44,99.84,1039.28
3939,RSV00004647,2026-03-17,2026-03-21,4,428.71,34.33,463.04
3940,RSV00004648,2025-01-02,2025-01-05,3,265.19,211.95,477.14
3941,RSV00004650,2025-12-01,2025-12-06,5,1145.16,97.48,1242.64
3942,RSV00004651,2026-02-22,2026-03-01,7,785.63,114.4,900.03
3943,RSV00004652,2024-07-02,2024-07-04,2,1088.34,59.52,1147.86
3944,RSV00004653,2024-09-01,2024-09-07,6,1173.9,205.74,1379.64
3945,RSV00004654,2025-03-04,2025-03-05,1,111.01,148.13,259.14
3946,RSV00004655,2025-09-17,2025-09-23,6,304.12,25.06,329.18
3947,RSV00004656,2026-04-24,2026-05-01,7,268.8,49.89,318.69
3948,RSV00004657,2025-01-05,2025-01-10,5,355.96,89.24,445.2
3949,RSV00004658,2024-09-07,2024-09-13,6,917.89,57.29,975.18
3950,RSV00004659,2026-03-28,2026-03-30,2,755.29,190.55,945.84
3951,RSV00004661,2026-05-22,2026-05-27,5,117.23,91.94,209.17
3952,RSV00004662,2024-12-11,2024-12-17,6,1301.51,30.41,1331.92
3953,RSV00004663,2024-10-11,2024-10-17,6,923.14,238.91,1162.05
3954,RSV00004664,2024-06-11,2024-06-13,2,1329.08,185.11,1514.19
3955,RSV00004666,2025-08-14,2025-08-16,2,158.03,32.72,190.75
3956,RSV00004670,2024-08-13,2024-08-19,6,689.53,112.26,801.79
3957,RSV00004671,2025-08-04,2025-08-09,5,726.52,226.98,953.5
3958,RSV00004672,2026-01-01,2026-01-04,3,1407.49,149.73,1557.22
3959,RSV00004673,2025-03-03,2025-03-08,5,855.45,200.59,1056.04
3960,RSV00004675,2025-11-30,2025-12-03,3,640.8,243.26,884.06
3961,RSV00004676,2026-03-02,2026-03-03,1,656.43,213.45,869.88
3962,RSV00004677,2026-03-11,2026-03-12,1,943.29,23.96,967.25
3963,RSV00004678,2025-09-23,2025-09-27,4,1368.78,38.86,1407.64
3964,RSV00004679,2024-12-16,2024-12-20,4,612.71,14.76,627.47
3965,RSV00004680,2025-07-29,2025-08-05,7,1232.29,132.98,1365.27
3966,RSV00004681,2025-10-07,2025-10-12,5,817.74,21.59,839.33
3967,RSV00004682,2024-11-05,2024-11-10,5,137.75,157.24,294.99
3968,RSV00004683,2024-11-14,2024-11-20,6,231.86,140.31,372.17
3969,RSV00004684,2026-01-23,2026-01-28,5,867.98,10.53,878.51
3970,RSV00004685,2026-03-30,2026-04-05,6,1389.39,23.6,1412.99
3971,RSV00004687,2024-12-27,2025-01-03,7,132.75,9.9,142.65
3972,RSV00004688,2025-07-17,2025-07-19,2,590.95,195.98,786.93
3973,RSV00004689,2026-01-23,2026-01-29,6,90.25,190.66,280.91
3974,RSV00004690,2024-11-24,2024-11-26,2,1447.92,213.51,1661.43
3975,RSV00004691,2025-10-20,2025-10-23,3,1197.96,102.27,1300.23
3976,RSV00004692,2025-01-17,2025-01-19,2,1095.9,162.39,1258.29
3977,RSV00004693,2024-08-03,2024-08-07,4,864.79,118.51,983.3
3978,RSV00004694,2025-10-17,2025-10-22,5,352.36,59.15,411.51
3979,RSV00004695,2024-12-21,2024-12-28,7,1297.04,66.48,1363.52
3980,RSV00004696,2026-04-24,2026-04-26,2,1215.27,89.33,1304.6
3981,RSV00004698,2025-10-18,2025-10-20,2,905.19,197.43,1102.62
3982,RSV00004699,2024-07-25,2024-07-28,3,300.59,128.84,429.43
3983,RSV00004700,2024-09-05,2024-09-06,1,572.0,144.66,716.66
3984,RSV00004701,2024-06-23,2024-06-24,1,484.66,52.94,537.6
3985,RSV00004702,2024-07-05,2024-07-07,2,347.33,117.34,464.67
3986,RSV00004704,2025-09-25,2025-09-29,4,993.11,225.53,1218.64
3987,RSV00004705,2026-04-08,2026-04-09,1,616.16,41.9,658.06
3988,RSV00004707,2024-12-25,2025-01-01,7,566.99,133.71,700.7
3989,RSV00004709,2025-05-25,2025-05-26,1,462.74,104.68,567.42
3990,RSV00004710,2025-12-15,2025-12-20,5,374.33,94.66,468.99
3991,RSV00004711,2024-06-24,2024-07-01,7,465.23,239.59,704.82
3992,RSV00004712,2024-07-25,2024-07-29,4,712.16,57.03,769.19
3993,RSV00004714,2025-01-02,2025-01-06,4,923.1,140.55,1063.65
3994,RSV00004715,2024-12-26,2024-12-27,1,186.0,52.5,238.5
3995,RSV00004717,2026-06-28,2026-07-04,6,767.87,10.19,778.06
3996,RSV00004718,2025-11-08,2025-11-13,5,1267.41,162.03,1429.44
3997,RSV00004720,2026-03-13,2026-03-16,3,121.89,128.56,250.45
3998,RSV00004721,2025-08-20,2025-08-27,7,212.22,4.5,216.72
3999,RSV00004722,2026-05-24,2026-05-26,2,180.99,185.36,366.35
4000,RSV00004723,2025-02-25,2025-02-26,1,1006.46,184.89,1191.35
4001,RSV00004724,2025-03-30,2025-04-04,5,641.36,217.7,859.06
4002,RSV00004725,2024-09-23,2024-09-29,6,1009.16,154.12,1163.28
4003,RSV00004726,2026-04-04,2026-04-11,7,381.43,167.73,549.16
4004,RSV00004727,2024-10-31,2024-11-04,4,533.81,156.82,690.63
4005,RSV00004728,2024-10-17,2024-10-23,6,1109.6,94.7,1204.3
4006,RSV00004729,2024-11-19,2024-11-24,5,1353.56,101.58,1455.14
4007,RSV00004730,2025-03-18,2025-03-22,4,817.24,85.36,902.6
4008,RSV00004731,2025-04-21,2025-04-25,4,1018.54,142.85,1161.39
4009,RSV00004732,2024-07-14,2024-07-16,2,463.42,21.9,485.32
4010,RSV00004733,2025-10-15,2025-10-18,3,1373.08,117.21,1490.29
4011,RSV00004734,2024-10-05,2024-10-11,6,1353.16,168.01,1521.17
4012,RSV00004735,2026-01-10,2026-01-11,1,1431.01,99.64,1530.65
4013,RSV00004736,2024-11-15,2024-11-20,5,1267.23,120.76,1387.99
4014,RSV00004737,2024-11-27,2024-11-28,1,349.03,52.59,401.62
4015,RSV00004738,2026-06-10,2026-06-12,2,708.06,165.29,873.35
4016,RSV00004739,2024-07-03,2024-07-05,2,934.34,83.04,1017.38
4017,RSV00004740,2025-08-12,2025-08-14,2,231.21,71.37,302.58
4018,RSV00004741,2024-11-13,2024-11-14,1,642.59,207.55,850.14
4019,RSV00004742,2025-12-25,2025-12-30,5,797.24,61.02,858.26
4020,RSV00004743,2026-03-31,2026-04-05,5,681.66,148.71,830.37
4021,RSV00004744,2025-12-15,2025-12-21,6,612.2,120.04,732.24
4022,RSV00004746,2026-04-25,2026-04-27,2,253.2,98.36,351.56
4023,RSV00004748,2024-09-26,2024-09-27,1,719.33,216.89,936.22
4024,RSV00004749,2025-09-05,2025-09-10,5,1498.43,174.63,1673.06
4025,RSV00004750,2025-05-12,2025-05-14,2,441.1,163.85,604.95
4026,RSV00004751,2024-09-26,2024-09-27,1,858.72,81.66,940.38
4027,RSV00004752,2026-03-25,2026-03-29,4,1318.82,177.67,1496.49
4028,RSV00004755,2024-11-07,2024-11-09,2,739.54,17.76,757.3
4029,RSV00004756,2026-07-05,2026-07-12,7,1439.65,246.62,1686.27
4030,RSV00004757,2026-04-01,2026-04-07,6,952.15,170.7,1122.85
4031,RSV00004758,2025-01-31,2025-02-02,2,1115.51,89.73,1205.24
4032,RSV00004759,2025-06-15,2025-06-22,7,437.13,35.2,472.33
4033,RSV00004760,2026-01-05,2026-01-06,1,805.95,182.07,988.02
4034,RSV00004761,2024-12-05,2024-12-12,7,1114.29,143.92,1258.21
4035,RSV00004762,2025-03-31,2025-04-02,2,229.35,112.24,341.59
4036,RSV00004763,2025-05-19,2025-05-20,1,892.34,74.94,967.28
4037,RSV00004764,2024-07-07,2024-07-10,3,151.83,174.87,326.7
4038,RSV00004765,2025-06-17,2025-06-21,4,1126.06,234.78,1360.84
4039,RSV00004766,2025-09-03,2025-09-06,3,445.97,90.03,536.0
4040,RSV00004767,2026-05-14,2026-05-15,1,924.62,153.37,1077.99
4041,RSV00004768,2025-07-04,2025-07-06,2,1436.8,195.34,1632.14
4042,RSV00004769,2025-01-14,2025-01-17,3,1426.89,14.97,1441.86
4043,RSV00004771,2025-06-28,2025-07-05,7,245.95,47.82,293.77
4044,RSV00004772,2025-01-09,2025-01-14,5,1395.53,177.95,1573.48
4045,RSV00004773,2025-08-14,2025-08-19,5,1341.84,122.0,1463.84
4046,RSV00004774,2025-08-13,2025-08-19,6,1198.27,80.78,1279.05
4047,RSV00004776,2025-04-16,2025-04-23,7,505.0,89.95,594.95
4048,RSV00004777,2025-10-18,2025-10-23,5,1398.4,5.69,1404.09
4049,RSV00004778,2026-05-25,2026-05-28,3,955.36,57.53,1012.89
4050,RSV00004779,2026-04-30,2026-05-03,3,1003.1,196.66,1199.76
4051,RSV00004780,2024-09-08,2024-09-14,6,998.04,204.69,1202.73
4052,RSV00004781,2025-10-08,2025-10-11,3,744.96,70.11,815.07
4053,RSV00004782,2026-03-12,2026-03-16,4,225.18,223.13,448.31
4054,RSV00004783,2025-07-06,2025-07-07,1,963.21,242.93,1206.14
4055,RSV00004784,2026-03-13,2026-03-17,4,301.43,60.89,362.32
4056,RSV00004786,2025-09-19,2025-09-26,7,1349.48,108.87,1458.35
4057,RSV00004787,2024-10-07,2024-10-11,4,1481.36,199.63,1680.99
4058,RSV00004788,2026-03-27,2026-03-31,4,1283.53,230.26,1513.79
4059,RSV00004789,2026-04-04,2026-04-06,2,220.04,141.82,361.86
4060,RSV00004790,2026-06-24,2026-07-01,7,851.84,150.21,1002.05
4061,RSV00004791,2025-10-22,2025-10-29,7,1021.5,238.8,1260.3
4062,RSV00004792,2026-03-30,2026-04-06,7,834.4,112.11,946.51
4063,RSV00004793,2025-09-01,2025-09-04,3,1214.95,88.08,1303.03
4064,RSV00004794,2024-09-14,2024-09-17,3,682.98,210.73,893.71
4065,RSV00004795,2025-10-04,2025-10-07,3,877.81,30.73,908.54
4066,RSV00004796,2025-09-09,2025-09-13,4,162.34,10.57,172.91
4067,RSV00004797,2024-11-07,2024-11-09,2,1374.78,186.75,1561.53
4068,RSV00004798,2024-09-04,2024-09-11,7,163.08,249.72,412.8
4069,RSV00004799,2025-05-04,2025-05-05,1,478.28,100.75,579.03
4070,RSV00004800,2025-09-07,2025-09-08,1,570.19,23.03,593.22
4071,RSV00004801,2024-06-05,2024-06-11,6,137.05,67.9,204.95
4072,RSV00004802,2025-06-08,2025-06-11,3,242.46,76.92,319.38
4073,RSV00004803,2025-11-23,2025-11-24,1,347.24,236.86,584.1
4074,RSV00004804,2025-09-22,2025-09-26,4,497.95,243.07,741.02
4075,RSV00004805,2025-09-14,2025-09-21,7,1093.96,247.76,1341.72
4076,RSV00004807,2026-01-08,2026-01-14,6,707.62,122.29,829.91
4077,RSV00004808,2026-06-22,2026-06-26,4,893.52,148.89,1042.41
4078,RSV00004810,2025-07-13,2025-07-15,2,1255.08,20.96,1276.04
4079,RSV00004811,2024-08-26,2024-08-28,2,368.55,175.69,544.24
4080,RSV00004812,2026-03-08,2026-03-13,5,1496.35,40.43,1536.78
4081,RSV00004813,2024-08-21,2024-08-22,1,514.95,197.54,712.49
4082,RSV00004814,2025-03-15,2025-03-16,1,367.87,75.7,443.57
4083,RSV00004815,2024-11-19,2024-11-22,3,1032.84,123.9,1156.74
4084,RSV00004817,2025-02-12,2025-02-19,7,160.56,155.76,316.32
4085,RSV00004819,2025-05-22,2025-05-23,1,308.77,46.99,355.76
4086,RSV00004820,2025-05-23,2025-05-24,1,179.55,200.27,379.82
4087,RSV00004823,2025-02-03,2025-02-10,7,344.85,28.35,373.2
4088,RSV00004824,2025-12-15,2025-12-22,7,830.72,189.49,1020.21
4089,RSV00004825,2025-01-15,2025-01-20,5,970.59,212.1,1182.69
4090,RSV00004826,2025-01-16,2025-01-18,2,799.45,102.35,901.8
4091,RSV00004827,2024-10-22,2024-10-23,1,838.63,241.85,1080.48
4092,RSV00004828,2024-07-26,2024-08-02,7,1025.79,240.81,1266.6
4093,RSV00004829,2025-01-05,2025-01-09,4,184.33,41.81,226.14
4094,RSV00004830,2026-04-18,2026-04-23,5,82.73,181.9,264.63
4095,RSV00004832,2026-05-08,2026-05-11,3,589.29,162.99,752.28
4096,RSV00004834,2024-09-12,2024-09-18,6,700.04,155.83,855.87
4097,RSV00004835,2025-08-31,2025-09-05,5,519.96,125.5,645.46
4098,RSV00004836,2025-08-01,2025-08-06,5,1433.18,18.78,1451.96
4099,RSV00004837,2025-08-28,2025-08-29,1,290.74,155.38,446.12
4100,RSV00004838,2025-01-08,2025-01-15,7,210.35,227.38,437.73
4101,RSV00004839,2026-01-30,2026-01-31,1,396.93,239.64,636.57
4102,RSV00004840,2025-12-05,2025-12-10,5,368.47,200.41,568.88
4103,RSV00004841,2024-08-08,2024-08-12,4,1170.51,242.93,1413.44
4104,RSV00004842,2026-07-14,2026-07-17,3,437.55,102.32,539.87
4105,RSV00004843,2025-11-28,2025-12-05,7,777.59,138.31,915.9
4106,RSV00004844,2025-09-10,2025-09-16,6,302.03,171.61,473.64
4107,RSV00004845,2025-04-07,2025-04-12,5,785.45,202.92,988.37
4108,RSV00004846,2025-04-05,2025-04-11,6,631.9,196.11,828.01
4109,RSV00004848,2025-02-12,2025-02-14,2,492.92,219.84,712.76
4110,RSV00004849,2025-03-10,2025-03-12,2,330.74,51.59,382.33
4111,RSV00004850,2026-06-08,2026-06-10,2,806.53,182.43,988.96
4112,RSV00004851,2026-03-02,2026-03-04,2,736.4,166.69,903.09
4113,RSV00004852,2025-02-16,2025-02-18,2,219.29,53.83,273.12
4114,RSV00004853,2024-06-12,2024-06-14,2,329.51,150.76,480.27
4115,RSV00004854,2025-02-14,2025-02-19,5,573.15,169.3,742.45
4116,RSV00004855,2026-03-15,2026-03-19,4,880.1,55.14,935.24
4117,RSV00004856,2024-08-08,2024-08-13,5,1260.16,148.31,1408.47
4118,RSV00004858,2025-12-29,2025-12-31,2,1399.24,130.92,1530.16
4119,RSV00004859,2025-10-16,2025-10-23,7,869.64,127.02,996.66
4120,RSV00004860,2026-05-03,2026-05-05,2,1008.06,56.67,1064.73
4121,RSV00004861,2026-06-03,2026-06-05,2,1425.98,151.39,1577.37
4122,RSV00004862,2025-07-12,2025-07-15,3,1423.11,171.06,1594.17
4123,RSV00004863,2024-07-08,2024-07-14,6,1147.79,26.43,1174.22
4124,RSV00004864,2024-09-02,2024-09-05,3,954.35,31.02,985.37
4125,RSV00004866,2025-08-12,2025-08-16,4,476.1,12.54,488.64
4126,RSV00004867,2024-07-25,2024-07-29,4,604.01,209.54,813.55
4127,RSV00004868,2024-12-08,2024-12-11,3,1183.1,245.53,1428.63
4128,RSV00004869,2025-08-19,2025-08-23,4,587.37,48.24,635.61
4129,RSV00004870,2025-06-14,2025-06-16,2,951.19,167.45,1118.64
4130,RSV00004871,2025-01-24,2025-01-28,4,432.34,57.25,489.59
4131,RSV00004872,2026-03-27,2026-03-29,2,1052.64,233.18,1285.82
4132,RSV00004873,2025-07-10,2025-07-13,3,1192.11,229.14,1421.25
4133,RSV00004874,2026-06-01,2026-06-04,3,449.97,22.81,472.78
4134,RSV00004875,2026-02-17,2026-02-20,3,115.99,9.54,125.53
4135,RSV00004877,2025-04-03,2025-04-06,3,527.97,80.35,608.32
4136,RSV00004878,2025-01-05,2025-01-11,6,1499.52,234.23,1733.75
4137,RSV00004879,2026-03-05,2026-03-10,5,248.78,222.16,470.94
4138,RSV00004881,2025-10-26,2025-10-27,1,1153.03,164.14,1317.17
4139,RSV00004882,2026-07-08,2026-07-14,6,747.68,203.63,951.31
4140,RSV00004883,2024-07-12,2024-07-17,5,1243.49,235.38,1478.87
4141,RSV00004884,2026-01-25,2026-02-01,7,398.88,1.54,400.42
4142,RSV00004886,2024-09-26,2024-09-27,1,636.13,61.77,697.9
4143,RSV00004888,2025-01-13,2025-01-15,2,993.65,77.07,1070.72
4144,RSV00004889,2024-12-22,2024-12-23,1,1036.16,114.08,1150.24
4145,RSV00004890,2025-11-11,2025-11-16,5,1224.8,3.33,1228.13
4146,RSV00004891,2024-12-16,2024-12-22,6,464.6,173.06,637.66
4147,RSV00004892,2025-11-24,2025-11-30,6,1255.76,63.88,1319.64
4148,RSV00004893,2026-02-14,2026-02-19,5,1230.13,15.99,1246.12
4149,RSV00004894,2025-08-14,2025-08-21,7,739.31,140.8,880.11
4150,RSV00004895,2024-11-19,2024-11-21,2,619.66,47.28,666.94
4151,RSV00004896,2025-05-25,2025-06-01,7,96.1,135.76,231.86
4152,RSV00004898,2024-12-02,2024-12-04,2,361.86,107.27,469.13
4153,RSV00004899,2025-06-22,2025-06-27,5,197.84,145.07,342.91
4154,RSV00004900,2025-01-17,2025-01-20,3,605.81,218.8,824.61
4155,RSV00004901,2024-09-23,2024-09-24,1,624.68,132.2,756.88
4156,RSV00004902,2026-06-02,2026-06-06,4,1405.27,130.93,1536.2
4157,RSV00004903,2025-06-18,2025-06-22,4,743.87,150.1,893.97
4158,RSV00004904,2025-03-20,2025-03-22,2,147.35,54.84,202.19
4159,RSV00004905,2026-04-25,2026-04-30,5,1106.18,60.17,1166.35
4160,RSV00004906,2024-12-17,2024-12-19,2,1192.89,179.45,1372.34
4161,RSV00004907,2024-12-08,2024-12-15,7,858.29,223.29,1081.58
4162,RSV00004908,2026-02-15,2026-02-21,6,842.55,53.75,896.3
4163,RSV00004910,2026-05-17,2026-05-23,6,906.91,3.0,909.91
4164,RSV00004911,2026-06-18,2026-06-19,1,1259.17,195.54,1454.71
4165,RSV00004912,2025-05-29,2025-06-03,5,219.03,56.52,275.55
4166,RSV00004913,2025-11-26,2025-11-30,4,1247.86,167.15,1415.01
4167,RSV00004914,2024-10-26,2024-10-29,3,1137.72,82.48,1220.2
4168,RSV00004915,2025-03-14,2025-03-19,5,1291.35,51.29,1342.64
4169,RSV00004916,2026-01-13,2026-01-17,4,553.07,129.61,682.68
4170,RSV00004917,2026-04-05,2026-04-09,4,297.83,48.26,346.09
4171,RSV00004918,2025-02-07,2025-02-13,6,1264.64,35.22,1299.86
4172,RSV00004919,2025-10-31,2025-11-05,5,576.24,24.71,600.95
4173,RSV00004922,2025-10-25,2025-11-01,7,718.18,149.6,867.78
4174,RSV00004923,2026-01-03,2026-01-05,2,375.2,24.59,399.79
4175,RSV00004925,2024-09-12,2024-09-14,2,805.05,160.58,965.63
4176,RSV00004926,2025-07-08,2025-07-13,5,331.54,72.66,404.2
4177,RSV00004927,2025-08-19,2025-08-23,4,663.69,142.78,806.47
4178,RSV00004928,2025-11-27,2025-12-01,4,1396.65,193.72,1590.37
4179,RSV00004929,2026-02-09,2026-02-16,7,555.25,82.94,638.19
4180,RSV00004931,2025-05-14,2025-05-19,5,1398.2,142.68,1540.88
4181,RSV00004933,2025-06-10,2025-06-13,3,359.44,122.58,482.02
4182,RSV00004935,2025-10-02,2025-10-04,2,606.48,126.37,732.85
4183,RSV00004936,2025-08-29,2025-09-04,6,1098.96,198.52,1297.48
4184,RSV00004937,2025-05-16,2025-05-23,7,740.56,88.32,828.88
4185,RSV00004938,2024-09-20,2024-09-27,7,1403.98,235.6,1639.58
4186,RSV00004939,2026-03-03,2026-03-06,3,172.48,169.64,342.12
4187,RSV00004940,2026-02-24,2026-02-25,1,458.68,149.79,608.47
4188,RSV00004941,2024-07-04,2024-07-06,2,1172.33,183.97,1356.3
4189,RSV00004942,2026-04-29,2026-05-04,5,344.88,221.14,566.02
4190,RSV00004944,2025-12-26,2026-01-01,6,881.99,99.63,981.62
4191,RSV00004945,2025-09-22,2025-09-24,2,1460.72,115.32,1576.04
4192,RSV00004946,2024-08-23,2024-08-26,3,458.97,245.58,704.55
4193,RSV00004947,2026-04-01,2026-04-02,1,585.57,184.32,769.89
4194,RSV00004948,2025-01-14,2025-01-21,7,113.15,164.07,277.22
4195,RSV00004949,2025-06-28,2025-07-01,3,377.34,210.65,587.99
4196,RSV00004950,2025-07-27,2025-08-03,7,100.68,65.44,166.12
4197,RSV00004951,2024-08-12,2024-08-15,3,587.36,107.79,695.15
4198,RSV00004952,2024-11-07,2024-11-12,5,1266.83,64.77,1331.6
4199,RSV00004953,2025-11-04,2025-11-06,2,236.93,228.35,465.28
4200,RSV00004954,2024-12-23,2024-12-28,5,289.49,109.68,399.17
4201,RSV00004955,2025-10-15,2025-10-17,2,1495.26,186.59,1681.85
4202,RSV00004956,2025-03-16,2025-03-19,3,972.73,102.31,1075.04
4203,RSV00004957,2026-05-07,2026-05-14,7,1367.34,170.33,1537.67
4204,RSV00004958,2024-10-22,2024-10-27,5,1307.36,51.59,1358.95
4205,RSV00004960,2026-01-10,2026-01-11,1,1242.37,55.08,1297.45
4206,RSV00004962,2024-06-29,2024-07-06,7,139.74,120.7,260.44
4207,RSV00004963,2025-02-27,2025-02-28,1,846.27,107.25,953.52
4208,RSV00004967,2024-12-29,2025-01-03,5,865.6,220.11,1085.71
4209,RSV00004968,2025-01-13,2025-01-18,5,1279.61,209.95,1489.56
4210,RSV00004969,2024-06-30,2024-07-03,3,1488.33,49.48,1537.81
4211,RSV00004970,2026-02-27,2026-03-06,7,1398.45,150.84,1549.29
4212,RSV00004972,2025-05-11,2025-05-14,3,1446.04,12.11,1458.15
4213,RSV00004973,2025-03-09,2025-03-16,7,543.5,168.67,712.17
4214,RSV00004974,2026-03-11,2026-03-13,2,1400.38,167.04,1567.42
4215,RSV00004976,2024-06-23,2024-06-28,5,972.53,199.55,1172.08
4216,RSV00004977,2025-07-17,2025-07-18,1,1360.29,171.14,1531.43
4217,RSV00004978,2025-10-29,2025-11-04,6,1014.08,147.71,1161.79
4218,RSV00004979,2025-11-21,2025-11-24,3,1319.93,200.23,1520.16
4219,RSV00004980,2025-12-30,2026-01-06,7,892.8,215.15,1107.95
4220,RSV00004981,2024-08-05,2024-08-06,1,562.92,38.08,601.0
4221,RSV00004982,2026-03-03,2026-03-06,3,1378.5,58.86,1437.36
4222,RSV00004983,2025-06-19,2025-06-23,4,1194.26,59.29,1253.55
4223,RSV00004984,2024-09-04,2024-09-08,4,377.11,16.51,393.62
4224,RSV00004986,2025-08-03,2025-08-09,6,662.91,237.92,900.83
4225,RSV00004987,2025-08-17,2025-08-19,2,555.62,133.04,688.66
4226,RSV00004988,2025-02-24,2025-02-26,2,781.59,76.55,858.14
4227,RSV00004989,2026-06-23,2026-06-27,4,1313.76,3.29,1317.05
4228,RSV00004990,2024-07-15,2024-07-18,3,1170.95,78.43,1249.38
4229,RSV00004991,2025-05-21,2025-05-22,1,467.86,17.64,485.5
4230,RSV00004992,2025-03-02,2025-03-08,6,1301.2,174.4,1475.6
4231,RSV00004993,2024-08-25,2024-08-30,5,1152.98,234.81,1387.79
4232,RSV00004994,2025-01-10,2025-01-16,6,1034.12,52.27,1086.39
4233,RSV00004996,2025-08-03,2025-08-05,2,956.98,164.67,1121.65
4234,RSV00004997,2025-07-23,2025-07-24,1,1283.49,127.93,1411.42
4235,RSV00004998,2025-09-24,2025-09-27,3,1038.53,243.33,1281.86
4236,RSV00004999,2024-11-20,2024-11-23,3,309.34,212.98,522.32
4237,RSV00005000,2025-12-27,2025-12-28,1,262.87,38.96,301.83
4238,RSV00005001,2024-12-23,2024-12-24,1,1145.1,127.38,1272.48
4239,RSV00005002,2024-10-10,2024-10-11,1,801.86,217.29,1019.15
4240,RSV00005003,2026-01-25,2026-01-28,3,781.97,106.08,888.05
4241,RSV00005004,2024-10-15,2024-10-22,7,796.33,45.87,842.2
4242,RSV00005005,2025-06-27,2025-06-30,3,283.46,157.06,440.52
4243,RSV00005006,2024-07-22,2024-07-24,2,1219.87,226.24,1446.11
4244,RSV00005008,2026-05-15,2026-05-21,6,885.19,126.02,1011.21
4245,RSV00005009,2025-07-30,2025-08-05,6,1170.92,128.52,1299.44
4246,RSV00005010,2025-10-23,2025-10-28,5,1159.5,47.72,1207.22
4247,RSV00005011,2024-09-13,2024-09-20,7,702.75,72.81,775.56
4248,RSV00005012,2024-10-13,2024-10-16,3,604.41,194.5,798.91
4249,RSV00005013,2025-03-13,2025-03-18,5,1004.39,15.86,1020.25
4250,RSV00005014,2026-04-07,2026-04-11,4,759.65,63.61,823.26
4251,RSV00005016,2024-09-12,2024-09-15,3,1045.13,71.72,1116.85
4252,RSV00005017,2024-10-30,2024-11-04,5,1370.96,210.49,1581.45
4253,RSV00005018,2024-11-01,2024-11-02,1,794.52,53.46,847.98
4254,RSV00005019,2025-05-11,2025-05-13,2,409.65,83.48,493.13
4255,RSV00005020,2025-03-24,2025-03-25,1,1245.12,185.91,1431.03
4256,RSV00005021,2025-07-08,2025-07-12,4,556.86,148.19,705.05
4257,RSV00005022,2025-01-10,2025-01-13,3,1325.05,168.29,1493.34
4258,RSV00005023,2026-02-22,2026-02-27,5,208.77,200.06,408.83
4259,RSV00005024,2024-10-06,2024-10-12,6,392.09,169.18,561.27
4260,RSV00005025,2026-03-03,2026-03-06,3,1436.61,188.1,1624.71
4261,RSV00005026,2026-05-15,2026-05-16,1,812.81,66.85,879.66
4262,RSV00005027,2025-01-11,2025-01-14,3,1322.6,28.44,1351.04
4263,RSV00005029,2025-08-28,2025-09-04,7,778.09,162.85,940.94
4264,RSV00005030,2026-01-11,2026-01-17,6,803.47,56.25,859.72
4265,RSV00005031,2025-06-22,2025-06-28,6,1114.29,236.21,1350.5
4266,RSV00005032,2024-09-22,2024-09-23,1,644.93,218.44,863.37
4267,RSV00005034,2024-08-03,2024-08-06,3,979.19,135.6,1114.79
4268,RSV00005037,2024-09-20,2024-09-21,1,1325.07,35.58,1360.65
4269,RSV00005038,2026-03-03,2026-03-06,3,799.24,178.63,977.87
4270,RSV00005039,2024-09-04,2024-09-06,2,1045.47,126.51,1171.98
4271,RSV00005040,2025-09-04,2025-09-08,4,1135.0,28.17,1163.17
4272,RSV00005041,2024-08-21,2024-08-22,1,826.14,246.68,1072.82
4273,RSV00005042,2026-01-02,2026-01-07,5,1350.24,59.36,1409.6
4274,RSV00005043,2024-10-13,2024-10-16,3,959.62,127.61,1087.23
4275,RSV00005044,2026-01-12,2026-01-17,5,1278.07,35.24,1313.31
4276,RSV00005045,2024-08-22,2024-08-26,4,1233.55,197.04,1430.59
4277,RSV00005048,2024-11-04,2024-11-06,2,1405.02,191.65,1596.67
4278,RSV00005049,2025-02-18,2025-02-19,1,569.28,55.25,624.53
4279,RSV00005050,2025-12-13,2025-12-14,1,1157.96,75.3,1233.26
4280,RSV00005051,2024-10-08,2024-10-09,1,1069.3,95.25,1164.55
4281,RSV00005052,2025-05-20,2025-05-23,3,1032.1,216.15,1248.25
4282,RSV00005053,2024-09-25,2024-09-26,1,763.34,230.07,993.41
4283,RSV00005054,2024-12-11,2024-12-17,6,905.49,36.65,942.14
4284,RSV00005055,2025-03-06,2025-03-10,4,1016.71,131.7,1148.41
4285,RSV00005056,2025-03-20,2025-03-23,3,699.97,97.12,797.09
4286,RSV00005057,2024-10-01,2024-10-02,1,276.69,207.33,484.02
4287,RSV00005058,2025-02-08,2025-02-14,6,470.79,159.24,630.03
4288,RSV00005059,2025-12-25,2026-01-01,7,650.11,196.81,846.92
4289,RSV00005060,2024-10-13,2024-10-18,5,512.23,12.36,524.59
4290,RSV00005063,2025-04-01,2025-04-05,4,909.58,33.82,943.4
4291,RSV00005064,2025-03-08,2025-03-09,1,1065.03,147.75,1212.78
4292,RSV00005065,2024-09-26,2024-10-01,5,647.72,88.46,736.18
4293,RSV00005066,2026-04-27,2026-05-02,5,90.48,222.59,313.07
4294,RSV00005067,2024-10-27,2024-10-28,1,369.56,107.14,476.7
4295,RSV00005068,2025-08-24,2025-08-27,3,224.46,5.32,229.78
4296,RSV00005069,2025-10-31,2025-11-03,3,262.09,8.12,270.21
4297,RSV00005070,2024-11-07,2024-11-09,2,1397.92,2.36,1400.28
4298,RSV00005072,2026-01-12,2026-01-15,3,582.23,212.41,794.64
4299,RSV00005073,2025-05-16,2025-05-18,2,408.81,175.68,584.49
4300,RSV00005075,2024-09-20,2024-09-25,5,1380.03,147.59,1527.62
4301,RSV00005077,2026-05-02,2026-05-08,6,398.11,238.76,636.87
4302,RSV00005078,2026-06-26,2026-07-01,5,581.83,141.08,722.91
4303,RSV00005079,2024-11-27,2024-12-04,7,887.25,121.28,1008.53
4304,RSV00005080,2024-07-25,2024-07-30,5,507.42,106.23,613.65
4305,RSV00005081,2025-01-02,2025-01-08,6,829.18,189.19,1018.37
4306,RSV00005082,2024-08-19,2024-08-23,4,497.44,113.18,610.62
4307,RSV00005083,2025-07-14,2025-07-20,6,360.93,123.29,484.22
4308,RSV00005084,2026-06-21,2026-06-27,6,860.44,246.27,1106.71
4309,RSV00005085,2025-08-14,2025-08-21,7,148.91,64.29,213.2
4310,RSV00005086,2024-07-04,2024-07-09,5,1291.68,98.78,1390.46
4311,RSV00005088,2024-06-18,2024-06-25,7,580.96,24.17,605.13
4312,RSV00005089,2026-01-22,2026-01-29,7,1405.56,36.88,1442.44
4313,RSV00005090,2025-06-01,2025-06-06,5,1415.48,207.84,1623.32
4314,RSV00005091,2025-08-07,2025-08-11,4,707.78,125.18,832.96
4315,RSV00005092,2024-09-12,2024-09-17,5,762.61,17.92,780.53
4316,RSV00005093,2025-03-27,2025-04-01,5,945.98,20.37,966.35
4317,RSV00005094,2024-08-31,2024-09-04,4,490.4,224.39,714.79
4318,RSV00005095,2024-08-20,2024-08-23,3,156.9,38.7,195.6
4319,RSV00005096,2026-02-24,2026-02-27,3,197.83,198.71,396.54
4320,RSV00005098,2025-08-14,2025-08-20,6,967.7,54.28,1021.98
4321,RSV00005099,2024-08-22,2024-08-26,4,330.94,133.61,464.55
4322,RSV00005100,2024-08-24,2024-08-26,2,1380.18,150.87,1531.05
4323,RSV00005101,2025-01-14,2025-01-18,4,318.9,171.74,490.64
4324,RSV00005102,2024-11-08,2024-11-14,6,1172.53,96.09,1268.62
4325,RSV00005104,2026-06-17,2026-06-24,7,1308.8,38.65,1347.45
4326,RSV00005105,2025-09-06,2025-09-07,1,840.57,96.88,937.45
4327,RSV00005106,2025-03-26,2025-03-31,5,142.71,117.06,259.77
4328,RSV00005107,2025-10-09,2025-10-11,2,1361.96,94.9,1456.86
4329,RSV00005108,2026-04-16,2026-04-19,3,570.86,236.48,807.34
4330,RSV00005109,2025-05-05,2025-05-12,7,291.11,83.13,374.24
4331,RSV00005110,2026-03-28,2026-04-02,5,1337.03,233.48,1570.51
4332,RSV00005111,2026-02-01,2026-02-02,1,1362.6,9.46,1372.06
4333,RSV00005112,2024-11-21,2024-11-25,4,827.9,213.0,1040.9
4334,RSV00005113,2024-12-30,2024-12-31,1,554.29,244.04,798.33
4335,RSV00005114,2024-11-01,2024-11-03,2,763.81,24.41,788.22
4336,RSV00005115,2026-05-18,2026-05-25,7,1089.99,187.28,1277.27
4337,RSV00005116,2026-03-16,2026-03-23,7,843.48,245.57,1089.05
4338,RSV00005117,2024-08-30,2024-09-06,7,602.48,202.03,804.51
4339,RSV00005118,2025-01-29,2025-02-04,6,778.42,155.42,933.84
4340,RSV00005119,2024-06-03,2024-06-04,1,417.04,22.0,439.04
4341,RSV00005120,2025-09-09,2025-09-14,5,789.21,220.98,1010.19
4342,RSV00005121,2025-03-21,2025-03-25,4,1126.11,36.84,1162.95
4343,RSV00005123,2025-08-26,2025-09-01,6,464.46,55.21,519.67
4344,RSV00005124,2025-01-07,2025-01-11,4,549.53,117.15,666.68
4345,RSV00005125,2025-01-14,2025-01-21,7,351.83,6.84,358.67
4346,RSV00005126,2025-10-13,2025-10-14,1,437.98,140.45,578.43
4347,RSV00005127,2025-08-12,2025-08-19,7,1332.54,176.3,1508.84
4348,RSV00005130,2024-07-20,2024-07-27,7,378.37,170.33,548.7
4349,RSV00005131,2026-05-26,2026-05-30,4,787.18,193.94,981.12
4350,RSV00005132,2024-12-12,2024-12-14,2,661.11,130.07,791.18
4351,RSV00005134,2026-02-20,2026-02-26,6,500.69,35.44,536.13
4352,RSV00005135,2024-11-08,2024-11-15,7,1213.57,106.61,1320.18
4353,RSV00005136,2026-02-17,2026-02-19,2,339.58,207.2,546.78
4354,RSV00005138,2024-10-15,2024-10-17,2,637.49,239.18,876.67
4355,RSV00005139,2024-07-14,2024-07-17,3,933.6,167.05,1100.65
4356,RSV00005140,2025-07-19,2025-07-24,5,1255.37,126.18,1381.55
4357,RSV00005143,2025-01-27,2025-02-03,7,933.64,160.46,1094.1
4358,RSV00005145,2025-11-07,2025-11-12,5,1275.62,194.48,1470.1
4359,RSV00005146,2026-07-04,2026-07-10,6,815.35,34.72,850.07
4360,RSV00005147,2025-08-21,2025-08-24,3,735.74,248.61,984.35
4361,RSV00005149,2026-03-21,2026-03-24,3,280.68,113.32,394.0
4362,RSV00005151,2024-10-14,2024-10-19,5,745.11,210.31,955.42
4363,RSV00005153,2024-11-28,2024-12-03,5,406.79,2.7,409.49
4364,RSV00005155,2024-10-15,2024-10-20,5,466.48,242.51,708.99
4365,RSV00005156,2025-09-09,2025-09-14,5,1264.87,212.37,1477.24
4366,RSV00005157,2026-05-13,2026-05-14,1,934.55,66.29,1000.84
4367,RSV00005158,2025-11-26,2025-11-27,1,525.84,183.05,708.89
4368,RSV00005159,2025-03-18,2025-03-22,4,1204.52,49.3,1253.82
4369,RSV00005160,2025-10-28,2025-11-04,7,774.54,226.73,1001.27
4370,RSV00005161,2024-08-11,2024-08-17,6,359.53,104.28,463.81
4371,RSV00005162,2026-07-03,2026-07-07,4,1115.15,28.81,1143.96
4372,RSV00005163,2025-08-01,2025-08-03,2,131.79,115.14,246.93
4373,RSV00005164,2026-04-23,2026-04-28,5,991.59,70.31,1061.9
4374,RSV00005166,2025-02-24,2025-03-02,6,562.73,178.59,741.32
4375,RSV00005168,2026-03-20,2026-03-24,4,922.31,111.08,1033.39
4376,RSV00005169,2024-07-18,2024-07-23,5,1399.01,124.02,1523.03
4377,RSV00005171,2026-03-03,2026-03-07,4,104.59,247.16,351.75
4378,RSV00005173,2025-11-18,2025-11-20,2,1141.45,124.78,1266.23
4379,RSV00005174,2024-09-10,2024-09-14,4,1099.1,31.72,1130.82
4380,RSV00005175,2024-08-19,2024-08-24,5,1268.07,245.27,1513.34
4381,RSV00005177,2025-06-28,2025-07-01,3,876.13,40.06,916.19
4382,RSV00005178,2024-08-16,2024-08-18,2,169.48,217.64,387.12
4383,RSV00005179,2026-05-30,2026-06-06,7,650.25,107.72,757.97
4384,RSV00005180,2024-09-15,2024-09-21,6,712.47,142.69,855.16
4385,RSV00005181,2025-11-16,2025-11-17,1,491.22,74.09,565.31
4386,RSV00005182,2025-02-01,2025-02-03,2,124.52,48.29,172.81
4387,RSV00005183,2025-12-01,2025-12-05,4,718.0,244.18,962.18
4388,RSV00005184,2025-08-17,2025-08-20,3,1275.34,102.83,1378.17
4389,RSV00005185,2024-07-07,2024-07-11,4,1032.99,212.38,1245.37
4390,RSV00005186,2025-10-20,2025-10-27,7,443.27,32.88,476.15
4391,RSV00005187,2024-09-26,2024-09-28,2,456.02,207.83,663.85
4392,RSV00005189,2025-01-11,2025-01-18,7,1305.92,50.37,1356.29
4393,RSV00005190,2025-05-17,2025-05-19,2,357.38,31.64,389.02
4394,RSV00005192,2025-12-30,2025-12-31,1,1458.93,112.7,1571.63
4395,RSV00005193,2024-08-20,2024-08-21,1,1061.78,127.56,1189.34
4396,RSV00005194,2024-12-27,2024-12-31,4,425.95,155.75,581.7
4397,RSV00005195,2025-10-29,2025-10-31,2,192.21,96.58,288.79
4398,RSV00005196,2025-07-03,2025-07-05,2,1201.3,92.53,1293.83
4399,RSV00005198,2025-05-30,2025-06-04,5,767.23,9.29,776.52
4400,RSV00005199,2026-06-01,2026-06-04,3,1253.4,76.28,1329.68
4401,RSV00005200,2026-03-21,2026-03-28,7,967.19,200.52,1167.71
4402,RSV00005202,2025-06-28,2025-07-04,6,137.96,127.56,265.52
4403,RSV00005203,2026-05-28,2026-05-30,2,745.24,237.5,982.74
4404,RSV00005204,2024-10-01,2024-10-03,2,1171.76,60.58,1232.34
4405,RSV00005205,2026-07-09,2026-07-16,7,425.47,26.14,451.61
4406,RSV00005206,2025-03-05,2025-03-07,2,221.64,197.83,419.47
4407,RSV00005207,2026-04-25,2026-04-29,4,338.08,140.65,478.73
4408,RSV00005208,2025-07-15,2025-07-22,7,418.78,157.17,575.95
4409,RSV00005210,2024-11-03,2024-11-06,3,111.13,248.12,359.25
4410,RSV00005211,2025-12-01,2025-12-06,5,830.95,185.44,1016.39
4411,RSV00005212,2025-04-29,2025-05-02,3,596.5,136.49,732.99
4412,RSV00005213,2025-08-19,2025-08-23,4,1282.92,214.11,1497.03
4413,RSV00005214,2025-05-17,2025-05-23,6,637.19,122.24,759.43
4414,RSV00005216,2026-03-01,2026-03-02,1,304.39,109.38,413.77
4415,RSV00005218,2025-05-02,2025-05-08,6,1172.94,106.19,1279.13
4416,RSV00005221,2026-06-02,2026-06-03,1,1165.21,197.92,1363.13
4417,RSV00005222,2024-09-20,2024-09-27,7,1140.78,167.2,1307.98
4418,RSV00005224,2025-08-12,2025-08-17,5,975.83,229.35,1205.18
4419,RSV00005225,2025-08-26,2025-08-29,3,954.38,115.38,1069.76
4420,RSV00005226,2025-06-14,2025-06-16,2,743.85,162.37,906.22
4421,RSV00005228,2025-09-18,2025-09-23,5,190.54,152.03,342.57
4422,RSV00005229,2025-05-14,2025-05-19,5,758.54,31.03,789.57
4423,RSV00005230,2025-04-02,2025-04-07,5,963.14,35.99,999.13
4424,RSV00005231,2025-03-21,2025-03-28,7,155.04,85.09,240.13
4425,RSV00005232,2025-04-17,2025-04-19,2,338.0,124.2,462.2
4426,RSV00005233,2024-11-20,2024-11-23,3,188.99,215.94,404.93
4427,RSV00005234,2025-11-01,2025-11-08,7,688.44,58.55,746.99
4428,RSV00005235,2024-11-23,2024-11-28,5,623.98,212.06,836.04
4429,RSV00005236,2025-10-31,2025-11-07,7,787.46,88.8,876.26
4430,RSV00005237,2025-08-06,2025-08-10,4,89.39,76.39,165.78
4431,RSV00005238,2024-10-06,2024-10-09,3,1203.05,52.2,1255.25
4432,RSV00005239,2025-07-12,2025-07-13,1,230.74,44.5,275.24
4433,RSV00005240,2025-02-25,2025-03-03,6,341.97,180.09,522.06
4434,RSV00005241,2026-03-13,2026-03-16,3,1280.69,101.91,1382.6
4435,RSV00005242,2026-02-08,2026-02-13,5,704.31,202.07,906.38
4436,RSV00005244,2025-03-29,2025-03-31,2,346.2,110.36,456.56
4437,RSV00005246,2026-02-10,2026-02-11,1,1427.35,45.71,1473.06
4438,RSV00005247,2026-05-23,2026-05-28,5,398.91,9.92,408.83
4439,RSV00005248,2024-08-27,2024-09-02,6,704.89,138.89,843.78
4440,RSV00005249,2026-03-31,2026-04-01,1,1128.21,157.19,1285.4
4441,RSV00005250,2024-10-26,2024-11-01,6,866.02,84.86,950.88
4442,RSV00005251,2024-10-25,2024-10-31,6,571.15,236.67,807.82
4443,RSV00005252,2024-07-09,2024-07-12,3,283.53,151.22,434.75
4444,RSV00005253,2025-06-12,2025-06-17,5,1231.42,122.1,1353.52
4445,RSV00005255,2024-08-21,2024-08-23,2,809.7,166.02,975.72
4446,RSV00005256,2025-11-26,2025-12-02,6,531.42,88.8,620.22
4447,RSV00005257,2025-05-11,2025-05-13,2,892.22,60.34,952.56
4448,RSV00005258,2024-07-19,2024-07-26,7,1432.06,236.64,1668.7
4449,RSV00005259,2024-10-22,2024-10-28,6,1326.4,22.58,1348.98
4450,RSV00005261,2024-09-01,2024-09-06,5,1248.47,241.7,1490.17
4451,RSV00005262,2026-05-26,2026-05-29,3,1115.6,184.81,1300.41
4452,RSV00005263,2026-03-22,2026-03-27,5,518.16,177.62,695.78
4453,RSV00005264,2025-02-13,2025-02-16,3,1365.94,171.85,1537.79
4454,RSV00005265,2026-04-11,2026-04-16,5,394.15,76.18,470.33
4455,RSV00005268,2025-06-11,2025-06-16,5,1374.16,159.15,1533.31
4456,RSV00005269,2025-11-06,2025-11-11,5,1411.1,115.04,1526.14
4457,RSV00005270,2026-03-13,2026-03-15,2,81.86,208.43,290.29
4458,RSV00005271,2025-11-05,2025-11-12,7,1469.93,199.56,1669.49
4459,RSV00005272,2024-10-14,2024-10-15,1,258.92,183.58,442.5
4460,RSV00005275,2025-05-16,2025-05-23,7,1083.4,93.85,1177.25
4461,RSV00005276,2025-03-20,2025-03-26,6,526.01,164.32,690.33
4462,RSV00005277,2026-01-20,2026-01-23,3,382.55,234.77,617.32
4463,RSV00005278,2024-11-11,2024-11-17,6,576.75,128.42,705.17
4464,RSV00005279,2024-07-31,2024-08-01,1,1421.85,44.5,1466.35
4465,RSV00005280,2026-03-19,2026-03-22,3,641.26,165.59,806.85
4466,RSV00005281,2025-08-20,2025-08-22,2,870.15,17.47,887.62
4467,RSV00005282,2026-04-24,2026-04-27,3,390.05,161.95,552.0
4468,RSV00005283,2025-01-28,2025-01-29,1,186.92,71.17,258.09
4469,RSV00005284,2026-02-01,2026-02-02,1,1058.96,146.61,1205.57
4470,RSV00005285,2024-09-10,2024-09-14,4,1465.21,76.28,1541.49
4471,RSV00005286,2025-12-06,2025-12-10,4,279.63,212.88,492.51
4472,RSV00005288,2026-01-21,2026-01-25,4,445.34,80.4,525.74
4473,RSV00005290,2026-03-30,2026-04-02,3,1403.94,182.03,1585.97
4474,RSV00005291,2024-12-20,2024-12-21,1,640.67,135.95,776.62
4475,RSV00005292,2024-12-22,2024-12-29,7,1190.73,19.71,1210.44
4476,RSV00005293,2026-05-25,2026-05-30,5,451.33,238.4,689.73
4477,RSV00005294,2024-06-03,2024-06-08,5,928.05,25.25,953.3
4478,RSV00005295,2025-01-14,2025-01-20,6,1264.22,86.28,1350.5
4479,RSV00005296,2026-03-10,2026-03-14,4,397.31,179.69,577.0
4480,RSV00005297,2025-03-09,2025-03-15,6,369.67,134.72,504.39
4481,RSV00005298,2025-11-17,2025-11-19,2,182.84,102.71,285.55
4482,RSV00005299,2025-11-24,2025-11-30,6,167.15,82.33,249.48
4483,RSV00005300,2024-08-11,2024-08-12,1,1206.66,183.55,1390.21
4484,RSV00005301,2025-09-09,2025-09-11,2,1327.03,209.3,1536.33
4485,RSV00005302,2026-02-14,2026-02-21,7,263.04,175.39,438.43
4486,RSV00005303,2025-03-16,2025-03-18,2,353.43,27.62,381.05
4487,RSV00005304,2025-12-26,2025-12-30,4,611.46,128.76,740.22
4488,RSV00005305,2024-08-22,2024-08-27,5,221.77,190.6,412.37
4489,RSV00005306,2024-08-28,2024-09-02,5,921.65,223.91,1145.56
4490,RSV00005307,2024-11-05,2024-11-07,2,1469.27,156.55,1625.82
4491,RSV00005308,2024-10-01,2024-10-05,4,1256.26,213.17,1469.43
4492,RSV00005309,2025-11-29,2025-12-04,5,1479.93,0.87,1480.8
4493,RSV00005310,2025-12-03,2025-12-05,2,182.01,185.5,367.51
4494,RSV00005311,2025-08-31,2025-09-01,1,311.61,2.61,314.22
4495,RSV00005312,2026-03-20,2026-03-24,4,1343.87,41.56,1385.43
4496,RSV00005313,2025-05-30,2025-06-06,7,122.32,88.27,210.59
4497,RSV00005314,2024-12-31,2025-01-05,5,847.48,113.17,960.65
4498,RSV00005315,2025-10-14,2025-10-18,4,1450.2,84.46,1534.66
4499,RSV00005316,2024-10-13,2024-10-17,4,687.87,112.4,800.27
4500,RSV00005318,2025-09-26,2025-09-27,1,810.26,37.08,847.34
4501,RSV00005319,2026-06-27,2026-07-03,6,1499.09,132.85,1631.94
4502,RSV00005320,2025-09-22,2025-09-27,5,1495.78,125.74,1621.52
4503,RSV00005322,2026-03-28,2026-03-30,2,458.49,136.0,594.49
4504,RSV00005324,2026-05-17,2026-05-22,5,1289.44,124.26,1413.7
4505,RSV00005325,2025-05-11,2025-05-16,5,1201.74,192.33,1394.07
4506,RSV00005326,2025-12-29,2026-01-02,4,139.47,83.08,222.55
4507,RSV00005327,2024-10-10,2024-10-16,6,876.61,111.7,988.31
4508,RSV00005328,2025-09-02,2025-09-09,7,639.01,54.52,693.53
4509,RSV00005330,2025-01-16,2025-01-23,7,234.2,65.36,299.56
4510,RSV00005331,2025-09-06,2025-09-10,4,1253.92,223.24,1477.16
4511,RSV00005332,2024-12-02,2024-12-08,6,954.4,92.4,1046.8
4512,RSV00005333,2025-11-17,2025-11-24,7,1116.12,89.34,1205.46
4513,RSV00005334,2026-03-29,2026-03-31,2,939.05,73.14,1012.19
4514,RSV00005335,2025-11-03,2025-11-05,2,1006.92,62.05,1068.97
4515,RSV00005336,2025-01-04,2025-01-09,5,166.19,128.79,294.98
4516,RSV00005337,2024-11-22,2024-11-26,4,1126.17,173.59,1299.76
4517,RSV00005338,2025-02-04,2025-02-09,5,1101.72,182.26,1283.98
4518,RSV00005339,2024-11-03,2024-11-09,6,422.43,82.1,504.53
4519,RSV00005340,2025-11-13,2025-11-20,7,281.91,140.69,422.6
4520,RSV00005341,2025-10-23,2025-10-26,3,896.68,67.5,964.18
4521,RSV00005342,2025-07-06,2025-07-10,4,158.32,162.06,320.38
4522,RSV00005343,2025-11-01,2025-11-02,1,844.7,14.35,859.05
4523,RSV00005344,2024-09-18,2024-09-19,1,643.06,119.29,762.35
4524,RSV00005345,2026-04-14,2026-04-19,5,747.34,163.23,910.57
4525,RSV00005347,2026-05-16,2026-05-19,3,932.01,203.24,1135.25
4526,RSV00005351,2025-08-28,2025-08-29,1,315.82,166.36,482.18
4527,RSV00005352,2026-01-17,2026-01-18,1,210.01,228.19,438.2
4528,RSV00005353,2026-03-30,2026-04-01,2,524.1,54.53,578.63
4529,RSV00005355,2025-02-10,2025-02-15,5,1399.44,93.92,1493.36
4530,RSV00005356,2024-12-09,2024-12-15,6,184.6,100.99,285.59
4531,RSV00005359,2024-07-22,2024-07-24,2,784.21,32.97,817.18
4532,RSV00005360,2024-12-29,2024-12-31,2,1187.01,233.74,1420.75
4533,RSV00005361,2025-01-27,2025-02-03,7,481.08,159.95,641.03
4534,RSV00005362,2026-06-26,2026-07-03,7,1464.01,83.22,1547.23
4535,RSV00005365,2025-09-01,2025-09-08,7,1182.8,51.46,1234.26
4536,RSV00005366,2025-09-07,2025-09-10,3,1463.73,30.7,1494.43
4537,RSV00005367,2025-06-21,2025-06-22,1,147.44,37.14,184.58
4538,RSV00005368,2024-07-26,2024-08-01,6,1408.84,151.3,1560.14
4539,RSV00005369,2025-11-27,2025-12-03,6,650.31,13.53,663.84
4540,RSV00005371,2025-03-07,2025-03-10,3,258.38,72.57,330.95
4541,RSV00005372,2025-08-29,2025-09-02,4,907.26,249.31,1156.57
4542,RSV00005374,2024-09-14,2024-09-20,6,363.07,93.19,456.26
4543,RSV00005376,2024-08-31,2024-09-07,7,616.73,45.88,662.61
4544,RSV00005377,2025-12-28,2026-01-03,6,543.03,1.64,544.67
4545,RSV00005378,2025-11-23,2025-11-24,1,959.63,88.26,1047.89
4546,RSV00005379,2024-07-26,2024-07-27,1,426.63,216.98,643.61
4547,RSV00005380,2024-12-24,2024-12-30,6,718.12,37.2,755.32
4548,RSV00005381,2025-04-15,2025-04-16,1,1314.87,10.31,1325.18
4549,RSV00005382,2026-04-18,2026-04-24,6,594.84,147.26,742.1
4550,RSV00005383,2025-06-25,2025-06-26,1,313.51,138.18,451.69
4551,RSV00005384,2024-12-02,2024-12-05,3,436.31,94.22,530.53
4552,RSV00005385,2025-03-30,2025-04-01,2,1386.25,74.54,1460.79
4553,RSV00005387,2025-04-29,2025-05-01,2,336.62,12.36,348.98
4554,RSV00005388,2025-03-21,2025-03-25,4,115.49,16.24,131.73
4555,RSV00005390,2025-09-30,2025-10-03,3,461.02,92.1,553.12
4556,RSV00005392,2025-08-28,2025-09-03,6,749.13,141.7,890.83
4557,RSV00005393,2025-11-02,2025-11-09,7,1086.94,201.02,1287.96
4558,RSV00005395,2026-01-21,2026-01-25,4,539.3,75.08,614.38
4559,RSV00005396,2026-03-24,2026-03-28,4,833.45,35.42,868.87
4560,RSV00005397,2024-09-18,2024-09-20,2,1245.97,21.73,1267.7
4561,RSV00005398,2025-04-13,2025-04-14,1,382.02,39.21,421.23
4562,RSV00005399,2025-08-27,2025-08-31,4,1162.17,240.89,1403.06
4563,RSV00005400,2026-03-31,2026-04-04,4,375.14,35.86,411.0
4564,RSV00005401,2025-03-15,2025-03-22,7,818.66,107.38,926.04
4565,RSV00005402,2025-01-03,2025-01-05,2,1066.44,123.7,1190.14
4566,RSV00005403,2024-10-09,2024-10-16,7,1154.21,164.33,1318.54
4567,RSV00005404,2026-04-10,2026-04-16,6,1044.62,11.03,1055.65
4568,RSV00005405,2024-12-02,2024-12-04,2,844.2,190.03,1034.23
4569,RSV00005406,2026-03-28,2026-04-04,7,922.03,131.86,1053.89
4570,RSV00005407,2024-10-28,2024-10-29,1,790.99,187.88,978.87
4571,RSV00005408,2025-04-04,2025-04-10,6,672.13,98.0,770.13
4572,RSV00005409,2024-10-15,2024-10-20,5,917.04,121.08,1038.12
4573,RSV00005410,2025-09-06,2025-09-07,1,1062.0,111.43,1173.43
4574,RSV00005411,2026-04-07,2026-04-12,5,262.77,173.81,436.58
4575,RSV00005412,2025-02-01,2025-02-07,6,470.49,118.24,588.73
4576,RSV00005413,2026-02-14,2026-02-17,3,1479.98,233.36,1713.34
4577,RSV00005414,2026-05-25,2026-05-30,5,849.09,170.91,1020.0
4578,RSV00005415,2025-06-13,2025-06-16,3,919.85,221.8,1141.65
4579,RSV00005417,2026-01-09,2026-01-13,4,1112.97,162.83,1275.8
4580,RSV00005418,2026-05-09,2026-05-10,1,1064.98,72.11,1137.09
4581,RSV00005419,2026-06-29,2026-07-05,6,534.96,69.77,604.73
4582,RSV00005420,2025-05-10,2025-05-14,4,1393.62,10.61,1404.23
4583,RSV00005421,2024-07-08,2024-07-09,1,512.5,67.9,580.4
4584,RSV00005422,2025-03-01,2025-03-05,4,1475.34,152.42,1627.76
4585,RSV00005423,2026-06-30,2026-07-02,2,747.11,197.06,944.17
4586,RSV00005424,2024-08-12,2024-08-15,3,145.95,233.82,379.77
4587,RSV00005425,2024-10-25,2024-10-26,1,316.13,198.39,514.52
4588,RSV00005426,2025-04-03,2025-04-06,3,306.39,106.0,412.39
4589,RSV00005428,2024-08-22,2024-08-24,2,1026.91,158.32,1185.23
4590,RSV00005429,2026-05-07,2026-05-09,2,758.66,115.92,874.58
4591,RSV00005430,2025-08-15,2025-08-20,5,1204.47,76.36,1280.83
4592,RSV00005432,2025-08-02,2025-08-06,4,532.69,126.8,659.49
4593,RSV00005433,2025-10-04,2025-10-07,3,218.12,85.69,303.81
4594,RSV00005434,2024-07-09,2024-07-12,3,108.12,27.34,135.46
4595,RSV00005435,2025-02-18,2025-02-21,3,769.8,60.31,830.11
4596,RSV00005436,2025-08-05,2025-08-10,5,908.19,143.05,1051.24
4597,RSV00005437,2025-06-06,2025-06-12,6,217.45,237.34,454.79
4598,RSV00005438,2025-08-20,2025-08-22,2,863.02,162.1,1025.12
4599,RSV00005439,2025-11-10,2025-11-14,4,123.99,248.67,372.66
4600,RSV00005440,2025-04-10,2025-04-15,5,507.21,122.89,630.1
4601,RSV00005441,2026-03-05,2026-03-06,1,418.53,69.68,488.21
4602,RSV00005442,2024-09-10,2024-09-17,7,1473.99,137.77,1611.76
4603,RSV00005444,2024-09-24,2024-09-25,1,691.42,187.74,879.16
4604,RSV00005445,2025-07-28,2025-07-31,3,312.8,243.47,556.27
4605,RSV00005446,2025-03-03,2025-03-10,7,793.52,140.92,934.44
4606,RSV00005447,2026-05-27,2026-05-30,3,1483.46,59.68,1543.14
4607,RSV00005448,2025-06-13,2025-06-17,4,291.69,5.52,297.21
4608,RSV00005449,2025-02-10,2025-02-12,2,1154.82,27.78,1182.6
4609,RSV00005451,2024-10-03,2024-10-05,2,1345.78,107.78,1453.56
4610,RSV00005452,2025-12-13,2025-12-19,6,1398.98,206.79,1605.77
4611,RSV00005453,2025-10-26,2025-10-27,1,707.31,68.11,775.42
4612,RSV00005454,2024-11-18,2024-11-19,1,529.9,177.98,707.88
4613,RSV00005455,2025-04-22,2025-04-27,5,707.53,172.78,880.31
4614,RSV00005456,2025-07-10,2025-07-11,1,705.28,90.94,796.22
4615,RSV00005457,2025-04-23,2025-04-28,5,1116.99,156.63,1273.62
4616,RSV00005458,2024-08-15,2024-08-19,4,1023.26,221.4,1244.66
4617,RSV00005459,2026-03-09,2026-03-10,1,965.47,64.05,1029.52
4618,RSV00005460,2026-02-21,2026-02-25,4,612.99,177.23,790.22
4619,RSV00005461,2024-08-13,2024-08-15,2,736.75,9.51,746.26
4620,RSV00005462,2025-10-09,2025-10-15,6,1219.71,158.14,1377.85
4621,RSV00005463,2025-12-16,2025-12-20,4,969.04,234.38,1203.42
4622,RSV00005464,2025-04-14,2025-04-15,1,435.98,3.28,439.26
4623,RSV00005465,2026-03-18,2026-03-23,5,1453.88,170.32,1624.2
4624,RSV00005466,2024-09-25,2024-09-27,2,1461.14,199.21,1660.35
4625,RSV00005468,2025-06-25,2025-06-27,2,265.96,246.16,512.12
4626,RSV00005469,2025-06-09,2025-06-10,1,1146.57,144.84,1291.41
4627,RSV00005471,2024-06-02,2024-06-03,1,1089.43,175.54,1264.97
4628,RSV00005474,2025-04-22,2025-04-23,1,166.03,10.42,176.45
4629,RSV00005475,2025-10-06,2025-10-10,4,929.0,10.69,939.69
4630,RSV00005476,2025-02-03,2025-02-07,4,133.57,45.27,178.84
4631,RSV00005477,2026-04-30,2026-05-01,1,171.26,60.58,231.84
4632,RSV00005478,2024-07-24,2024-07-29,5,202.12,94.21,296.33
4633,RSV00005479,2026-05-10,2026-05-14,4,976.28,90.77,1067.05
4634,RSV00005480,2026-05-12,2026-05-18,6,1321.28,150.82,1472.1
4635,RSV00005481,2025-07-30,2025-08-01,2,912.26,228.73,1140.99
4636,RSV00005482,2024-08-05,2024-08-10,5,987.54,40.15,1027.69
4637,RSV00005483,2024-06-25,2024-06-27,2,203.57,206.27,409.84
4638,RSV00005484,2025-08-16,2025-08-21,5,633.91,234.38,868.29
4639,RSV00005485,2026-02-13,2026-02-19,6,265.89,244.25,510.14
4640,RSV00005486,2025-02-17,2025-02-19,2,1358.31,107.96,1466.27
4641,RSV00005487,2025-11-02,2025-11-05,3,1464.38,238.04,1702.42
4642,RSV00005488,2025-02-11,2025-02-14,3,504.57,136.85,641.42
4643,RSV00005490,2026-03-19,2026-03-22,3,958.68,50.18,1008.86
4644,RSV00005491,2025-08-11,2025-08-15,4,1051.98,232.63,1284.61
4645,RSV00005492,2025-12-12,2025-12-14,2,1492.92,105.02,1597.94
4646,RSV00005493,2026-04-01,2026-04-03,2,780.39,249.34,1029.73
4647,RSV00005494,2024-07-26,2024-07-27,1,1050.39,248.24,1298.63
4648,RSV00005495,2025-06-09,2025-06-12,3,1462.26,109.3,1571.56
4649,RSV00005496,2025-11-30,2025-12-06,6,1068.84,248.28,1317.12
4650,RSV00005497,2024-11-16,2024-11-18,2,1000.96,201.01,1201.97
4651,RSV00005498,2025-07-08,2025-07-13,5,1001.79,58.24,1060.03
4652,RSV00005499,2025-05-04,2025-05-09,5,1180.76,51.41,1232.17
4653,RSV00005501,2026-04-15,2026-04-22,7,1324.97,207.72,1532.69
4654,RSV00005502,2026-04-12,2026-04-17,5,727.47,86.89,814.36
4655,RSV00005503,2026-05-18,2026-05-24,6,1227.95,72.25,1300.2
4656,RSV00005504,2026-02-16,2026-02-23,7,116.79,94.23,211.02
4657,RSV00005506,2025-01-11,2025-01-15,4,1026.41,214.5,1240.91
4658,RSV00005507,2024-11-11,2024-11-16,5,1163.91,154.09,1318.0
4659,RSV00005508,2024-11-18,2024-11-23,5,1434.28,28.46,1462.74
4660,RSV00005510,2024-10-13,2024-10-20,7,660.79,101.02,761.81
4661,RSV00005511,2025-08-22,2025-08-28,6,316.75,79.34,396.09
4662,RSV00005512,2025-05-23,2025-05-26,3,1173.88,115.48,1289.36
4663,RSV00005513,2024-07-27,2024-07-28,1,130.26,17.62,147.88
4664,RSV00005514,2026-03-25,2026-03-29,4,1027.36,136.31,1163.67
4665,RSV00005515,2024-11-12,2024-11-13,1,486.34,2.54,488.88
4666,RSV00005517,2025-06-27,2025-06-29,2,916.87,203.69,1120.56
4667,RSV00005518,2024-07-21,2024-07-27,6,317.75,60.41,378.16
4668,RSV00005519,2025-02-23,2025-03-01,6,519.51,204.32,723.83
4669,RSV00005521,2025-11-23,2025-11-24,1,979.52,113.6,1093.12
4670,RSV00005523,2025-09-28,2025-09-30,2,211.55,49.08,260.63
4671,RSV00005524,2026-05-05,2026-05-12,7,569.58,215.73,785.31
4672,RSV00005525,2025-07-04,2025-07-10,6,158.22,146.63,304.85
4673,RSV00005526,2025-05-02,2025-05-08,6,824.35,64.87,889.22
4674,RSV00005527,2025-03-11,2025-03-18,7,415.09,238.19,653.28
4675,RSV00005528,2025-04-23,2025-04-25,2,1069.82,48.29,1118.11
4676,RSV00005529,2025-12-04,2025-12-05,1,557.02,30.04,587.06
4677,RSV00005530,2024-08-08,2024-08-10,2,529.79,171.12,700.91
4678,RSV00005531,2024-10-04,2024-10-08,4,923.52,51.36,974.88
4679,RSV00005532,2025-04-29,2025-05-03,4,1172.34,123.38,1295.72
4680,RSV00005533,2024-11-05,2024-11-11,6,1013.12,234.87,1247.99
4681,RSV00005534,2024-09-12,2024-09-18,6,1066.12,223.52,1289.64
4682,RSV00005535,2026-02-11,2026-02-13,2,162.35,168.03,330.38
4683,RSV00005536,2025-03-05,2025-03-12,7,657.26,88.73,745.99
4684,RSV00005537,2026-03-31,2026-04-04,4,192.92,36.42,229.34
4685,RSV00005539,2025-05-12,2025-05-14,2,353.74,113.68,467.42
4686,RSV00005540,2025-08-07,2025-08-10,3,429.01,87.39,516.4
4687,RSV00005541,2025-05-01,2025-05-03,2,784.33,140.87,925.2
4688,RSV00005542,2025-08-09,2025-08-13,4,468.51,208.17,676.68
4689,RSV00005544,2025-12-17,2025-12-20,3,1131.88,222.67,1354.55
4690,RSV00005546,2024-10-08,2024-10-12,4,686.28,128.81,815.09
4691,RSV00005547,2026-04-18,2026-04-22,4,897.06,87.5,984.56
4692,RSV00005548,2026-01-24,2026-01-29,5,1179.09,172.88,1351.97
4693,RSV00005549,2025-06-25,2025-06-30,5,781.63,90.34,871.97
4694,RSV00005550,2025-08-26,2025-09-02,7,227.6,184.51,412.11
4695,RSV00005551,2026-02-16,2026-02-23,7,733.19,34.99,768.18
4696,RSV00005552,2026-02-19,2026-02-26,7,858.57,126.65,985.22
4697,RSV00005553,2024-10-06,2024-10-12,6,787.8,107.71,895.51
4698,RSV00005554,2024-08-03,2024-08-08,5,519.07,144.32,663.39
4699,RSV00005555,2024-11-19,2024-11-26,7,358.27,119.53,477.8
4700,RSV00005556,2025-12-27,2026-01-03,7,1376.93,174.78,1551.71
4701,RSV00005557,2025-01-31,2025-02-05,5,880.05,184.29,1064.34
4702,RSV00005558,2024-12-17,2024-12-21,4,525.18,48.13,573.31
4703,RSV00005559,2026-02-13,2026-02-16,3,1312.82,81.95,1394.77
4704,RSV00005560,2026-03-02,2026-03-03,1,903.85,206.16,1110.01
4705,RSV00005561,2024-10-07,2024-10-09,2,839.33,13.04,852.37
4706,RSV00005562,2025-03-06,2025-03-13,7,545.39,217.89,763.28
4707,RSV00005563,2026-02-20,2026-02-21,1,346.97,244.1,591.07
4708,RSV00005564,2026-06-13,2026-06-18,5,812.43,222.41,1034.84
4709,RSV00005565,2024-12-23,2024-12-28,5,191.05,106.27,297.32
4710,RSV00005566,2025-07-21,2025-07-28,7,219.52,105.8,325.32
4711,RSV00005567,2025-10-08,2025-10-13,5,109.26,98.86,208.12
4712,RSV00005568,2025-09-06,2025-09-11,5,1439.52,32.98,1472.5
4713,RSV00005569,2025-05-17,2025-05-22,5,1285.4,15.52,1300.92
4714,RSV00005571,2025-12-15,2025-12-19,4,1161.12,112.49,1273.61
4715,RSV00005572,2024-11-18,2024-11-19,1,538.57,149.09,687.66
4716,RSV00005573,2025-11-23,2025-11-27,4,1178.14,106.82,1284.96
4717,RSV00005574,2025-01-25,2025-01-26,1,523.2,185.87,709.07
4718,RSV00005576,2026-02-02,2026-02-03,1,1448.02,79.78,1527.8
4719,RSV00005577,2026-05-16,2026-05-20,4,1417.83,17.62,1435.45
4720,RSV00005578,2025-11-22,2025-11-29,7,1182.34,113.2,1295.54
4721,RSV00005579,2026-03-28,2026-04-03,6,631.84,158.87,790.71
4722,RSV00005580,2025-08-11,2025-08-16,5,553.22,116.78,670.0
4723,RSV00005581,2026-07-05,2026-07-09,4,1408.47,193.34,1601.81
4724,RSV00005582,2025-09-07,2025-09-08,1,1441.06,66.83,1507.89
4725,RSV00005583,2025-07-29,2025-08-03,5,748.78,85.61,834.39
4726,RSV00005584,2025-04-18,2025-04-22,4,770.29,184.06,954.35
4727,RSV00005585,2025-11-03,2025-11-07,4,1149.84,29.55,1179.39
4728,RSV00005586,2024-12-10,2024-12-16,6,632.07,159.9,791.97
4729,RSV00005587,2025-05-21,2025-05-25,4,1445.2,194.1,1639.3
4730,RSV00005588,2024-11-19,2024-11-24,5,1285.57,150.94,1436.51
4731,RSV00005589,2025-01-14,2025-01-17,3,552.89,155.26,708.15
4732,RSV00005590,2025-11-11,2025-11-18,7,316.96,46.92,363.88
4733,RSV00005591,2024-11-21,2024-11-27,6,290.32,87.34,377.66
4734,RSV00005592,2025-04-19,2025-04-24,5,793.54,233.86,1027.4
4735,RSV00005595,2025-03-14,2025-03-17,3,1191.61,93.23,1284.84
4736,RSV00005596,2026-01-28,2026-02-03,6,1321.86,171.57,1493.43
4737,RSV00005598,2026-05-18,2026-05-19,1,323.03,104.24,427.27
4738,RSV00005599,2026-02-04,2026-02-09,5,559.12,246.36,805.48
4739,RSV00005601,2024-10-07,2024-10-08,1,1216.72,141.08,1357.8
4740,RSV00005602,2025-04-08,2025-04-11,3,1096.9,43.44,1140.34
4741,RSV00005603,2025-06-11,2025-06-18,7,1371.82,153.24,1525.06
4742,RSV00005604,2026-01-12,2026-01-19,7,745.3,135.5,880.8
4743,RSV00005605,2024-08-26,2024-08-29,3,360.05,77.07,437.12
4744,RSV00005606,2025-06-11,2025-06-15,4,177.5,43.57,221.07
4745,RSV00005607,2025-07-13,2025-07-18,5,590.07,231.89,821.96
4746,RSV00005608,2025-07-09,2025-07-15,6,1011.37,194.95,1206.32
4747,RSV00005609,2025-02-07,2025-02-14,7,605.27,248.86,854.13
4748,RSV00005610,2026-01-31,2026-02-02,2,1064.13,72.63,1136.76
4749,RSV00005613,2025-04-20,2025-04-27,7,306.77,33.87,340.64
4750,RSV00005614,2026-04-26,2026-04-27,1,768.92,71.32,840.24
4751,RSV00005615,2024-09-22,2024-09-24,2,873.28,13.64,886.92
4752,RSV00005616,2025-02-19,2025-02-21,2,421.39,14.61,436.0
4753,RSV00005617,2026-01-01,2026-01-08,7,1012.29,226.61,1238.9
4754,RSV00005618,2026-04-25,2026-04-26,1,175.88,37.46,213.34
4755,RSV00005619,2024-11-17,2024-11-21,4,209.99,46.19,256.18
4756,RSV00005620,2025-01-27,2025-02-03,7,120.36,216.19,336.55
4757,RSV00005622,2024-12-09,2024-12-16,7,1377.45,212.15,1589.6
4758,RSV00005623,2025-06-24,2025-07-01,7,707.11,3.33,710.44
4759,RSV00005624,2024-10-15,2024-10-21,6,1342.87,28.39,1371.26
4760,RSV00005625,2026-01-07,2026-01-08,1,1216.44,249.43,1465.87
4761,RSV00005626,2025-10-04,2025-10-06,2,1459.71,130.51,1590.22
4762,RSV00005627,2026-05-25,2026-05-28,3,912.84,84.08,996.92
4763,RSV00005628,2025-04-05,2025-04-08,3,589.63,6.64,596.27
4764,RSV00005629,2026-05-11,2026-05-18,7,667.44,15.53,682.97
4765,RSV00005630,2025-01-08,2025-01-11,3,697.55,33.81,731.36
4766,RSV00005631,2025-03-24,2025-03-25,1,1103.98,6.64,1110.62
4767,RSV00005632,2024-11-25,2024-11-28,3,1270.14,230.45,1500.59
4768,RSV00005633,2025-06-08,2025-06-11,3,485.91,68.05,553.96
4769,RSV00005635,2024-07-10,2024-07-16,6,258.9,158.68,417.58
4770,RSV00005636,2025-07-22,2025-07-27,5,187.31,167.65,354.96
4771,RSV00005637,2025-07-25,2025-07-26,1,273.54,148.49,422.03
4772,RSV00005638,2026-02-16,2026-02-22,6,1414.16,109.63,1523.79
4773,RSV00005639,2025-12-10,2025-12-12,2,1144.22,227.19,1371.41
4774,RSV00005640,2024-09-29,2024-10-04,5,1037.24,9.58,1046.82
4775,RSV00005641,2025-11-14,2025-11-20,6,211.56,92.4,303.96
4776,RSV00005644,2025-02-22,2025-02-28,6,703.73,186.12,889.85
4777,RSV00005645,2025-11-15,2025-11-20,5,728.88,167.52,896.4
4778,RSV00005646,2025-01-01,2025-01-08,7,960.28,100.52,1060.8
4779,RSV00005647,2024-11-17,2024-11-19,2,1054.02,214.28,1268.3
4780,RSV00005648,2025-08-21,2025-08-24,3,169.99,237.62,407.61
4781,RSV00005649,2025-03-15,2025-03-18,3,928.36,236.42,1164.78
4782,RSV00005650,2024-09-11,2024-09-18,7,1319.29,223.21,1542.5
4783,RSV00005651,2024-09-26,2024-09-27,1,449.22,238.12,687.34
4784,RSV00005652,2024-11-03,2024-11-10,7,639.04,138.17,777.21
4785,RSV00005653,2025-11-24,2025-12-01,7,613.91,140.84,754.75
4786,RSV00005654,2025-05-10,2025-05-14,4,1330.35,225.08,1555.43
4787,RSV00005655,2024-08-17,2024-08-20,3,539.09,118.06,657.15
4788,RSV00005657,2026-05-24,2026-05-26,2,992.27,234.6,1226.87
4789,RSV00005658,2024-08-27,2024-09-01,5,481.58,230.28,711.86
4790,RSV00005659,2025-06-09,2025-06-15,6,521.77,115.78,637.55
4791,RSV00005660,2025-11-09,2025-11-15,6,1243.24,110.68,1353.92
4792,RSV00005661,2024-11-19,2024-11-21,2,1030.06,145.28,1175.34
4793,RSV00005662,2024-09-02,2024-09-08,6,755.47,67.52,822.99
4794,RSV00005664,2025-08-28,2025-09-04,7,548.79,145.78,694.57
4795,RSV00005666,2025-11-08,2025-11-15,7,1117.47,232.09,1349.56
4796,RSV00005667,2025-02-01,2025-02-05,4,1405.85,148.96,1554.81
4797,RSV00005669,2024-08-27,2024-09-01,5,1341.81,146.62,1488.43
4798,RSV00005670,2025-09-23,2025-09-30,7,156.66,130.92,287.58
4799,RSV00005671,2025-04-21,2025-04-25,4,187.08,236.66,423.74
4800,RSV00005672,2025-05-03,2025-05-06,3,654.43,65.68,720.11
4801,RSV00005674,2025-09-30,2025-10-05,5,906.85,148.57,1055.42
4802,RSV00005675,2025-11-21,2025-11-28,7,1133.53,51.46,1184.99
4803,RSV00005676,2025-01-13,2025-01-17,4,631.94,53.84,685.78
4804,RSV00005677,2024-07-21,2024-07-22,1,697.58,145.32,842.9
4805,RSV00005678,2026-03-02,2026-03-04,2,598.82,223.25,822.07
4806,RSV00005679,2024-07-13,2024-07-16,3,475.91,7.54,483.45
4807,RSV00005680,2025-07-28,2025-08-02,5,736.13,85.48,821.61
4808,RSV00005681,2024-12-12,2024-12-18,6,869.18,216.26,1085.44
4809,RSV00005682,2026-06-03,2026-06-08,5,1163.27,155.89,1319.16
4810,RSV00005683,2025-03-27,2025-03-29,2,1419.22,195.84,1615.06
4811,RSV00005685,2025-10-23,2025-10-26,3,1367.47,50.64,1418.11
4812,RSV00005686,2025-12-23,2025-12-25,2,546.61,63.56,610.17
4813,RSV00005688,2024-10-02,2024-10-06,4,473.74,4.73,478.47
4814,RSV00005689,2026-01-06,2026-01-08,2,1248.24,186.06,1434.3
4815,RSV00005690,2025-09-24,2025-09-28,4,101.54,222.05,323.59
4816,RSV00005691,2025-08-30,2025-09-06,7,701.87,215.71,917.58
4817,RSV00005692,2025-09-16,2025-09-20,4,1106.58,96.46,1203.04
4818,RSV00005693,2025-10-11,2025-10-16,5,1351.34,176.73,1528.07
4819,RSV00005694,2025-04-27,2025-05-02,5,1418.0,188.84,1606.84
4820,RSV00005695,2025-04-28,2025-04-29,1,1428.51,201.64,1630.15
4821,RSV00005696,2025-07-25,2025-07-31,6,500.12,216.17,716.29
4822,RSV00005697,2024-12-31,2025-01-03,3,721.11,66.08,787.19
4823,RSV00005698,2026-04-18,2026-04-24,6,713.17,63.49,776.66
4824,RSV00005699,2025-09-23,2025-09-27,4,746.31,95.5,841.81
4825,RSV00005700,2025-07-13,2025-07-20,7,1255.21,74.83,1330.04
4826,RSV00005701,2024-07-14,2024-07-18,4,423.35,123.79,547.14
4827,RSV00005702,2024-12-06,2024-12-08,2,202.59,141.21,343.8
4828,RSV00005703,2025-11-16,2025-11-20,4,144.67,53.66,198.33
4829,RSV00005704,2026-01-22,2026-01-28,6,1378.62,25.35,1403.97
4830,RSV00005705,2024-06-05,2024-06-12,7,635.79,165.51,801.3
4831,RSV00005706,2025-02-26,2025-03-01,3,748.24,120.93,869.17
4832,RSV00005707,2026-03-31,2026-04-06,6,882.76,237.92,1120.68
4833,RSV00005708,2025-10-04,2025-10-09,5,107.49,143.77,251.26
4834,RSV00005709,2025-12-01,2025-12-03,2,1044.12,82.03,1126.15
4835,RSV00005710,2026-03-19,2026-03-26,7,1268.11,49.61,1317.72
4836,RSV00005711,2025-05-12,2025-05-13,1,1359.36,110.64,1470.0
4837,RSV00005712,2025-12-04,2025-12-07,3,1499.58,111.84,1611.42
4838,RSV00005713,2025-06-08,2025-06-10,2,898.04,38.27,936.31
4839,RSV00005716,2025-10-02,2025-10-05,3,1103.43,235.64,1339.07
4840,RSV00005717,2025-07-20,2025-07-25,5,708.14,56.15,764.29
4841,RSV00005718,2025-08-15,2025-08-22,7,1358.84,123.16,1482.0
4842,RSV00005719,2025-01-13,2025-01-19,6,226.73,119.35,346.08
4843,RSV00005720,2025-02-06,2025-02-08,2,897.9,243.39,1141.29
4844,RSV00005721,2024-07-28,2024-08-04,7,340.6,128.82,469.42
4845,RSV00005723,2025-12-11,2025-12-13,2,85.44,232.44,317.88
4846,RSV00005724,2025-05-12,2025-05-16,4,739.6,170.77,910.37
4847,RSV00005725,2024-10-08,2024-10-10,2,934.62,37.69,972.31
4848,RSV00005726,2025-02-18,2025-02-22,4,237.13,36.0,273.13
4849,RSV00005727,2025-02-26,2025-03-03,5,1048.17,102.37,1150.54
4850,RSV00005728,2025-08-19,2025-08-20,1,1003.32,0.22,1003.54
4851,RSV00005729,2025-07-31,2025-08-02,2,678.99,229.41,908.4
4852,RSV00005730,2026-02-01,2026-02-03,2,1154.7,48.28,1202.98
4853,RSV00005731,2024-08-01,2024-08-03,2,98.11,196.28,294.39
4854,RSV00005732,2026-01-28,2026-01-30,2,994.61,40.13,1034.74
4855,RSV00005733,2025-02-21,2025-02-22,1,1147.78,167.04,1314.82
4856,RSV00005734,2024-12-20,2024-12-25,5,519.87,104.06,623.93
4857,RSV00005736,2025-08-02,2025-08-03,1,263.41,102.9,366.31
4858,RSV00005737,2026-02-25,2026-03-01,4,1340.13,190.78,1530.91
4859,RSV00005738,2026-05-28,2026-05-31,3,607.97,21.98,629.95
4860,RSV00005739,2025-05-26,2025-06-02,7,869.73,163.75,1033.48
4861,RSV00005740,2025-01-23,2025-01-26,3,1267.93,163.88,1431.81
4862,RSV00005741,2026-01-31,2026-02-04,4,707.97,61.43,769.4
4863,RSV00005742,2026-03-16,2026-03-17,1,1329.38,214.61,1543.99
4864,RSV00005743,2025-11-25,2025-11-29,4,1277.91,9.27,1287.18
4865,RSV00005744,2025-08-09,2025-08-13,4,1079.89,183.87,1263.76
4866,RSV00005745,2025-03-05,2025-03-06,1,1096.7,142.09,1238.79
4867,RSV00005746,2026-03-07,2026-03-08,1,974.88,105.5,1080.38
4868,RSV00005747,2024-12-02,2024-12-03,1,1449.83,239.01,1688.84
4869,RSV00005748,2025-03-03,2025-03-05,2,1379.55,115.65,1495.2
4870,RSV00005749,2025-08-21,2025-08-27,6,600.09,61.04,661.13
4871,RSV00005750,2024-10-18,2024-10-25,7,702.61,114.03,816.64
4872,RSV00005751,2026-01-06,2026-01-07,1,1028.22,221.9,1250.12
4873,RSV00005752,2025-12-07,2025-12-09,2,1452.76,39.97,1492.73
4874,RSV00005753,2025-08-26,2025-09-02,7,1165.87,177.56,1343.43
4875,RSV00005755,2026-03-31,2026-04-01,1,278.18,126.35,404.53
4876,RSV00005757,2026-01-23,2026-01-26,3,171.77,53.51,225.28
4877,RSV00005758,2024-09-17,2024-09-21,4,103.41,44.74,148.15
4878,RSV00005759,2024-06-29,2024-07-03,4,187.69,239.49,427.18
4879,RSV00005760,2025-04-18,2025-04-24,6,697.47,98.64,796.11
4880,RSV00005761,2025-03-31,2025-04-02,2,859.17,162.49,1021.66
4881,RSV00005762,2025-02-22,2025-02-28,6,1252.49,82.73,1335.22
4882,RSV00005763,2026-03-23,2026-03-30,7,605.39,173.05,778.44
4883,RSV00005764,2025-11-01,2025-11-02,1,845.33,234.18,1079.51
4884,RSV00005765,2024-10-01,2024-10-06,5,800.59,159.27,959.86
4885,RSV00005767,2025-05-20,2025-05-21,1,995.35,113.84,1109.19
4886,RSV00005769,2024-11-14,2024-11-18,4,480.14,101.9,582.04
4887,RSV00005770,2025-12-25,2025-12-26,1,1158.99,60.07,1219.06
4888,RSV00005771,2024-08-23,2024-08-24,1,1156.42,225.8,1382.22
4889,RSV00005772,2025-08-18,2025-08-22,4,290.53,80.92,371.45
4890,RSV00005773,2025-02-09,2025-02-13,4,1092.16,84.5,1176.66
4891,RSV00005774,2026-07-04,2026-07-05,1,919.71,152.71,1072.42
4892,RSV00005776,2025-09-25,2025-09-28,3,1196.95,143.81,1340.76
4893,RSV00005777,2025-08-26,2025-08-30,4,130.94,77.24,208.18
4894,RSV00005778,2024-12-13,2024-12-17,4,1333.58,49.61,1383.19
4895,RSV00005779,2025-09-13,2025-09-19,6,506.48,136.92,643.4
4896,RSV00005780,2026-05-30,2026-06-05,6,236.84,165.85,402.69
4897,RSV00005781,2025-09-27,2025-09-30,3,588.44,94.14,682.58
4898,RSV00005782,2025-06-09,2025-06-13,4,1460.09,115.2,1575.29
4899,RSV00005784,2024-11-04,2024-11-05,1,823.01,84.42,907.43
4900,RSV00005785,2026-04-12,2026-04-19,7,493.88,229.79,723.67
4901,RSV00005786,2025-06-24,2025-07-01,7,1424.48,42.48,1466.96
4902,RSV00005787,2024-11-29,2024-12-06,7,632.73,137.96,770.69
4903,RSV00005789,2025-10-25,2025-10-28,3,1037.1,18.88,1055.98
4904,RSV00005790,2026-02-25,2026-02-26,1,849.32,70.46,919.78
4905,RSV00005791,2024-12-26,2025-01-01,6,1288.17,169.43,1457.6
4906,RSV00005792,2024-10-08,2024-10-14,6,377.77,153.89,531.66
4907,RSV00005793,2024-08-30,2024-09-03,4,1116.13,35.77,1151.9
4908,RSV00005794,2026-04-12,2026-04-19,7,860.54,199.22,1059.76
4909,RSV00005795,2024-11-24,2024-12-01,7,253.11,86.55,339.66
4910,RSV00005796,2024-10-28,2024-10-30,2,636.09,112.3,748.39
4911,RSV00005797,2025-11-22,2025-11-24,2,620.75,156.52,777.27
4912,RSV00005798,2025-08-03,2025-08-10,7,985.55,240.67,1226.22
4913,RSV00005799,2024-12-28,2024-12-30,2,796.11,82.38,878.49
4914,RSV00005802,2025-08-12,2025-08-14,2,1462.56,144.9,1607.46
4915,RSV00005803,2024-12-27,2025-01-03,7,455.5,117.78,573.28
4916,RSV00005804,2026-03-01,2026-03-06,5,268.6,146.03,414.63
4917,RSV00005806,2025-06-03,2025-06-08,5,899.0,173.58,1072.58
4918,RSV00005807,2025-01-10,2025-01-11,1,1204.25,180.63,1384.88
4919,RSV00005808,2025-07-06,2025-07-11,5,632.34,31.08,663.42
4920,RSV00005810,2026-03-19,2026-03-21,2,1068.52,0.06,1068.58
4921,RSV00005811,2025-07-13,2025-07-14,1,792.74,56.51,849.25
4922,RSV00005812,2025-09-08,2025-09-11,3,259.0,85.66,344.66
4923,RSV00005813,2025-09-04,2025-09-07,3,749.38,67.99,817.37
4924,RSV00005814,2025-10-20,2025-10-21,1,186.88,108.31,295.19
4925,RSV00005815,2025-02-12,2025-02-16,4,830.92,240.63,1071.55
4926,RSV00005816,2026-01-10,2026-01-12,2,1306.11,107.42,1413.53
4927,RSV00005817,2025-02-14,2025-02-15,1,719.98,63.64,783.62
4928,RSV00005818,2025-07-01,2025-07-05,4,1197.56,3.82,1201.38
4929,RSV00005819,2025-03-03,2025-03-09,6,1321.6,12.94,1334.54
4930,RSV00005820,2025-08-09,2025-08-16,7,971.68,17.42,989.1
4931,RSV00005821,2026-04-01,2026-04-06,5,387.94,76.1,464.04
4932,RSV00005825,2024-11-06,2024-11-09,3,1069.58,8.63,1078.21
4933,RSV00005826,2025-06-15,2025-06-16,1,1390.23,149.42,1539.65
4934,RSV00005827,2025-08-26,2025-08-27,1,1092.56,146.7,1239.26
4935,RSV00005828,2026-05-31,2026-06-04,4,331.11,42.06,373.17
4936,RSV00005829,2025-08-24,2025-08-30,6,961.8,95.57,1057.37
4937,RSV00005831,2024-10-08,2024-10-12,4,361.27,29.88,391.15
4938,RSV00005832,2026-04-13,2026-04-14,1,582.42,69.88,652.3
4939,RSV00005833,2025-09-15,2025-09-19,4,952.29,187.86,1140.15
4940,RSV00005834,2024-09-21,2024-09-22,1,596.64,58.47,655.11
4941,RSV00005835,2025-05-11,2025-05-17,6,91.7,25.42,117.12
4942,RSV00005836,2025-05-22,2025-05-29,7,1146.39,171.58,1317.97
4943,RSV00005837,2025-02-18,2025-02-22,4,976.21,173.29,1149.5
4944,RSV00005838,2026-05-06,2026-05-12,6,187.82,138.44,326.26
4945,RSV00005839,2026-01-08,2026-01-14,6,181.24,23.14,204.38
4946,RSV00005841,2025-01-25,2025-01-29,4,1054.72,187.58,1242.3
4947,RSV00005842,2026-03-06,2026-03-12,6,105.85,3.29,109.14
4948,RSV00005844,2025-06-07,2025-06-14,7,1227.69,241.06,1468.75
4949,RSV00005845,2026-03-22,2026-03-26,4,572.16,165.46,737.62
4950,RSV00005846,2026-07-07,2026-07-11,4,465.88,146.05,611.93
4951,RSV00005847,2026-01-31,2026-02-04,4,1108.56,60.0,1168.56
4952,RSV00005849,2026-03-06,2026-03-10,4,809.25,91.3,900.55
4953,RSV00005850,2025-11-17,2025-11-20,3,1349.36,183.77,1533.13
4954,RSV00005851,2025-06-07,2025-06-10,3,1496.46,122.92,1619.38
4955,RSV00005852,2026-06-08,2026-06-11,3,478.35,66.01,544.36
4956,RSV00005853,2025-12-30,2025-12-31,1,1391.42,226.65,1618.07
4957,RSV00005854,2025-07-25,2025-07-31,6,617.74,163.32,781.06
4958,RSV00005855,2025-05-01,2025-05-08,7,191.41,4.55,195.96
4959,RSV00005856,2024-07-17,2024-07-18,1,963.13,199.76,1162.89
4960,RSV00005857,2025-03-08,2025-03-15,7,977.86,214.62,1192.48
4961,RSV00005858,2024-10-11,2024-10-16,5,748.8,180.92,929.72
4962,RSV00005859,2025-08-16,2025-08-17,1,1181.62,112.46,1294.08
4963,RSV00005860,2026-01-31,2026-02-04,4,1094.92,195.71,1290.63
4964,RSV00005861,2025-04-15,2025-04-17,2,661.0,168.27,829.27
4965,RSV00005862,2026-04-22,2026-04-27,5,851.92,117.98,969.9
4966,RSV00005864,2025-04-11,2025-04-12,1,983.82,58.91,1042.73
4967,RSV00005866,2024-08-27,2024-09-02,6,453.72,160.18,613.9
4968,RSV00005867,2024-06-19,2024-06-21,2,1099.17,135.28,1234.45
4969,RSV00005868,2025-10-10,2025-10-12,2,567.14,50.73,617.87
4970,RSV00005869,2024-09-23,2024-09-30,7,573.32,94.16,667.48
4971,RSV00005871,2025-02-04,2025-02-09,5,899.66,27.23,926.89
4972,RSV00005873,2024-11-28,2024-12-01,3,135.25,180.02,315.27
4973,RSV00005874,2026-01-13,2026-01-16,3,181.29,129.91,311.2
4974,RSV00005875,2025-09-13,2025-09-20,7,523.29,47.54,570.83
4975,RSV00005876,2025-02-25,2025-02-27,2,920.03,36.63,956.66
4976,RSV00005877,2025-09-12,2025-09-15,3,868.53,154.22,1022.75
4977,RSV00005878,2026-05-29,2026-06-05,7,816.17,148.85,965.02
4978,RSV00005879,2025-12-01,2025-12-08,7,1304.19,113.36,1417.55
4979,RSV00005880,2026-01-18,2026-01-20,2,1150.19,18.97,1169.16
4980,RSV00005881,2024-08-12,2024-08-18,6,244.19,62.45,306.64
4981,RSV00005882,2025-12-22,2025-12-23,1,1334.53,55.95,1390.48
4982,RSV00005883,2026-05-28,2026-05-30,2,1016.59,124.08,1140.67
4983,RSV00005884,2024-09-07,2024-09-12,5,401.69,178.33,580.02
4984,RSV00005885,2025-06-28,2025-06-30,2,1354.9,152.03,1506.93
4985,RSV00005886,2025-11-04,2025-11-08,4,910.75,8.91,919.66
4986,RSV00005887,2024-12-08,2024-12-10,2,514.42,218.33,732.75
4987,RSV00005888,2026-02-07,2026-02-08,1,855.75,120.1,975.85
4988,RSV00005889,2025-08-27,2025-08-30,3,1083.15,225.07,1308.22
4989,RSV00005890,2025-07-28,2025-08-04,7,498.99,79.12,578.11
4990,RSV00005891,2025-01-27,2025-01-28,1,231.93,76.06,307.99
4991,RSV00005892,2025-10-20,2025-10-26,6,915.77,12.84,928.61
4992,RSV00005893,2026-05-20,2026-05-23,3,110.07,166.66,276.73
4993,RSV00005894,2026-03-25,2026-03-27,2,302.73,135.09,437.82
4994,RSV00005896,2025-07-17,2025-07-24,7,285.04,140.86,425.9
4995,RSV00005897,2025-03-20,2025-03-23,3,1408.77,55.65,1464.42
4996,RSV00005898,2026-02-03,2026-02-07,4,1443.47,157.09,1600.56
4997,RSV00005899,2025-08-09,2025-08-12,3,703.52,40.55,744.07
4998,RSV00005900,2025-12-31,2026-01-02,2,1192.94,188.18,1381.12
4999,RSV00005901,2024-09-27,2024-10-04,7,1288.75,179.74,1468.49
5000,RSV00005903,2025-11-19,2025-11-21,2,592.11,150.4,742.51
5001,RSV00005904,2026-01-10,2026-01-17,7,934.75,170.05,1104.8
5002,RSV00005905,2024-10-05,2024-10-09,4,187.43,166.05,353.48
5003,RSV00005906,2025-08-17,2025-08-21,4,983.45,20.09,1003.54
5004,RSV00005907,2026-03-16,2026-03-17,1,542.22,153.47,695.69
5005,RSV00005908,2025-05-22,2025-05-23,1,1298.35,109.33,1407.68
5006,RSV00005909,2024-06-15,2024-06-22,7,1411.82,34.43,1446.25
5007,RSV00005911,2025-04-06,2025-04-07,1,937.81,43.36,981.17
5008,RSV00005914,2026-06-06,2026-06-08,2,179.88,216.38,396.26
5009,RSV00005915,2024-08-05,2024-08-11,6,1395.46,36.33,1431.79
5010,RSV00005916,2025-10-31,2025-11-05,5,948.03,40.88,988.91
5011,RSV00005917,2024-07-27,2024-07-30,3,263.54,92.97,356.51
5012,RSV00005918,2025-02-20,2025-02-21,1,698.93,67.57,766.5
5013,RSV00005919,2026-03-27,2026-03-28,1,1437.21,5.75,1442.96
5014,RSV00005920,2026-03-27,2026-03-30,3,557.36,156.67,714.03
5015,RSV00005921,2024-11-11,2024-11-16,5,131.21,99.03,230.24
5016,RSV00005922,2024-07-18,2024-07-20,2,211.51,59.82,271.33
5017,RSV00005923,2025-10-06,2025-10-09,3,380.66,141.76,522.42
5018,RSV00005924,2025-02-25,2025-03-03,6,857.29,58.06,915.35
5019,RSV00005925,2025-08-18,2025-08-25,7,1424.01,11.71,1435.72
5020,RSV00005926,2025-06-16,2025-06-21,5,1162.31,182.15,1344.46
5021,RSV00005927,2026-04-02,2026-04-09,7,579.22,103.61,682.83
5022,RSV00005928,2024-11-15,2024-11-18,3,1188.78,12.21,1200.99
5023,RSV00005929,2024-11-18,2024-11-20,2,1231.43,245.26,1476.69
5024,RSV00005930,2024-08-16,2024-08-21,5,147.15,132.68,279.83
5025,RSV00005931,2025-10-24,2025-10-31,7,610.22,217.99,828.21
5026,RSV00005932,2025-12-07,2025-12-10,3,524.5,183.5,708.0
5027,RSV00005933,2025-09-07,2025-09-10,3,1215.12,191.91,1407.03
5028,RSV00005934,2025-12-10,2025-12-13,3,1303.96,217.94,1521.9
5029,RSV00005936,2026-03-07,2026-03-12,5,1275.85,212.07,1487.92
5030,RSV00005938,2024-12-07,2024-12-09,2,923.62,29.81,953.43
5031,RSV00005939,2024-12-08,2024-12-09,1,1320.02,91.85,1411.87
5032,RSV00005940,2025-07-15,2025-07-18,3,1232.4,196.36,1428.76
5033,RSV00005941,2026-03-05,2026-03-06,1,206.79,170.72,377.51
5034,RSV00005942,2025-01-03,2025-01-10,7,575.44,95.71,671.15
5035,RSV00005943,2025-09-29,2025-10-03,4,976.71,73.49,1050.2
5036,RSV00005944,2024-08-15,2024-08-21,6,759.81,135.09,894.9
5037,RSV00005946,2025-06-26,2025-07-02,6,687.79,236.31,924.1
5038,RSV00005947,2025-08-01,2025-08-05,4,389.46,96.72,486.18
5039,RSV00005948,2025-12-10,2025-12-17,7,868.02,112.34,980.36
5040,RSV00005949,2025-10-20,2025-10-21,1,1484.78,243.22,1728.0
5041,RSV00005950,2025-08-22,2025-08-26,4,1150.78,211.88,1362.66
5042,RSV00005951,2025-01-03,2025-01-08,5,638.91,169.5,808.41
5043,RSV00005953,2024-09-28,2024-10-02,4,166.65,101.94,268.59
5044,RSV00005954,2026-03-19,2026-03-24,5,224.72,52.94,277.66
5045,RSV00005955,2025-01-27,2025-01-28,1,1297.61,33.99,1331.6
5046,RSV00005957,2025-09-05,2025-09-08,3,367.71,190.32,558.03
5047,RSV00005958,2025-11-15,2025-11-16,1,1072.65,249.73,1322.38
5048,RSV00005959,2025-08-01,2025-08-04,3,1210.73,237.24,1447.97
5049,RSV00005960,2024-11-14,2024-11-15,1,1041.21,65.43,1106.64
5050,RSV00005961,2026-02-08,2026-02-15,7,1344.99,21.09,1366.08
5051,RSV00005962,2026-01-25,2026-01-28,3,702.12,245.73,947.85
5052,RSV00005963,2026-04-05,2026-04-07,2,255.63,55.41,311.04
5053,RSV00005964,2026-05-09,2026-05-16,7,1088.13,110.12,1198.25
5054,RSV00005965,2024-12-03,2024-12-06,3,496.24,204.63,700.87
5055,RSV00005966,2024-09-28,2024-10-04,6,1097.13,153.8,1250.93
5056,RSV00005967,2025-12-17,2025-12-18,1,1486.85,210.3,1697.15
5057,RSV00005968,2025-10-13,2025-10-14,1,1056.11,167.42,1223.53
5058,RSV00005969,2024-11-06,2024-11-13,7,976.36,118.65,1095.01
5059,RSV00005970,2025-08-15,2025-08-21,6,293.15,112.86,406.01
5060,RSV00005971,2025-04-19,2025-04-23,4,1107.07,50.77,1157.84
5061,RSV00005972,2024-08-21,2024-08-27,6,1473.45,181.11,1654.56
5062,RSV00005973,2024-10-24,2024-10-28,4,578.68,140.23,718.91
5063,RSV00005974,2025-12-10,2025-12-14,4,1210.48,180.41,1390.89
5064,RSV00005975,2024-11-29,2024-12-06,7,1071.56,138.06,1209.62
5065,RSV00005976,2024-09-25,2024-09-27,2,1085.95,138.2,1224.15
5066,RSV00005977,2025-10-17,2025-10-18,1,781.73,42.05,823.78
5067,RSV00005978,2025-10-10,2025-10-14,4,555.87,144.92,700.79
5068,RSV00005979,2025-11-09,2025-11-16,7,1319.71,219.41,1539.12
5069,RSV00005980,2024-07-01,2024-07-06,5,1065.62,83.39,1149.01
5070,RSV00005981,2025-07-13,2025-07-16,3,112.04,155.11,267.15
5071,RSV00005983,2026-05-23,2026-05-28,5,495.42,54.02,549.44
5072,RSV00005984,2025-07-28,2025-08-03,6,1265.59,247.61,1513.2
5073,RSV00005985,2025-10-29,2025-11-05,7,739.38,19.65,759.03
5074,RSV00005986,2025-03-29,2025-04-05,7,739.38,105.7,845.08
5075,RSV00005987,2026-02-19,2026-02-26,7,359.29,74.2,433.49
5076,RSV00005988,2026-01-29,2026-02-04,6,744.44,118.6,863.04
5077,RSV00005989,2024-07-28,2024-08-01,4,615.29,57.88,673.17
5078,RSV00005990,2025-06-13,2025-06-15,2,363.45,82.95,446.4
5079,RSV00005991,2025-08-12,2025-08-16,4,732.32,141.06,873.38
5080,RSV00005992,2025-11-12,2025-11-14,2,727.84,91.23,819.07
5081,RSV00005993,2026-06-20,2026-06-22,2,129.95,114.0,243.95
5082,RSV00005994,2024-12-04,2024-12-07,3,1396.49,171.61,1568.1
5083,RSV00005995,2026-03-07,2026-03-12,5,497.45,248.27,745.72
5084,RSV00005996,2024-12-04,2024-12-11,7,1471.74,196.43,1668.17
5085,RSV00005997,2026-01-15,2026-01-21,6,176.01,16.35,192.36
5086,RSV00005999,2025-03-08,2025-03-14,6,1118.44,5.75,1124.19
5087,RSV00006000,2026-02-14,2026-02-19,5,1124.83,163.85,1288.68
5088,RSV00006001,2025-06-12,2025-06-17,5,260.95,21.41,282.36
5089,RSV00006002,2025-04-18,2025-04-19,1,1129.93,70.45,1200.38
5090,RSV00006003,2025-04-22,2025-04-26,4,547.65,70.99,618.64
5091,RSV00006004,2025-09-25,2025-09-29,4,1240.35,145.77,1386.12
5092,RSV00006005,2025-07-26,2025-08-02,7,1366.2,193.5,1559.7
5093,RSV00006006,2025-06-26,2025-06-29,3,1270.2,127.32,1397.52
5094,RSV00006007,2024-11-18,2024-11-19,1,1116.81,168.31,1285.12
5095,RSV00006008,2025-09-19,2025-09-26,7,116.28,70.68,186.96
5096,RSV00006009,2025-01-17,2025-01-21,4,637.96,225.08,863.04
5097,RSV00006010,2025-04-27,2025-04-29,2,1083.13,63.03,1146.16
5098,RSV00006011,2025-12-15,2025-12-22,7,148.6,75.66,224.26
5099,RSV00006012,2024-11-10,2024-11-15,5,477.36,34.65,512.01
5100,RSV00006013,2024-09-07,2024-09-09,2,1122.83,1.36,1124.19
5101,RSV00006014,2025-08-28,2025-09-01,4,1316.48,219.81,1536.29
5102,RSV00006015,2026-02-15,2026-02-20,5,805.33,20.37,825.7
5103,RSV00006016,2024-11-05,2024-11-11,6,110.3,193.26,303.56
5104,RSV00006017,2025-11-04,2025-11-05,1,1065.01,161.01,1226.02
5105,RSV00006018,2024-07-28,2024-07-29,1,394.97,78.37,473.34
5106,RSV00006019,2024-11-26,2024-11-28,2,866.36,239.31,1105.67
5107,RSV00006020,2024-11-14,2024-11-20,6,1129.28,38.72,1168.0
5108,RSV00006021,2026-02-16,2026-02-20,4,804.46,193.49,997.95
5109,RSV00006022,2025-07-26,2025-07-31,5,861.19,239.3,1100.49
5110,RSV00006023,2025-02-08,2025-02-13,5,800.22,233.38,1033.6
5111,RSV00006024,2025-08-28,2025-08-30,2,1180.39,160.18,1340.57
5112,RSV00006025,2025-10-04,2025-10-05,1,81.17,141.35,222.52
5113,RSV00006026,2026-06-17,2026-06-19,2,1275.13,169.81,1444.94
5114,RSV00006027,2025-09-30,2025-10-03,3,1095.19,76.34,1171.53
5115,RSV00006028,2025-04-26,2025-05-03,7,1192.5,92.65,1285.15
5116,RSV00006029,2025-08-07,2025-08-14,7,1193.16,110.33,1303.49
5117,RSV00006030,2026-03-12,2026-03-14,2,907.92,132.03,1039.95
5118,RSV00006031,2025-09-03,2025-09-08,5,1138.8,48.35,1187.15
5119,RSV00006032,2024-12-08,2024-12-10,2,890.15,37.07,927.22
5120,RSV00006033,2024-07-25,2024-07-30,5,527.53,207.14,734.67
5121,RSV00006034,2026-04-02,2026-04-04,2,336.06,186.82,522.88
5122,RSV00006035,2024-10-10,2024-10-12,2,960.54,219.75,1180.29
5123,RSV00006036,2025-06-05,2025-06-08,3,826.33,63.88,890.21
5124,RSV00006037,2025-07-02,2025-07-06,4,423.13,107.7,530.83
5125,RSV00006038,2024-11-30,2024-12-04,4,1185.29,48.84,1234.13
5126,RSV00006039,2026-02-24,2026-02-25,1,1175.72,41.75,1217.47
5127,RSV00006040,2025-04-26,2025-04-30,4,1475.27,176.15,1651.42
5128,RSV00006041,2025-04-09,2025-04-12,3,131.11,101.44,232.55
5129,RSV00006042,2025-08-23,2025-08-29,6,1417.34,97.18,1514.52
5130,RSV00006044,2025-08-17,2025-08-18,1,1176.23,222.7,1398.93
5131,RSV00006045,2024-10-07,2024-10-14,7,696.38,169.92,866.3
5132,RSV00006046,2026-05-11,2026-05-15,4,1287.58,34.23,1321.81
5133,RSV00006047,2026-03-26,2026-04-01,6,396.61,191.55,588.16
5134,RSV00006048,2024-09-22,2024-09-29,7,1384.47,212.38,1596.85
5135,RSV00006049,2025-09-07,2025-09-09,2,960.48,239.25,1199.73
5136,RSV00006050,2025-07-01,2025-07-08,7,1467.7,19.22,1486.92
5137,RSV00006051,2025-05-11,2025-05-14,3,1012.71,125.97,1138.68
5138,RSV00006052,2025-01-17,2025-01-24,7,139.62,175.23,314.85
5139,RSV00006053,2025-11-20,2025-11-26,6,915.05,109.75,1024.8
5140,RSV00006054,2026-02-01,2026-02-08,7,1469.86,81.93,1551.79
5141,RSV00006055,2024-12-07,2024-12-13,6,326.66,205.5,532.16
5142,RSV00006056,2024-12-16,2024-12-22,6,690.72,178.24,868.96
5143,RSV00006057,2024-09-26,2024-09-28,2,969.03,207.41,1176.44
5144,RSV00006058,2026-01-12,2026-01-14,2,839.63,33.28,872.91
5145,RSV00006059,2025-04-14,2025-04-19,5,176.97,113.65,290.62
5146,RSV00006060,2025-07-30,2025-08-03,4,1037.4,167.0,1204.4
5147,RSV00006061,2025-04-25,2025-05-02,7,1424.46,160.15,1584.61
5148,RSV00006062,2026-04-15,2026-04-20,5,1413.2,183.15,1596.35
5149,RSV00006063,2025-01-02,2025-01-05,3,529.36,86.33,615.69
5150,RSV00006065,2024-11-26,2024-12-03,7,473.04,67.33,540.37
5151,RSV00006066,2024-08-04,2024-08-07,3,1246.54,10.02,1256.56
5152,RSV00006067,2026-02-26,2026-03-03,5,353.59,208.07,561.66
5153,RSV00006068,2025-03-02,2025-03-04,2,558.25,75.34,633.59
5154,RSV00006069,2026-04-16,2026-04-23,7,1265.82,129.08,1394.9
5155,RSV00006070,2025-01-29,2025-02-05,7,1153.87,139.67,1293.54
5156,RSV00006071,2024-11-08,2024-11-15,7,645.21,112.45,757.66
5157,RSV00006072,2024-09-14,2024-09-18,4,546.11,3.85,549.96
5158,RSV00006073,2025-07-19,2025-07-23,4,841.29,125.34,966.63
5159,RSV00006074,2024-11-17,2024-11-21,4,519.91,86.94,606.85
5160,RSV00006075,2025-04-03,2025-04-09,6,1291.64,185.29,1476.93
5161,RSV00006076,2025-01-09,2025-01-14,5,796.86,69.53,866.39
5162,RSV00006077,2025-03-19,2025-03-20,1,573.35,249.39,822.74
5163,RSV00006078,2025-12-18,2025-12-21,3,298.15,28.76,326.91
5164,RSV00006079,2026-04-22,2026-04-25,3,1485.15,78.53,1563.68
5165,RSV00006080,2024-07-28,2024-08-03,6,1391.33,201.9,1593.23
5166,RSV00006081,2026-06-07,2026-06-08,1,765.78,103.15,868.93
5167,RSV00006082,2025-09-10,2025-09-15,5,735.59,246.12,981.71
5168,RSV00006085,2025-06-29,2025-07-04,5,272.57,112.84,385.41
5169,RSV00006087,2025-12-15,2025-12-21,6,475.06,110.49,585.55
5170,RSV00006088,2026-05-27,2026-05-31,4,257.91,75.63,333.54
5171,RSV00006089,2025-01-24,2025-01-25,1,1029.19,194.77,1223.96
5172,RSV00006090,2024-10-24,2024-10-28,4,1399.1,142.61,1541.71
5173,RSV00006091,2025-08-30,2025-09-01,2,233.13,224.39,457.52
5174,RSV00006092,2025-02-12,2025-02-14,2,1223.9,200.97,1424.87
5175,RSV00006093,2025-01-11,2025-01-15,4,258.41,165.69,424.1
5176,RSV00006094,2024-11-12,2024-11-19,7,356.18,224.74,580.92
5177,RSV00006095,2025-07-25,2025-07-28,3,227.25,187.14,414.39
5178,RSV00006096,2025-10-27,2025-10-30,3,489.68,234.23,723.91
5179,RSV00006097,2025-06-22,2025-06-24,2,118.33,26.1,144.43
5180,RSV00006098,2025-06-22,2025-06-25,3,495.32,168.74,664.06
5181,RSV00006099,2025-10-25,2025-10-29,4,809.99,10.58,820.57
5182,RSV00006100,2024-12-06,2024-12-08,2,178.9,80.59,259.49
5183,RSV00006102,2024-10-11,2024-10-14,3,610.51,23.28,633.79
5184,RSV00006103,2026-04-12,2026-04-18,6,920.85,71.89,992.74
5185,RSV00006104,2024-09-02,2024-09-09,7,195.3,127.43,322.73
5186,RSV00006105,2026-03-11,2026-03-13,2,133.06,32.76,165.82
5187,RSV00006107,2026-03-21,2026-03-24,3,1359.83,138.46,1498.29
5188,RSV00006108,2024-11-23,2024-11-28,5,109.66,144.04,253.7
5189,RSV00006109,2025-09-27,2025-10-04,7,1125.6,6.13,1131.73
5190,RSV00006110,2025-03-24,2025-03-29,5,243.95,249.65,493.6
5191,RSV00006111,2026-05-02,2026-05-05,3,768.85,81.77,850.62
5192,RSV00006112,2025-02-26,2025-03-05,7,1018.01,58.62,1076.63
5193,RSV00006113,2025-04-12,2025-04-14,2,1335.39,189.74,1525.13
5194,RSV00006114,2025-10-11,2025-10-12,1,457.45,81.6,539.05
5195,RSV00006115,2024-07-06,2024-07-12,6,476.62,239.65,716.27
5196,RSV00006116,2025-10-09,2025-10-10,1,534.66,163.36,698.02
5197,RSV00006117,2024-08-26,2024-08-29,3,838.82,106.57,945.39
5198,RSV00006118,2025-10-01,2025-10-08,7,1247.93,140.46,1388.39
5199,RSV00006119,2026-05-15,2026-05-22,7,998.99,33.1,1032.09
5200,RSV00006120,2025-09-10,2025-09-12,2,1235.6,43.03,1278.63
5201,RSV00006121,2025-12-10,2025-12-15,5,851.5,78.91,930.41
5202,RSV00006123,2024-09-28,2024-09-30,2,992.57,5.34,997.91
5203,RSV00006124,2024-06-29,2024-07-02,3,429.49,173.86,603.35
5204,RSV00006125,2024-11-25,2024-12-01,6,729.26,56.81,786.07
5205,RSV00006126,2025-06-25,2025-06-30,5,391.03,242.37,633.4
5206,RSV00006127,2025-04-12,2025-04-14,2,1358.46,24.05,1382.51
5207,RSV00006128,2025-06-12,2025-06-13,1,961.81,227.31,1189.12
5208,RSV00006129,2024-09-04,2024-09-11,7,879.37,48.24,927.61
5209,RSV00006131,2025-10-24,2025-10-29,5,1094.66,147.64,1242.3
5210,RSV00006132,2025-01-22,2025-01-29,7,814.4,6.91,821.31
5211,RSV00006133,2025-02-05,2025-02-12,7,983.62,219.14,1202.76
5212,RSV00006134,2026-05-24,2026-05-28,4,126.47,73.15,199.62
5213,RSV00006135,2025-09-25,2025-09-26,1,1300.78,8.16,1308.94
5214,RSV00006136,2026-04-09,2026-04-14,5,1386.98,242.55,1629.53
5215,RSV00006137,2026-04-07,2026-04-11,4,722.56,154.5,877.06
5216,RSV00006138,2026-05-17,2026-05-21,4,1143.16,197.92,1341.08
5217,RSV00006139,2024-08-25,2024-08-27,2,1035.72,104.97,1140.69
5218,RSV00006140,2026-01-15,2026-01-19,4,1071.23,223.66,1294.89
5219,RSV00006141,2024-10-22,2024-10-29,7,130.94,139.43,270.37
5220,RSV00006142,2024-12-17,2024-12-22,5,652.8,150.9,803.7
5221,RSV00006143,2024-09-11,2024-09-16,5,1200.43,27.41,1227.84
5222,RSV00006145,2025-06-08,2025-06-15,7,1447.66,120.75,1568.41
5223,RSV00006146,2024-12-10,2024-12-14,4,338.84,101.68,440.52
5224,RSV00006147,2025-10-29,2025-11-01,3,1119.5,50.82,1170.32
5225,RSV00006148,2025-10-25,2025-10-31,6,652.34,26.0,678.34
5226,RSV00006149,2025-06-12,2025-06-17,5,642.06,105.99,748.05
5227,RSV00006150,2024-06-27,2024-07-01,4,222.12,237.74,459.86
5228,RSV00006151,2024-12-15,2024-12-18,3,1018.17,77.58,1095.75
5229,RSV00006152,2025-01-07,2025-01-11,4,681.36,183.26,864.62
5230,RSV00006153,2025-03-18,2025-03-19,1,444.8,103.33,548.13
5231,RSV00006154,2024-08-03,2024-08-07,4,171.51,58.79,230.3
5232,RSV00006155,2024-11-15,2024-11-21,6,255.13,196.62,451.75
5233,RSV00006156,2025-01-14,2025-01-18,4,1211.41,68.32,1279.73
5234,RSV00006158,2025-07-16,2025-07-19,3,596.68,164.89,761.57
5235,RSV00006159,2026-05-02,2026-05-05,3,1155.37,35.9,1191.27
5236,RSV00006160,2024-09-29,2024-10-01,2,581.33,161.04,742.37
5237,RSV00006161,2025-02-18,2025-02-23,5,396.24,25.98,422.22
5238,RSV00006162,2024-10-05,2024-10-06,1,868.18,3.62,871.8
5239,RSV00006164,2025-03-21,2025-03-23,2,1010.78,97.31,1108.09
5240,RSV00006166,2024-11-25,2024-11-28,3,824.71,226.83,1051.54
5241,RSV00006167,2026-04-15,2026-04-20,5,739.37,22.89,762.26
5242,RSV00006168,2025-07-29,2025-07-30,1,1249.58,66.82,1316.4
5243,RSV00006170,2026-01-21,2026-01-24,3,356.77,102.09,458.86
5244,RSV00006171,2025-11-24,2025-11-27,3,985.17,236.39,1221.56
5245,RSV00006172,2026-04-03,2026-04-09,6,1472.63,77.32,1549.95
5246,RSV00006173,2026-03-02,2026-03-09,7,142.9,199.89,342.79
5247,RSV00006174,2024-10-01,2024-10-03,2,1416.54,153.62,1570.16
5248,RSV00006175,2025-09-28,2025-09-29,1,1090.6,115.19,1205.79
5249,RSV00006176,2024-10-16,2024-10-20,4,115.32,215.63,330.95
5250,RSV00006177,2025-07-21,2025-07-28,7,687.3,161.01,848.31
5251,RSV00006178,2026-03-02,2026-03-06,4,513.53,68.16,581.69
5252,RSV00006179,2025-07-11,2025-07-12,1,344.94,239.67,584.61
5253,RSV00006180,2024-08-13,2024-08-18,5,1303.07,188.66,1491.73
5254,RSV00006181,2026-07-14,2026-07-16,2,843.67,102.95,946.62
5255,RSV00006182,2025-02-08,2025-02-09,1,1270.5,96.32,1366.82
5256,RSV00006183,2025-11-22,2025-11-23,1,596.98,218.08,815.06
5257,RSV00006184,2024-12-15,2024-12-17,2,219.91,36.73,256.64
5258,RSV00006185,2024-07-22,2024-07-28,6,516.22,36.36,552.58
5259,RSV00006186,2025-09-15,2025-09-21,6,1371.53,104.32,1475.85
5260,RSV00006187,2025-01-03,2025-01-06,3,583.98,35.93,619.91
5261,RSV00006188,2026-07-19,2026-07-26,7,332.77,13.56,346.33
5262,RSV00006190,2026-06-04,2026-06-07,3,313.08,54.69,367.77
5263,RSV00006191,2026-01-28,2026-02-04,7,581.16,37.94,619.1
5264,RSV00006193,2025-01-08,2025-01-11,3,181.7,209.21,390.91
5265,RSV00006194,2024-11-08,2024-11-12,4,916.28,156.19,1072.47
5266,RSV00006195,2026-01-30,2026-01-31,1,679.0,201.08,880.08
5267,RSV00006196,2024-12-04,2024-12-10,6,1050.18,155.28,1205.46
5268,RSV00006198,2026-02-23,2026-02-28,5,236.29,139.97,376.26
5269,RSV00006200,2025-02-15,2025-02-22,7,382.5,229.59,612.09
5270,RSV00006201,2025-02-08,2025-02-12,4,633.33,127.24,760.57
5271,RSV00006202,2025-02-04,2025-02-05,1,1435.44,174.4,1609.84
5272,RSV00006203,2025-10-04,2025-10-08,4,201.91,245.1,447.01
5273,RSV00006204,2025-05-26,2025-05-31,5,1388.1,228.17,1616.27
5274,RSV00006206,2025-07-01,2025-07-02,1,551.89,240.05,791.94
5275,RSV00006207,2025-07-29,2025-08-03,5,1359.03,107.08,1466.11
5276,RSV00006209,2025-04-19,2025-04-21,2,642.29,55.07,697.36
5277,RSV00006210,2025-11-29,2025-12-02,3,560.4,195.03,755.43
5278,RSV00006211,2024-08-03,2024-08-05,2,895.24,152.72,1047.96
5279,RSV00006212,2025-05-12,2025-05-19,7,1014.91,166.57,1181.48
5280,RSV00006214,2025-01-13,2025-01-16,3,1164.81,15.97,1180.78
5281,RSV00006215,2025-07-16,2025-07-18,2,1035.16,151.99,1187.15
5282,RSV00006216,2025-02-19,2025-02-26,7,551.28,184.21,735.49
5283,RSV00006217,2025-10-07,2025-10-12,5,679.73,101.29,781.02
5284,RSV00006218,2025-01-09,2025-01-15,6,1085.14,200.3,1285.44
5285,RSV00006219,2025-11-11,2025-11-12,1,648.94,209.68,858.62
5286,RSV00006220,2025-06-15,2025-06-16,1,938.58,42.07,980.65
5287,RSV00006221,2024-11-23,2024-11-26,3,1181.65,198.07,1379.72
5288,RSV00006222,2025-10-18,2025-10-19,1,683.97,82.64,766.61
5289,RSV00006224,2024-12-04,2024-12-05,1,1109.82,236.37,1346.19
5290,RSV00006225,2024-12-17,2024-12-21,4,1242.51,188.96,1431.47
5291,RSV00006226,2025-12-14,2025-12-18,4,828.75,219.28,1048.03
5292,RSV00006227,2026-04-16,2026-04-20,4,923.21,52.22,975.43
5293,RSV00006228,2025-10-27,2025-10-31,4,1396.86,202.29,1599.15
5294,RSV00006229,2024-10-01,2024-10-03,2,785.52,2.12,787.64
5295,RSV00006230,2024-12-30,2025-01-06,7,80.69,47.42,128.11
5296,RSV00006231,2024-12-10,2024-12-11,1,997.35,129.36,1126.71
5297,RSV00006233,2025-10-25,2025-10-27,2,770.14,176.01,946.15
5298,RSV00006234,2024-08-23,2024-08-24,1,272.2,219.36,491.56
5299,RSV00006235,2024-10-02,2024-10-05,3,296.56,34.65,331.21
5300,RSV00006236,2025-07-13,2025-07-20,7,655.95,130.31,786.26
5301,RSV00006237,2024-08-30,2024-08-31,1,1201.91,233.08,1434.99
5302,RSV00006238,2025-10-12,2025-10-17,5,1007.0,44.95,1051.95
5303,RSV00006239,2026-04-22,2026-04-27,5,227.43,18.06,245.49
5304,RSV00006240,2025-10-19,2025-10-22,3,467.59,26.64,494.23
5305,RSV00006242,2024-07-14,2024-07-20,6,998.66,154.7,1153.36
5306,RSV00006243,2025-09-28,2025-10-02,4,1454.05,5.89,1459.94
5307,RSV00006244,2025-02-13,2025-02-15,2,1012.82,40.8,1053.62
5308,RSV00006245,2025-11-28,2025-11-30,2,560.84,3.5,564.34
5309,RSV00006248,2025-03-12,2025-03-15,3,691.81,216.57,908.38
5310,RSV00006249,2025-05-14,2025-05-19,5,1225.4,179.86,1405.26
5311,RSV00006250,2026-03-08,2026-03-11,3,1136.39,201.4,1337.79
5312,RSV00006252,2026-02-22,2026-02-24,2,619.78,185.61,805.39
5313,RSV00006253,2026-04-25,2026-04-28,3,1225.77,235.78,1461.55
5314,RSV00006254,2024-06-27,2024-06-29,2,1265.69,150.03,1415.72
5315,RSV00006256,2025-08-12,2025-08-14,2,233.79,241.13,474.92
5316,RSV00006257,2025-05-23,2025-05-30,7,1233.07,233.9,1466.97
5317,RSV00006259,2025-12-25,2025-12-31,6,756.04,160.97,917.01
5318,RSV00006260,2024-11-01,2024-11-08,7,852.93,103.26,956.19
5319,RSV00006261,2025-03-30,2025-04-02,3,875.01,22.09,897.1
5320,RSV00006262,2024-08-20,2024-08-25,5,784.78,60.21,844.99
5321,RSV00006263,2024-10-11,2024-10-15,4,1171.63,243.55,1415.18
5322,RSV00006264,2025-02-07,2025-02-13,6,1422.8,178.22,1601.02
5323,RSV00006265,2025-08-31,2025-09-07,7,161.78,36.61,198.39
5324,RSV00006266,2024-11-29,2024-12-06,7,1158.11,168.84,1326.95
5325,RSV00006267,2026-01-29,2026-02-01,3,857.74,111.44,969.18
5326,RSV00006268,2026-06-27,2026-07-01,4,789.98,188.12,978.1
5327,RSV00006269,2025-05-11,2025-05-14,3,265.11,41.0,306.11
5328,RSV00006270,2024-11-11,2024-11-14,3,561.18,24.16,585.34
5329,RSV00006272,2026-02-12,2026-02-14,2,453.19,87.56,540.75
5330,RSV00006273,2025-06-02,2025-06-03,1,774.45,30.02,804.47
5331,RSV00006274,2025-05-03,2025-05-09,6,546.83,153.7,700.53
5332,RSV00006275,2025-09-02,2025-09-05,3,380.22,75.09,455.31
5333,RSV00006276,2025-05-22,2025-05-29,7,1424.08,15.79,1439.87
5334,RSV00006278,2024-08-04,2024-08-06,2,1455.87,209.99,1665.86
5335,RSV00006279,2026-02-12,2026-02-16,4,1037.18,69.2,1106.38
5336,RSV00006280,2025-07-05,2025-07-12,7,897.93,172.19,1070.12
5337,RSV00006281,2024-06-23,2024-06-26,3,419.44,57.41,476.85
5338,RSV00006282,2025-06-27,2025-07-03,6,1416.55,212.27,1628.82
5339,RSV00006283,2026-04-17,2026-04-20,3,180.17,195.97,376.14
5340,RSV00006285,2025-10-06,2025-10-11,5,936.58,156.1,1092.68
5341,RSV00006286,2025-11-28,2025-12-03,5,339.46,85.81,425.27
5342,RSV00006287,2025-06-08,2025-06-14,6,757.17,61.82,818.99
5343,RSV00006288,2026-03-10,2026-03-17,7,1493.1,223.41,1716.51
5344,RSV00006290,2026-02-24,2026-03-03,7,168.07,155.9,323.97
5345,RSV00006291,2026-01-27,2026-02-03,7,1174.76,166.34,1341.1
5346,RSV00006292,2025-04-02,2025-04-04,2,862.2,48.4,910.6
5347,RSV00006293,2024-09-09,2024-09-11,2,473.7,16.75,490.45
5348,RSV00006294,2025-04-11,2025-04-12,1,1172.97,37.02,1209.99
5349,RSV00006295,2025-08-23,2025-08-26,3,1102.89,69.73,1172.62
5350,RSV00006296,2025-02-08,2025-02-09,1,234.82,228.81,463.63
5351,RSV00006297,2025-03-15,2025-03-20,5,1238.45,205.42,1443.87
5352,RSV00006298,2024-10-23,2024-10-30,7,1243.75,111.09,1354.84
5353,RSV00006299,2025-05-19,2025-05-22,3,87.11,187.06,274.17
5354,RSV00006300,2025-05-20,2025-05-24,4,697.0,195.71,892.71
5355,RSV00006302,2025-01-13,2025-01-18,5,1200.25,179.43,1379.68
5356,RSV00006303,2025-03-03,2025-03-05,2,207.99,147.88,355.87
5357,RSV00006304,2025-04-24,2025-04-27,3,535.57,193.18,728.75
5358,RSV00006305,2025-07-29,2025-08-05,7,960.91,200.94,1161.85
5359,RSV00006306,2025-12-29,2025-12-30,1,716.06,65.21,781.27
5360,RSV00006307,2026-01-17,2026-01-19,2,1192.01,18.34,1210.35
5361,RSV00006310,2026-04-15,2026-04-17,2,1157.96,197.99,1355.95
5362,RSV00006311,2024-06-16,2024-06-19,3,1489.66,40.89,1530.55
5363,RSV00006312,2024-09-23,2024-09-28,5,696.21,162.75,858.96
5364,RSV00006313,2024-11-02,2024-11-03,1,809.03,39.27,848.3
5365,RSV00006314,2025-06-09,2025-06-10,1,170.07,161.2,331.27
5366,RSV00006315,2024-08-28,2024-08-29,1,1156.92,54.96,1211.88
5367,RSV00006317,2025-01-30,2025-02-03,4,176.0,133.85,309.85
5368,RSV00006318,2025-11-12,2025-11-18,6,687.38,101.76,789.14
5369,RSV00006320,2025-12-17,2025-12-24,7,132.82,122.07,254.89
5370,RSV00006321,2024-08-09,2024-08-13,4,732.21,153.83,886.04
5371,RSV00006322,2025-11-22,2025-11-26,4,1276.84,184.69,1461.53
5372,RSV00006323,2026-04-09,2026-04-15,6,478.19,27.63,505.82
5373,RSV00006325,2025-02-24,2025-02-28,4,1424.84,52.31,1477.15
5374,RSV00006326,2026-05-08,2026-05-09,1,908.62,13.04,921.66
5375,RSV00006327,2025-01-17,2025-01-19,2,1236.74,151.09,1387.83
5376,RSV00006329,2024-07-12,2024-07-14,2,693.28,210.03,903.31
5377,RSV00006330,2026-02-28,2026-03-03,3,700.58,3.71,704.29
5378,RSV00006331,2025-05-12,2025-05-18,6,689.32,28.78,718.1
5379,RSV00006332,2026-04-22,2026-04-25,3,620.91,166.81,787.72
5380,RSV00006333,2024-11-07,2024-11-13,6,995.36,38.84,1034.2
5381,RSV00006334,2025-03-05,2025-03-11,6,914.72,190.14,1104.86
5382,RSV00006335,2024-10-17,2024-10-19,2,1021.38,104.86,1126.24
5383,RSV00006336,2025-08-29,2025-09-01,3,717.65,237.44,955.09
5384,RSV00006337,2024-10-18,2024-10-21,3,384.26,111.75,496.01
5385,RSV00006338,2026-01-27,2026-02-03,7,461.22,100.36,561.58
5386,RSV00006340,2025-09-17,2025-09-21,4,222.35,45.47,267.82
5387,RSV00006341,2025-06-01,2025-06-03,2,243.84,173.64,417.48
5388,RSV00006342,2026-05-30,2026-06-04,5,1090.7,162.37,1253.07
5389,RSV00006343,2025-06-14,2025-06-20,6,469.77,191.71,661.48
5390,RSV00006344,2024-10-30,2024-11-05,6,377.44,219.05,596.49
5391,RSV00006345,2024-11-18,2024-11-21,3,798.25,123.03,921.28
5392,RSV00006346,2024-09-11,2024-09-18,7,1475.09,92.16,1567.25
5393,RSV00006347,2024-09-04,2024-09-05,1,289.78,235.14,524.92
5394,RSV00006348,2025-04-04,2025-04-11,7,1260.2,148.99,1409.19
5395,RSV00006349,2025-05-12,2025-05-18,6,508.4,22.51,530.91
5396,RSV00006350,2025-11-02,2025-11-05,3,922.4,4.66,927.06
5397,RSV00006351,2025-07-02,2025-07-06,4,1332.1,24.63,1356.73
5398,RSV00006352,2025-10-15,2025-10-18,3,1379.18,125.01,1504.19
5399,RSV00006354,2024-09-17,2024-09-20,3,218.49,27.08,245.57
5400,RSV00006355,2026-02-25,2026-02-28,3,1051.79,107.65,1159.44
5401,RSV00006356,2024-07-01,2024-07-04,3,1089.68,118.71,1208.39
5402,RSV00006357,2026-05-02,2026-05-05,3,424.46,241.56,666.02
5403,RSV00006359,2025-09-19,2025-09-23,4,767.1,99.24,866.34
5404,RSV00006360,2026-02-04,2026-02-11,7,1119.52,125.19,1244.71
5405,RSV00006362,2024-10-13,2024-10-15,2,1206.58,98.68,1305.26
5406,RSV00006363,2026-01-26,2026-01-28,2,896.28,50.25,946.53
5407,RSV00006364,2025-10-01,2025-10-08,7,380.11,232.59,612.7
5408,RSV00006366,2024-12-31,2025-01-05,5,1394.9,87.85,1482.75
5409,RSV00006367,2025-05-10,2025-05-16,6,1486.55,111.98,1598.53
5410,RSV00006368,2025-10-10,2025-10-12,2,1295.7,109.56,1405.26
5411,RSV00006369,2026-03-12,2026-03-16,4,1326.67,8.23,1334.9
5412,RSV00006370,2025-05-13,2025-05-20,7,709.65,93.13,802.78
5413,RSV00006371,2025-08-26,2025-09-01,6,676.85,188.17,865.02
5414,RSV00006372,2026-01-17,2026-01-19,2,1105.08,224.45,1329.53
5415,RSV00006374,2024-09-13,2024-09-18,5,1402.33,217.26,1619.59
5416,RSV00006375,2026-02-25,2026-03-04,7,720.24,187.59,907.83
5417,RSV00006376,2024-12-08,2024-12-09,1,155.82,60.25,216.07
5418,RSV00006377,2025-11-06,2025-11-10,4,950.85,189.01,1139.86
5419,RSV00006378,2026-05-22,2026-05-23,1,619.62,133.34,752.96
5420,RSV00006379,2025-06-21,2025-06-28,7,561.53,125.94,687.47
5421,RSV00006380,2026-04-21,2026-04-28,7,1140.79,100.14,1240.93
5422,RSV00006382,2025-02-03,2025-02-06,3,1388.9,178.71,1567.61
5423,RSV00006383,2026-04-15,2026-04-17,2,487.5,20.29,507.79
5424,RSV00006384,2025-12-21,2025-12-25,4,871.14,44.54,915.68
5425,RSV00006385,2025-03-09,2025-03-12,3,776.48,118.7,895.18
5426,RSV00006386,2025-01-03,2025-01-08,5,510.4,193.59,703.99
5427,RSV00006387,2025-08-11,2025-08-12,1,407.44,168.82,576.26
5428,RSV00006388,2024-10-05,2024-10-08,3,279.08,180.42,459.5
5429,RSV00006389,2024-06-12,2024-06-13,1,1047.93,19.45,1067.38
5430,RSV00006390,2025-01-19,2025-01-22,3,764.75,134.94,899.69
5431,RSV00006391,2024-08-03,2024-08-06,3,1421.8,115.26,1537.06
5432,RSV00006392,2026-03-24,2026-03-31,7,264.03,122.13,386.16
5433,RSV00006393,2024-12-27,2025-01-01,5,930.66,213.04,1143.7
5434,RSV00006394,2025-05-10,2025-05-17,7,990.62,40.85,1031.47
5435,RSV00006395,2025-03-14,2025-03-18,4,1158.1,90.31,1248.41
5436,RSV00006396,2025-05-31,2025-06-02,2,336.49,16.98,353.47
5437,RSV00006397,2025-11-02,2025-11-06,4,398.15,219.3,617.45
5438,RSV00006400,2025-09-22,2025-09-24,2,1143.59,152.95,1296.54
5439,RSV00006401,2025-09-14,2025-09-21,7,844.73,204.36,1049.09
5440,RSV00006402,2026-06-30,2026-07-05,5,280.24,189.34,469.58
5441,RSV00006403,2026-01-23,2026-01-27,4,658.59,87.43,746.02
5442,RSV00006404,2025-09-06,2025-09-12,6,662.05,147.41,809.46
5443,RSV00006405,2026-03-30,2026-04-03,4,880.32,111.48,991.8
5444,RSV00006406,2026-05-11,2026-05-17,6,1276.73,150.4,1427.13
5445,RSV00006407,2026-05-16,2026-05-19,3,439.56,176.44,616.0
5446,RSV00006408,2024-09-07,2024-09-10,3,656.14,229.82,885.96
5447,RSV00006409,2025-05-06,2025-05-08,2,1246.69,4.89,1251.58
5448,RSV00006410,2026-05-24,2026-05-27,3,749.67,28.64,778.31
5449,RSV00006411,2025-01-03,2025-01-10,7,1275.77,138.09,1413.86
5450,RSV00006412,2025-02-07,2025-02-13,6,85.76,115.02,200.78
5451,RSV00006413,2024-12-28,2024-12-29,1,495.84,60.66,556.5
5452,RSV00006414,2025-05-09,2025-05-12,3,387.38,120.77,508.15
5453,RSV00006415,2024-08-20,2024-08-24,4,457.54,178.52,636.06
5454,RSV00006416,2026-01-25,2026-01-29,4,727.41,8.99,736.4
5455,RSV00006417,2024-12-03,2024-12-06,3,888.36,149.53,1037.89
5456,RSV00006418,2025-04-04,2025-04-07,3,1124.77,190.03,1314.8
5457,RSV00006419,2024-12-27,2024-12-30,3,104.01,116.34,220.35
5458,RSV00006421,2026-04-11,2026-04-13,2,1077.27,129.18,1206.45
5459,RSV00006422,2024-08-13,2024-08-19,6,1223.59,135.82,1359.41
5460,RSV00006423,2026-05-08,2026-05-11,3,793.6,147.44,941.04
5461,RSV00006424,2024-12-10,2024-12-14,4,549.66,245.55,795.21
5462,RSV00006427,2025-08-28,2025-08-29,1,875.05,231.13,1106.18
5463,RSV00006428,2026-04-08,2026-04-10,2,1137.08,146.89,1283.97
5464,RSV00006429,2026-01-19,2026-01-25,6,840.64,174.52,1015.16
5465,RSV00006431,2025-01-08,2025-01-12,4,984.51,17.83,1002.34
5466,RSV00006432,2025-02-06,2025-02-10,4,453.8,81.72,535.52
5467,RSV00006433,2025-08-05,2025-08-12,7,447.16,238.35,685.51
5468,RSV00006434,2025-01-02,2025-01-06,4,807.34,2.81,810.15
5469,RSV00006435,2026-05-10,2026-05-16,6,580.16,154.59,734.75
5470,RSV00006437,2025-08-06,2025-08-07,1,1244.16,63.26,1307.42
5471,RSV00006438,2025-09-11,2025-09-14,3,1224.27,47.8,1272.07
5472,RSV00006440,2026-04-05,2026-04-11,6,1216.9,72.23,1289.13
5473,RSV00006441,2025-11-05,2025-11-07,2,400.95,116.13,517.08
5474,RSV00006442,2025-09-17,2025-09-24,7,890.27,182.49,1072.76
5475,RSV00006443,2025-06-17,2025-06-18,1,581.78,127.46,709.24
5476,RSV00006444,2025-02-19,2025-02-21,2,1119.22,176.94,1296.16
5477,RSV00006445,2024-09-05,2024-09-07,2,709.73,211.69,921.42
5478,RSV00006447,2025-04-14,2025-04-15,1,1366.95,219.73,1586.68
5479,RSV00006448,2026-02-22,2026-02-24,2,1163.1,51.24,1214.34
5480,RSV00006449,2025-07-04,2025-07-08,4,219.82,112.48,332.3
5481,RSV00006450,2024-08-10,2024-08-17,7,571.86,193.97,765.83
5482,RSV00006451,2026-05-06,2026-05-12,6,506.28,30.34,536.62
5483,RSV00006452,2026-05-25,2026-05-28,3,698.12,1.96,700.08
5484,RSV00006453,2024-08-13,2024-08-19,6,1419.33,27.55,1446.88
5485,RSV00006454,2024-10-10,2024-10-15,5,1039.73,76.15,1115.88
5486,RSV00006455,2025-12-16,2025-12-18,2,721.08,109.07,830.15
5487,RSV00006456,2026-05-15,2026-05-20,5,718.33,93.27,811.6
5488,RSV00006457,2025-01-24,2025-01-28,4,498.17,2.94,501.11
5489,RSV00006459,2024-11-03,2024-11-06,3,670.39,194.31,864.7
5490,RSV00006460,2024-06-05,2024-06-08,3,82.25,120.74,202.99
5491,RSV00006461,2024-10-23,2024-10-29,6,1056.38,67.03,1123.41
5492,RSV00006462,2024-10-01,2024-10-06,5,559.76,167.47,727.23
5493,RSV00006463,2026-04-11,2026-04-14,3,902.6,85.73,988.33
5494,RSV00006464,2026-02-26,2026-03-05,7,875.07,193.54,1068.61
5495,RSV00006465,2025-11-03,2025-11-08,5,755.44,18.61,774.05
5496,RSV00006467,2025-11-10,2025-11-13,3,1284.74,7.18,1291.92
5497,RSV00006468,2026-05-11,2026-05-13,2,1344.95,50.62,1395.57
5498,RSV00006469,2025-05-21,2025-05-24,3,1058.06,204.48,1262.54
5499,RSV00006470,2024-09-09,2024-09-15,6,1490.79,21.56,1512.35
5500,RSV00006471,2026-05-06,2026-05-09,3,452.97,184.44,637.41
5501,RSV00006473,2024-11-03,2024-11-06,3,806.04,172.67,978.71
5502,RSV00006474,2025-01-05,2025-01-08,3,139.82,142.17,281.99
5503,RSV00006475,2025-03-06,2025-03-07,1,140.7,222.58,363.28
5504,RSV00006476,2024-07-21,2024-07-23,2,1484.76,220.51,1705.27
5505,RSV00006477,2024-09-11,2024-09-15,4,1088.19,146.08,1234.27
5506,RSV00006478,2026-05-06,2026-05-10,4,1366.99,147.89,1514.88
5507,RSV00006479,2026-03-12,2026-03-15,3,865.77,88.2,953.97
5508,RSV00006480,2026-01-25,2026-02-01,7,1051.57,82.16,1133.73
5509,RSV00006482,2025-02-10,2025-02-14,4,441.72,210.77,652.49
5510,RSV00006483,2024-09-06,2024-09-13,7,881.54,245.58,1127.12
5511,RSV00006484,2025-10-02,2025-10-09,7,655.16,187.5,842.66
5512,RSV00006485,2024-12-23,2024-12-30,7,744.07,100.22,844.29
5513,RSV00006486,2025-12-28,2026-01-01,4,1448.15,45.55,1493.7
5514,RSV00006487,2025-11-03,2025-11-07,4,783.7,166.79,950.49
5515,RSV00006488,2025-07-27,2025-08-01,5,892.93,72.52,965.45
5516,RSV00006489,2026-04-29,2026-05-05,6,455.25,114.22,569.47
5517,RSV00006491,2026-03-24,2026-03-25,1,1345.79,197.45,1543.24
5518,RSV00006492,2024-07-08,2024-07-14,6,149.38,74.66,224.04
5519,RSV00006493,2024-10-28,2024-11-02,5,460.39,234.66,695.05
5520,RSV00006494,2025-11-28,2025-12-01,3,594.91,67.03,661.94
5521,RSV00006495,2026-03-09,2026-03-14,5,1478.68,169.33,1648.01
5522,RSV00006496,2026-02-23,2026-02-25,2,625.9,127.76,753.66
5523,RSV00006497,2025-12-18,2025-12-20,2,758.33,176.37,934.7
5524,RSV00006498,2024-09-04,2024-09-08,4,254.75,88.85,343.6
5525,RSV00006499,2025-12-16,2025-12-17,1,281.61,200.85,482.46
5526,RSV00006500,2026-03-23,2026-03-27,4,91.03,13.09,104.12
5527,RSV00006501,2026-01-26,2026-01-30,4,1092.88,194.12,1287.0
5528,RSV00006502,2025-01-01,2025-01-02,1,472.17,245.19,717.36
5529,RSV00006503,2026-05-16,2026-05-22,6,1169.76,93.98,1263.74
5530,RSV00006505,2026-03-16,2026-03-18,2,1159.11,236.8,1395.91
5531,RSV00006506,2025-03-29,2025-03-31,2,877.95,55.35,933.3
5532,RSV00006507,2025-09-29,2025-09-30,1,1062.7,163.0,1225.7
5533,RSV00006508,2025-10-29,2025-10-30,1,293.39,232.69,526.08
5534,RSV00006509,2025-02-14,2025-02-21,7,839.18,62.93,902.11
5535,RSV00006510,2026-05-25,2026-05-29,4,125.78,144.64,270.42
5536,RSV00006511,2025-01-05,2025-01-07,2,835.74,109.03,944.77
5537,RSV00006512,2025-05-01,2025-05-06,5,270.1,229.8,499.9
5538,RSV00006513,2024-07-19,2024-07-26,7,218.78,223.82,442.6
5539,RSV00006514,2024-08-21,2024-08-25,4,162.37,218.55,380.92
5540,RSV00006515,2024-12-04,2024-12-11,7,1436.73,28.31,1465.04
5541,RSV00006516,2025-09-09,2025-09-13,4,1001.98,112.84,1114.82
5542,RSV00006517,2025-06-20,2025-06-26,6,209.57,84.63,294.2
5543,RSV00006518,2025-10-22,2025-10-25,3,1146.35,98.81,1245.16
5544,RSV00006519,2026-05-08,2026-05-11,3,458.39,116.62,575.01
5545,RSV00006520,2026-01-12,2026-01-13,1,1340.15,231.27,1571.42
5546,RSV00006521,2024-09-03,2024-09-07,4,130.33,28.19,158.52
5547,RSV00006522,2025-02-26,2025-02-27,1,436.44,57.11,493.55
5548,RSV00006525,2025-10-11,2025-10-15,4,1366.73,167.23,1533.96
5549,RSV00006526,2026-04-17,2026-04-23,6,1103.96,112.43,1216.39
5550,RSV00006527,2026-03-30,2026-04-02,3,203.03,225.04,428.07
5551,RSV00006528,2026-02-06,2026-02-08,2,945.16,44.64,989.8
5552,RSV00006530,2026-01-02,2026-01-09,7,1022.09,215.47,1237.56
5553,RSV00006531,2024-12-16,2024-12-17,1,1132.36,68.32,1200.68
5554,RSV00006532,2024-10-15,2024-10-20,5,270.91,83.51,354.42
5555,RSV00006533,2025-04-06,2025-04-07,1,1142.86,143.97,1286.83
5556,RSV00006534,2026-01-14,2026-01-16,2,1019.32,173.91,1193.23
5557,RSV00006535,2025-02-17,2025-02-20,3,94.83,181.68,276.51
5558,RSV00006536,2025-03-17,2025-03-18,1,672.97,75.44,748.41
5559,RSV00006537,2026-01-09,2026-01-15,6,644.67,78.66,723.33
5560,RSV00006538,2025-02-05,2025-02-08,3,424.17,122.93,547.1
5561,RSV00006540,2025-09-22,2025-09-26,4,305.2,213.8,519.0
5562,RSV00006541,2025-09-24,2025-09-30,6,876.22,44.58,920.8
5563,RSV00006542,2025-12-21,2025-12-27,6,1310.85,203.96,1514.81
5564,RSV00006543,2026-03-10,2026-03-14,4,761.83,243.64,1005.47
5565,RSV00006544,2025-06-17,2025-06-23,6,448.51,54.76,503.27
5566,RSV00006545,2025-04-19,2025-04-22,3,591.56,195.3,786.86
5567,RSV00006546,2024-11-08,2024-11-10,2,265.72,137.96,403.68
5568,RSV00006547,2024-09-20,2024-09-27,7,1138.62,26.77,1165.39
5569,RSV00006548,2024-12-09,2024-12-14,5,1230.4,142.75,1373.15
5570,RSV00006550,2024-08-04,2024-08-10,6,983.74,244.37,1228.11
5571,RSV00006551,2024-12-12,2024-12-19,7,575.21,90.89,666.1
5572,RSV00006555,2024-10-31,2024-11-07,7,1146.86,43.16,1190.02
5573,RSV00006557,2025-06-27,2025-07-01,4,588.65,4.34,592.99
5574,RSV00006558,2024-07-23,2024-07-27,4,678.33,155.72,834.05
5575,RSV00006559,2026-03-11,2026-03-18,7,792.61,144.8,937.41
5576,RSV00006560,2025-07-23,2025-07-27,4,972.93,238.9,1211.83
5577,RSV00006561,2026-02-14,2026-02-21,7,415.29,54.45,469.74
5578,RSV00006562,2024-06-24,2024-06-30,6,648.42,180.49,828.91
5579,RSV00006563,2025-04-02,2025-04-08,6,1411.55,141.29,1552.84
5580,RSV00006565,2024-10-25,2024-10-27,2,1154.87,236.83,1391.7
5581,RSV00006567,2024-07-05,2024-07-09,4,1046.54,87.17,1133.71
5582,RSV00006568,2026-03-07,2026-03-08,1,1140.01,224.01,1364.02
5583,RSV00006569,2024-08-17,2024-08-21,4,781.6,81.93,863.53
5584,RSV00006570,2025-10-26,2025-10-28,2,911.75,148.88,1060.63
5585,RSV00006571,2024-12-26,2024-12-29,3,687.97,115.74,803.71
5586,RSV00006572,2025-09-18,2025-09-19,1,703.98,204.65,908.63
5587,RSV00006573,2026-04-30,2026-05-03,3,1412.4,172.63,1585.03
5588,RSV00006574,2026-04-07,2026-04-10,3,629.72,172.16,801.88
5589,RSV00006575,2026-02-27,2026-03-01,2,1106.12,220.86,1326.98
5590,RSV00006576,2025-11-01,2025-11-07,6,977.82,202.17,1179.99
5591,RSV00006578,2024-08-06,2024-08-10,4,1120.61,24.8,1145.41
5592,RSV00006580,2025-03-14,2025-03-16,2,1098.77,225.93,1324.7
5593,RSV00006581,2026-04-19,2026-04-25,6,99.9,35.94,135.84
5594,RSV00006584,2025-08-04,2025-08-09,5,386.27,206.83,593.1
5595,RSV00006585,2025-07-28,2025-07-30,2,1458.01,227.93,1685.94
5596,RSV00006586,2026-04-19,2026-04-20,1,1251.24,77.38,1328.62
5597,RSV00006587,2025-02-20,2025-02-24,4,404.33,146.22,550.55
5598,RSV00006588,2024-08-28,2024-09-04,7,370.33,189.69,560.02
5599,RSV00006589,2025-08-25,2025-09-01,7,1302.93,239.3,1542.23
5600,RSV00006591,2026-05-27,2026-05-31,4,682.18,131.16,813.34
5601,RSV00006592,2025-12-18,2025-12-25,7,1252.81,214.4,1467.21
5602,RSV00006593,2026-06-12,2026-06-19,7,1336.0,4.39,1340.39
5603,RSV00006594,2024-08-25,2024-08-30,5,966.61,159.07,1125.68
5604,RSV00006595,2024-11-14,2024-11-17,3,333.68,196.93,530.61
5605,RSV00006596,2025-06-05,2025-06-07,2,963.7,229.7,1193.4
5606,RSV00006597,2024-11-29,2024-11-30,1,234.44,5.98,240.42
5607,RSV00006598,2025-07-08,2025-07-14,6,540.39,121.48,661.87
5608,RSV00006599,2026-01-27,2026-02-03,7,1113.91,172.78,1286.69
5609,RSV00006600,2025-02-25,2025-02-26,1,225.23,74.15,299.38
5610,RSV00006601,2025-06-14,2025-06-20,6,610.23,198.63,808.86
5611,RSV00006602,2026-01-12,2026-01-18,6,396.79,178.35,575.14
5612,RSV00006603,2024-10-30,2024-11-06,7,321.21,20.64,341.85
5613,RSV00006604,2024-07-13,2024-07-19,6,869.59,149.74,1019.33
5614,RSV00006606,2024-11-20,2024-11-22,2,320.17,244.82,564.99
5615,RSV00006608,2025-01-18,2025-01-25,7,276.83,218.43,495.26
5616,RSV00006609,2026-01-21,2026-01-25,4,483.12,189.52,672.64
5617,RSV00006611,2025-04-16,2025-04-21,5,180.72,226.77,407.49
5618,RSV00006612,2024-12-08,2024-12-09,1,84.23,164.1,248.33
5619,RSV00006613,2025-09-08,2025-09-12,4,374.73,199.01,573.74
5620,RSV00006614,2024-08-18,2024-08-25,7,1227.16,100.86,1328.02
5621,RSV00006615,2025-04-11,2025-04-18,7,844.49,151.27,995.76
5622,RSV00006617,2026-01-04,2026-01-11,7,419.36,84.76,504.12
5623,RSV00006618,2024-07-09,2024-07-12,3,1073.44,74.63,1148.07
5624,RSV00006622,2025-02-01,2025-02-07,6,332.02,139.19,471.21
5625,RSV00006624,2025-01-26,2025-01-27,1,236.88,20.49,257.37
5626,RSV00006626,2024-11-21,2024-11-28,7,1089.58,124.97,1214.55
5627,RSV00006627,2025-01-11,2025-01-14,3,674.73,40.26,714.99
5628,RSV00006628,2025-12-21,2025-12-22,1,1018.78,128.63,1147.41
5629,RSV00006629,2026-06-12,2026-06-14,2,873.02,200.28,1073.3
5630,RSV00006630,2026-05-11,2026-05-18,7,296.55,69.7,366.25
5631,RSV00006631,2026-01-03,2026-01-10,7,574.14,149.98,724.12
5632,RSV00006632,2025-08-12,2025-08-15,3,289.9,13.95,303.85
5633,RSV00006633,2024-09-07,2024-09-11,4,645.6,75.21,720.81
5634,RSV00006634,2025-12-31,2026-01-04,4,804.91,118.69,923.6
5635,RSV00006635,2025-11-09,2025-11-12,3,1372.15,61.73,1433.88
5636,RSV00006636,2025-01-31,2025-02-03,3,252.61,116.54,369.15
5637,RSV00006637,2026-02-12,2026-02-14,2,614.7,215.89,830.59
5638,RSV00006638,2025-08-31,2025-09-05,5,1045.66,24.41,1070.07
5639,RSV00006639,2025-12-05,2025-12-10,5,80.8,227.72,308.52
5640,RSV00006640,2025-10-12,2025-10-17,5,266.99,207.6,474.59
5641,RSV00006641,2024-11-27,2024-11-28,1,979.62,24.88,1004.5
5642,RSV00006642,2025-08-31,2025-09-04,4,1180.38,54.56,1234.94
5643,RSV00006644,2025-03-13,2025-03-14,1,814.02,82.47,896.49
5644,RSV00006645,2026-03-17,2026-03-19,2,837.25,80.67,917.92
5645,RSV00006646,2026-03-01,2026-03-03,2,931.48,211.82,1143.3
5646,RSV00006647,2025-10-08,2025-10-09,1,1032.52,11.46,1043.98
5647,RSV00006648,2024-11-06,2024-11-11,5,1028.8,27.21,1056.01
5648,RSV00006649,2024-10-04,2024-10-08,4,435.73,152.21,587.94
5649,RSV00006651,2026-02-27,2026-03-03,4,1237.54,224.83,1462.37
5650,RSV00006652,2025-12-30,2026-01-01,2,348.13,219.91,568.04
5651,RSV00006653,2025-03-06,2025-03-07,1,713.21,114.5,827.71
5652,RSV00006654,2024-11-22,2024-11-26,4,117.95,79.43,197.38
5653,RSV00006655,2024-07-09,2024-07-11,2,430.99,67.4,498.39
5654,RSV00006656,2026-07-01,2026-07-03,2,1257.31,81.96,1339.27
5655,RSV00006657,2025-04-30,2025-05-02,2,587.79,8.32,596.11
5656,RSV00006658,2024-09-03,2024-09-09,6,508.41,230.4,738.81
5657,RSV00006659,2025-05-13,2025-05-16,3,554.08,125.45,679.53
5658,RSV00006662,2024-08-30,2024-09-03,4,1059.0,129.16,1188.16
5659,RSV00006663,2026-05-26,2026-05-31,5,332.74,138.41,471.15
5660,RSV00006664,2024-11-03,2024-11-10,7,1083.97,227.79,1311.76
5661,RSV00006665,2024-12-18,2024-12-19,1,1126.15,25.68,1151.83
5662,RSV00006666,2025-11-01,2025-11-04,3,485.7,13.89,499.59
5663,RSV00006667,2026-04-07,2026-04-14,7,1354.62,223.44,1578.06
5664,RSV00006668,2024-07-30,2024-08-01,2,582.37,51.4,633.77
5665,RSV00006669,2026-02-11,2026-02-18,7,417.24,133.2,550.44
5666,RSV00006670,2026-01-14,2026-01-17,3,833.52,171.85,1005.37
5667,RSV00006671,2025-09-07,2025-09-10,3,1432.13,245.22,1677.35
5668,RSV00006672,2026-02-06,2026-02-08,2,1182.05,49.45,1231.5
5669,RSV00006673,2026-03-26,2026-03-31,5,562.9,16.62,579.52
5670,RSV00006674,2025-03-17,2025-03-21,4,524.24,215.83,740.07
5671,RSV00006676,2025-10-06,2025-10-07,1,1278.31,134.4,1412.71
5672,RSV00006679,2025-04-17,2025-04-24,7,1014.56,235.39,1249.95
5673,RSV00006680,2025-01-18,2025-01-19,1,1025.59,30.39,1055.98
5674,RSV00006681,2026-02-11,2026-02-14,3,126.21,51.75,177.96
5675,RSV00006682,2024-07-31,2024-08-02,2,1135.07,248.35,1383.42
5676,RSV00006683,2026-04-27,2026-05-02,5,112.0,234.71,346.71
5677,RSV00006684,2025-10-30,2025-11-04,5,1492.33,50.77,1543.1
5678,RSV00006686,2024-08-06,2024-08-08,2,1032.85,28.27,1061.12
5679,RSV00006688,2025-05-06,2025-05-07,1,1497.8,92.07,1589.87
5680,RSV00006689,2024-12-02,2024-12-06,4,170.96,21.46,192.42
5681,RSV00006690,2024-08-12,2024-08-19,7,561.27,165.3,726.57
5682,RSV00006691,2026-04-28,2026-04-29,1,304.99,247.94,552.93
5683,RSV00006692,2025-05-24,2025-05-27,3,1092.74,177.77,1270.51
5684,RSV00006693,2026-01-26,2026-01-28,2,645.19,96.97,742.16
5685,RSV00006695,2025-02-08,2025-02-14,6,1147.52,153.83,1301.35
5686,RSV00006696,2025-08-02,2025-08-09,7,923.68,32.36,956.04
5687,RSV00006697,2025-03-23,2025-03-27,4,718.94,242.14,961.08
5688,RSV00006698,2025-04-02,2025-04-06,4,1293.94,151.23,1445.17
5689,RSV00006699,2025-03-03,2025-03-07,4,1463.63,135.73,1599.36
5690,RSV00006700,2026-02-26,2026-02-28,2,306.45,79.93,386.38
5691,RSV00006701,2025-02-18,2025-02-22,4,1174.52,24.36,1198.88
5692,RSV00006702,2025-12-31,2026-01-05,5,728.75,82.55,811.3
5693,RSV00006703,2026-03-14,2026-03-20,6,492.95,31.44,524.39
5694,RSV00006704,2024-10-15,2024-10-21,6,1192.87,25.57,1218.44
5695,RSV00006705,2026-06-10,2026-06-16,6,1031.84,17.94,1049.78
5696,RSV00006707,2025-07-14,2025-07-21,7,1191.78,83.19,1274.97
5697,RSV00006708,2025-01-22,2025-01-25,3,1104.9,53.54,1158.44
5698,RSV00006709,2026-04-07,2026-04-10,3,357.87,142.51,500.38
5699,RSV00006710,2025-03-07,2025-03-08,1,850.51,47.73,898.24
5700,RSV00006711,2025-07-05,2025-07-08,3,530.9,190.16,721.06
5701,RSV00006712,2025-06-10,2025-06-16,6,397.52,150.23,547.75
5702,RSV00006713,2025-04-16,2025-04-21,5,785.28,242.38,1027.66
5703,RSV00006714,2025-09-03,2025-09-05,2,960.02,129.03,1089.05
5704,RSV00006715,2025-08-28,2025-09-01,4,1487.11,26.63,1513.74
5705,RSV00006716,2026-06-02,2026-06-08,6,835.04,37.75,872.79
5706,RSV00006717,2025-01-23,2025-01-28,5,406.57,41.04,447.61
5707,RSV00006718,2026-03-14,2026-03-17,3,759.2,133.67,892.87
5708,RSV00006719,2025-06-09,2025-06-10,1,461.47,32.25,493.72
5709,RSV00006721,2025-11-29,2025-11-30,1,802.87,106.46,909.33
5710,RSV00006722,2025-02-27,2025-03-04,5,876.47,20.43,896.9
5711,RSV00006723,2025-09-26,2025-09-29,3,163.32,104.1,267.42
5712,RSV00006725,2024-07-04,2024-07-11,7,85.19,26.29,111.48
5713,RSV00006726,2026-05-21,2026-05-25,4,816.95,232.97,1049.92
5714,RSV00006727,2025-08-04,2025-08-10,6,766.44,164.04,930.48
5715,RSV00006728,2025-02-13,2025-02-14,1,764.75,67.58,832.33
5716,RSV00006729,2025-03-27,2025-03-28,1,678.69,231.92,910.61
5717,RSV00006731,2026-02-07,2026-02-11,4,1331.91,246.05,1577.96
5718,RSV00006732,2025-05-24,2025-05-29,5,490.85,205.53,696.38
5719,RSV00006733,2025-06-21,2025-06-22,1,1194.38,81.9,1276.28
5720,RSV00006735,2024-11-07,2024-11-08,1,697.55,107.14,804.69
5721,RSV00006736,2024-09-01,2024-09-03,2,376.07,157.66,533.73
5722,RSV00006737,2026-01-06,2026-01-09,3,598.08,71.04,669.12
5723,RSV00006739,2025-10-19,2025-10-21,2,1168.48,192.74,1361.22
5724,RSV00006740,2025-07-05,2025-07-11,6,1102.28,45.66,1147.94
5725,RSV00006741,2025-06-02,2025-06-08,6,1376.3,205.54,1581.84
5726,RSV00006742,2026-05-30,2026-06-02,3,610.51,184.14,794.65
5727,RSV00006743,2025-04-08,2025-04-15,7,701.14,157.11,858.25
5728,RSV00006744,2025-07-15,2025-07-16,1,1025.61,143.8,1169.41
5729,RSV00006745,2025-08-18,2025-08-22,4,500.58,104.38,604.96
5730,RSV00006747,2026-02-26,2026-03-01,3,229.81,183.39,413.2
5731,RSV00006748,2026-06-24,2026-07-01,7,1071.65,22.96,1094.61
5732,RSV00006749,2024-10-22,2024-10-29,7,1098.94,15.32,1114.26
5733,RSV00006750,2025-07-23,2025-07-29,6,1381.86,221.68,1603.54
5734,RSV00006751,2025-03-27,2025-03-30,3,658.31,191.41,849.72
5735,RSV00006752,2024-09-25,2024-09-29,4,618.7,132.3,751.0
5736,RSV00006754,2026-03-25,2026-03-30,5,685.36,135.85,821.21
5737,RSV00006755,2024-10-27,2024-10-28,1,620.97,158.76,779.73
5738,RSV00006756,2025-10-07,2025-10-11,4,723.09,72.36,795.45
5739,RSV00006757,2025-06-11,2025-06-16,5,1331.13,190.54,1521.67
5740,RSV00006758,2025-10-24,2025-10-27,3,1404.36,189.17,1593.53
5741,RSV00006759,2024-10-31,2024-11-01,1,994.67,56.93,1051.6
5742,RSV00006760,2026-06-19,2026-06-22,3,124.27,89.5,213.77
5743,RSV00006763,2025-09-13,2025-09-19,6,1177.46,114.96,1292.42
5744,RSV00006764,2024-08-10,2024-08-13,3,1265.13,75.51,1340.64
5745,RSV00006765,2024-12-09,2024-12-12,3,595.64,160.78,756.42
5746,RSV00006766,2026-03-17,2026-03-23,6,973.76,12.75,986.51
5747,RSV00006767,2026-02-17,2026-02-20,3,948.09,35.29,983.38
5748,RSV00006769,2024-11-02,2024-11-05,3,832.83,141.06,973.89
5749,RSV00006770,2024-10-24,2024-10-27,3,700.19,140.03,840.22
5750,RSV00006771,2026-01-17,2026-01-24,7,607.86,32.88,640.74
5751,RSV00006772,2024-11-30,2024-12-05,5,833.15,102.6,935.75
5752,RSV00006773,2025-08-09,2025-08-11,2,1447.38,246.72,1694.1
5753,RSV00006774,2026-01-06,2026-01-08,2,1405.74,146.41,1552.15
5754,RSV00006776,2025-11-04,2025-11-10,6,315.38,234.08,549.46
5755,RSV00006777,2024-07-22,2024-07-23,1,754.06,35.65,789.71
5756,RSV00006778,2025-10-08,2025-10-10,2,1042.44,152.37,1194.81
5757,RSV00006781,2026-07-04,2026-07-05,1,230.12,55.63,285.75
5758,RSV00006782,2024-10-24,2024-10-28,4,1003.0,229.66,1232.66
5759,RSV00006783,2026-01-16,2026-01-22,6,528.46,66.25,594.71
5760,RSV00006784,2026-04-15,2026-04-19,4,1205.02,17.69,1222.71
5761,RSV00006785,2024-08-19,2024-08-23,4,1133.14,142.02,1275.16
5762,RSV00006786,2025-05-13,2025-05-15,2,1136.89,44.53,1181.42
5763,RSV00006787,2026-06-15,2026-06-16,1,1374.45,154.26,1528.71
5764,RSV00006788,2026-06-03,2026-06-10,7,395.5,37.85,433.35
5765,RSV00006789,2024-11-27,2024-11-29,2,488.34,249.98,738.32
5766,RSV00006790,2025-09-20,2025-09-24,4,1127.19,182.14,1309.33
5767,RSV00006791,2025-12-19,2025-12-26,7,250.94,79.01,329.95
5768,RSV00006792,2025-09-09,2025-09-14,5,1462.32,238.14,1700.46
5769,RSV00006793,2024-09-16,2024-09-20,4,158.93,224.59,383.52
5770,RSV00006794,2026-07-01,2026-07-06,5,642.71,19.87,662.58
5771,RSV00006795,2026-04-14,2026-04-18,4,1400.32,187.3,1587.62
5772,RSV00006796,2025-10-27,2025-11-02,6,202.09,118.36,320.45
5773,RSV00006797,2026-05-10,2026-05-17,7,1340.98,77.42,1418.4
5774,RSV00006798,2025-02-14,2025-02-18,4,377.47,159.54,537.01
5775,RSV00006799,2024-12-25,2024-12-31,6,912.62,233.19,1145.81
5776,RSV00006800,2025-05-23,2025-05-26,3,729.59,107.68,837.27
5777,RSV00006802,2024-09-07,2024-09-09,2,1238.93,164.92,1403.85
5778,RSV00006803,2024-08-11,2024-08-17,6,877.78,146.81,1024.59
5779,RSV00006804,2024-07-25,2024-08-01,7,597.13,21.82,618.95
5780,RSV00006806,2024-07-12,2024-07-13,1,161.01,90.31,251.32
5781,RSV00006807,2026-01-22,2026-01-26,4,756.45,112.08,868.53
5782,RSV00006809,2025-02-27,2025-03-02,3,1172.24,14.0,1186.24
5783,RSV00006810,2025-01-11,2025-01-12,1,1330.55,39.48,1370.03
5784,RSV00006811,2025-11-20,2025-11-27,7,1173.09,76.41,1249.5
5785,RSV00006812,2025-06-03,2025-06-07,4,1382.1,224.53,1606.63
5786,RSV00006813,2025-09-13,2025-09-19,6,787.32,219.62,1006.94
5787,RSV00006814,2025-01-21,2025-01-26,5,582.48,132.15,714.63
5788,RSV00006815,2024-07-23,2024-07-26,3,183.32,36.2,219.52
5789,RSV00006816,2025-09-21,2025-09-28,7,1336.98,45.08,1382.06
5790,RSV00006818,2025-10-19,2025-10-24,5,433.32,206.08,639.4
5791,RSV00006819,2025-11-14,2025-11-20,6,535.1,176.84,711.94
5792,RSV00006820,2024-08-14,2024-08-16,2,811.41,235.48,1046.89
5793,RSV00006824,2025-04-08,2025-04-12,4,1467.69,138.15,1605.84
5794,RSV00006825,2026-01-05,2026-01-06,1,771.39,183.15,954.54
5795,RSV00006826,2025-11-12,2025-11-18,6,266.37,133.02,399.39
5796,RSV00006827,2024-12-18,2024-12-24,6,1257.14,6.48,1263.62
5797,RSV00006828,2025-09-25,2025-09-28,3,286.09,224.81,510.9
5798,RSV00006829,2025-12-08,2025-12-11,3,1120.35,130.4,1250.75
5799,RSV00006831,2024-09-10,2024-09-13,3,375.99,198.6,574.59
5800,RSV00006832,2026-05-26,2026-06-01,6,173.64,49.21,222.85
5801,RSV00006833,2026-01-09,2026-01-16,7,816.33,5.15,821.48
5802,RSV00006834,2025-03-17,2025-03-24,7,184.44,147.07,331.51
5803,RSV00006835,2024-12-06,2024-12-12,6,438.77,92.23,531.0
5804,RSV00006836,2026-05-30,2026-06-03,4,886.71,245.73,1132.44
5805,RSV00006837,2024-12-31,2025-01-03,3,161.69,212.53,374.22
5806,RSV00006838,2025-09-17,2025-09-24,7,307.87,190.89,498.76
5807,RSV00006839,2025-04-29,2025-05-01,2,1043.37,208.69,1252.06
5808,RSV00006840,2024-10-03,2024-10-10,7,451.99,71.67,523.66
5809,RSV00006842,2026-04-27,2026-04-29,2,341.08,107.16,448.24
5810,RSV00006843,2026-05-29,2026-06-03,5,926.36,80.12,1006.48
5811,RSV00006844,2024-07-25,2024-07-27,2,1458.5,159.18,1617.68
5812,RSV00006845,2026-03-15,2026-03-18,3,1000.62,41.89,1042.51
5813,RSV00006846,2025-01-06,2025-01-11,5,1313.77,33.38,1347.15
5814,RSV00006848,2024-11-07,2024-11-11,4,1414.5,102.38,1516.88
5815,RSV00006849,2024-11-20,2024-11-23,3,569.77,213.94,783.71
5816,RSV00006850,2025-05-14,2025-05-18,4,1158.77,153.51,1312.28
5817,RSV00006851,2026-04-06,2026-04-13,7,342.07,242.39,584.46
5818,RSV00006853,2026-04-27,2026-04-28,1,373.72,17.37,391.09
5819,RSV00006854,2025-09-13,2025-09-18,5,606.26,134.03,740.29
5820,RSV00006855,2024-08-19,2024-08-25,6,1147.56,126.88,1274.44
5821,RSV00006856,2025-10-14,2025-10-16,2,1239.77,79.0,1318.77
5822,RSV00006857,2025-08-25,2025-08-30,5,433.17,213.0,646.17
5823,RSV00006858,2025-12-30,2026-01-03,4,632.23,119.64,751.87
5824,RSV00006859,2024-12-05,2024-12-12,7,92.15,47.38,139.53
5825,RSV00006860,2025-05-18,2025-05-21,3,960.85,52.96,1013.81
5826,RSV00006861,2024-11-05,2024-11-08,3,473.37,166.88,640.25
5827,RSV00006862,2025-06-08,2025-06-10,2,88.77,170.55,259.32
5828,RSV00006863,2025-03-12,2025-03-14,2,1361.66,70.45,1432.11
5829,RSV00006864,2025-12-02,2025-12-08,6,771.57,68.59,840.16
5830,RSV00006866,2026-03-20,2026-03-25,5,1329.47,100.67,1430.14
5831,RSV00006870,2025-10-08,2025-10-14,6,280.99,61.97,342.96
5832,RSV00006871,2025-10-29,2025-11-02,4,711.37,27.43,738.8
5833,RSV00006872,2024-11-03,2024-11-07,4,726.25,133.81,860.06
5834,RSV00006873,2025-07-02,2025-07-05,3,1381.89,114.09,1495.98
5835,RSV00006874,2025-07-23,2025-07-26,3,707.77,187.94,895.71
5836,RSV00006875,2026-03-13,2026-03-15,2,1412.91,213.49,1626.4
5837,RSV00006876,2025-09-10,2025-09-13,3,1017.42,144.75,1162.17
5838,RSV00006877,2024-09-09,2024-09-11,2,126.58,181.18,307.76
5839,RSV00006878,2026-03-22,2026-03-26,4,856.73,120.05,976.78
5840,RSV00006880,2025-06-07,2025-06-10,3,1057.1,249.99,1307.09
5841,RSV00006882,2025-11-07,2025-11-12,5,340.81,40.75,381.56
5842,RSV00006883,2025-01-24,2025-01-25,1,374.81,123.11,497.92
5843,RSV00006884,2026-06-02,2026-06-05,3,1391.13,211.5,1602.63
5844,RSV00006886,2025-12-10,2025-12-13,3,1213.37,193.55,1406.92
5845,RSV00006887,2026-03-22,2026-03-26,4,598.06,35.88,633.94
5846,RSV00006888,2025-03-17,2025-03-19,2,733.65,164.49,898.14
5847,RSV00006890,2024-08-17,2024-08-19,2,577.56,143.76,721.32
5848,RSV00006891,2026-02-07,2026-02-11,4,577.95,181.02,758.97
5849,RSV00006892,2025-11-06,2025-11-11,5,622.96,125.8,748.76
5850,RSV00006894,2026-03-14,2026-03-17,3,688.95,179.12,868.07
5851,RSV00006895,2024-10-31,2024-11-06,6,881.26,79.27,960.53
5852,RSV00006896,2025-03-14,2025-03-18,4,1251.27,190.62,1441.89
5853,RSV00006897,2025-02-11,2025-02-13,2,428.43,20.35,448.78
5854,RSV00006898,2024-09-11,2024-09-17,6,358.01,217.23,575.24
5855,RSV00006900,2026-05-30,2026-06-03,4,172.41,110.44,282.85
5856,RSV00006902,2026-04-24,2026-04-28,4,541.12,118.74,659.86
5857,RSV00006903,2025-09-30,2025-10-06,6,239.26,179.91,419.17
5858,RSV00006904,2025-05-02,2025-05-04,2,87.27,243.4,330.67
5859,RSV00006906,2025-12-02,2025-12-09,7,308.43,237.62,546.05
5860,RSV00006908,2025-09-12,2025-09-19,7,525.35,39.27,564.62
5861,RSV00006909,2026-01-22,2026-01-28,6,1091.98,108.28,1200.26
5862,RSV00006910,2025-05-21,2025-05-26,5,919.14,172.43,1091.57
5863,RSV00006911,2024-09-06,2024-09-12,6,480.62,41.34,521.96
5864,RSV00006912,2026-03-26,2026-04-01,6,769.72,165.44,935.16
5865,RSV00006914,2026-04-27,2026-05-04,7,915.91,138.96,1054.87
5866,RSV00006916,2025-08-30,2025-09-02,3,1034.19,234.5,1268.69
5867,RSV00006917,2025-09-14,2025-09-18,4,97.52,122.17,219.69
5868,RSV00006918,2025-03-08,2025-03-14,6,188.57,240.59,429.16
5869,RSV00006920,2026-01-11,2026-01-16,5,684.22,43.53,727.75
5870,RSV00006921,2025-04-05,2025-04-12,7,1245.96,167.54,1413.5
5871,RSV00006922,2024-12-11,2024-12-18,7,172.34,203.95,376.29
5872,RSV00006923,2024-06-26,2024-07-01,5,288.08,39.39,327.47
5873,RSV00006924,2025-01-31,2025-02-03,3,221.76,207.54,429.3
5874,RSV00006925,2024-08-07,2024-08-08,1,857.12,74.04,931.16
5875,RSV00006926,2026-03-01,2026-03-06,5,224.58,82.78,307.36
5876,RSV00006927,2024-11-15,2024-11-22,7,1222.2,47.88,1270.08
5877,RSV00006928,2026-04-18,2026-04-19,1,621.3,164.34,785.64
5878,RSV00006929,2024-08-06,2024-08-12,6,918.44,228.15,1146.59
5879,RSV00006930,2025-04-11,2025-04-12,1,1182.62,9.48,1192.1
5880,RSV00006931,2026-01-03,2026-01-05,2,1497.26,165.14,1662.4
5881,RSV00006932,2025-05-07,2025-05-08,1,1306.93,30.54,1337.47
5882,RSV00006933,2026-03-10,2026-03-11,1,946.54,150.37,1096.91
5883,RSV00006934,2025-05-07,2025-05-11,4,1126.28,195.61,1321.89
5884,RSV00006936,2025-01-20,2025-01-23,3,1042.96,192.13,1235.09
5885,RSV00006937,2024-10-21,2024-10-27,6,1058.04,122.33,1180.37
5886,RSV00006938,2024-07-04,2024-07-05,1,828.87,152.0,980.87
5887,RSV00006939,2025-10-06,2025-10-11,5,408.94,102.79,511.73
5888,RSV00006942,2025-02-09,2025-02-12,3,240.16,135.45,375.61
5889,RSV00006943,2026-05-22,2026-05-25,3,280.65,69.35,350.0
5890,RSV00006945,2025-06-16,2025-06-20,4,1110.75,68.95,1179.7
5891,RSV00006946,2025-07-21,2025-07-27,6,768.96,14.71,783.67
5892,RSV00006947,2025-04-04,2025-04-05,1,819.33,205.9,1025.23
5893,RSV00006948,2026-06-21,2026-06-26,5,335.21,22.94,358.15
5894,RSV00006949,2025-03-14,2025-03-18,4,983.98,34.85,1018.83
5895,RSV00006950,2026-02-06,2026-02-10,4,1383.31,60.25,1443.56
5896,RSV00006951,2024-10-08,2024-10-15,7,1213.58,90.41,1303.99
5897,RSV00006952,2024-08-11,2024-08-16,5,1443.3,229.45,1672.75
5898,RSV00006953,2025-12-24,2025-12-30,6,1427.29,183.63,1610.92
5899,RSV00006954,2026-01-23,2026-01-29,6,1094.23,33.24,1127.47
5900,RSV00006956,2025-05-02,2025-05-04,2,275.91,18.25,294.16
5901,RSV00006958,2025-12-01,2025-12-08,7,1091.91,129.98,1221.89
5902,RSV00006959,2024-09-05,2024-09-08,3,852.01,71.24,923.25
5903,RSV00006960,2024-07-22,2024-07-26,4,1447.83,106.36,1554.19
5904,RSV00006961,2025-06-27,2025-07-01,4,784.07,225.13,1009.2
5905,RSV00006962,2024-06-20,2024-06-22,2,1122.61,53.39,1176.0
5906,RSV00006963,2025-06-21,2025-06-23,2,142.39,155.74,298.13
5907,RSV00006964,2026-05-25,2026-06-01,7,1176.13,94.79,1270.92
5908,RSV00006965,2024-10-22,2024-10-29,7,1246.89,93.47,1340.36
5909,RSV00006967,2025-01-10,2025-01-11,1,94.0,149.4,243.4
5910,RSV00006968,2026-04-23,2026-04-26,3,530.12,62.21,592.33
5911,RSV00006969,2025-01-14,2025-01-21,7,452.52,219.63,672.15
5912,RSV00006971,2025-12-14,2025-12-19,5,787.62,198.38,986.0
5913,RSV00006972,2025-08-03,2025-08-06,3,740.24,85.32,825.56
5914,RSV00006973,2025-11-22,2025-11-26,4,1129.56,196.68,1326.24
5915,RSV00006974,2025-01-23,2025-01-29,6,580.02,118.98,699.0
5916,RSV00006976,2026-04-05,2026-04-11,6,499.06,91.17,590.23
5917,RSV00006977,2025-10-11,2025-10-17,6,249.95,130.54,380.49
5918,RSV00006978,2024-10-13,2024-10-14,1,565.18,195.63,760.81
5919,RSV00006979,2025-02-01,2025-02-04,3,485.31,77.29,562.6
5920,RSV00006980,2025-11-10,2025-11-14,4,1353.19,89.75,1442.94
5921,RSV00006981,2025-01-22,2025-01-29,7,1447.66,130.94,1578.6
5922,RSV00006983,2024-08-09,2024-08-11,2,284.22,109.96,394.18
5923,RSV00006984,2025-01-16,2025-01-21,5,1173.12,43.74,1216.86
5924,RSV00006986,2026-05-14,2026-05-16,2,156.65,242.7,399.35
5925,RSV00006987,2024-08-21,2024-08-28,7,619.37,19.65,639.02
5926,RSV00006988,2025-09-11,2025-09-12,1,549.47,76.48,625.95
5927,RSV00006990,2024-06-20,2024-06-25,5,919.15,125.72,1044.87
5928,RSV00006991,2025-01-02,2025-01-08,6,1465.86,62.96,1528.82
5929,RSV00006992,2026-02-13,2026-02-19,6,312.97,210.15,523.12
5930,RSV00006993,2025-08-22,2025-08-25,3,482.26,101.41,583.67
5931,RSV00006994,2025-03-11,2025-03-14,3,706.29,76.18,782.47
5932,RSV00006995,2024-11-02,2024-11-09,7,262.78,113.04,375.82
5933,RSV00006996,2026-03-03,2026-03-09,6,382.4,68.0,450.4
5934,RSV00006997,2025-05-30,2025-05-31,1,317.52,47.63,365.15
5935,RSV00006998,2026-02-15,2026-02-17,2,1078.6,95.01,1173.61
5936,RSV00006999,2024-07-04,2024-07-05,1,1381.22,98.39,1479.61
5937,RSV00007000,2024-10-23,2024-10-26,3,918.13,43.68,961.81
5938,RSV00007001,2025-11-15,2025-11-21,6,1208.84,2.74,1211.58
5939,RSV00007002,2024-06-05,2024-06-08,3,1098.04,228.07,1326.11
5940,RSV00007003,2026-04-16,2026-04-21,5,673.73,97.28,771.01
5941,RSV00007004,2026-03-01,2026-03-04,3,810.74,23.58,834.32
5942,RSV00007005,2025-05-11,2025-05-18,7,1498.74,133.07,1631.81
5943,RSV00007006,2025-10-05,2025-10-06,1,313.99,205.26,519.25
5944,RSV00007008,2025-05-13,2025-05-19,6,1488.4,43.93,1532.33
5945,RSV00007009,2025-10-16,2025-10-18,2,1130.41,101.73,1232.14
5946,RSV00007010,2025-01-24,2025-01-27,3,1475.83,140.97,1616.8
5947,RSV00007012,2025-12-18,2025-12-23,5,127.05,156.78,283.83
5948,RSV00007013,2024-09-02,2024-09-03,1,1449.72,226.38,1676.1
5949,RSV00007014,2025-06-10,2025-06-15,5,383.44,240.84,624.28
5950,RSV00007015,2025-12-07,2025-12-13,6,312.83,188.07,500.9
5951,RSV00007016,2025-08-23,2025-08-29,6,609.7,192.43,802.13
5952,RSV00007017,2024-07-24,2024-07-31,7,306.11,111.86,417.97
5953,RSV00007018,2025-12-18,2025-12-24,6,569.56,60.17,629.73
5954,RSV00007019,2025-02-13,2025-02-15,2,164.15,226.43,390.58
5955,RSV00007021,2024-08-14,2024-08-15,1,1216.26,24.73,1240.99
5956,RSV00007022,2026-06-29,2026-06-30,1,427.08,90.05,517.13
5957,RSV00007023,2024-11-06,2024-11-07,1,1370.75,51.83,1422.58
5958,RSV00007024,2025-06-24,2025-06-27,3,102.66,88.37,191.03
5959,RSV00007026,2026-04-19,2026-04-24,5,1048.19,42.02,1090.21
5960,RSV00007027,2025-04-07,2025-04-11,4,388.07,207.41,595.48
5961,RSV00007028,2024-10-02,2024-10-05,3,1014.38,40.62,1055.0
5962,RSV00007029,2026-03-19,2026-03-24,5,880.68,214.6,1095.28
5963,RSV00007031,2025-04-08,2025-04-15,7,553.01,224.97,777.98
5964,RSV00007032,2026-02-13,2026-02-16,3,1275.65,108.13,1383.78
5965,RSV00007033,2025-08-06,2025-08-10,4,671.36,168.77,840.13
5966,RSV00007034,2025-09-25,2025-09-28,3,83.15,124.87,208.02
5967,RSV00007035,2025-11-14,2025-11-20,6,221.0,190.79,411.79
5968,RSV00007036,2026-04-18,2026-04-24,6,1111.93,207.4,1319.33
5969,RSV00007037,2024-07-28,2024-08-04,7,196.28,237.16,433.44
5970,RSV00007038,2026-01-14,2026-01-21,7,1463.93,203.34,1667.27
5971,RSV00007040,2025-12-24,2025-12-25,1,465.09,159.02,624.11
5972,RSV00007042,2025-01-28,2025-02-03,6,670.34,135.24,805.58
5973,RSV00007043,2025-08-02,2025-08-06,4,169.91,213.58,383.49
5974,RSV00007044,2025-05-28,2025-05-30,2,1295.39,24.24,1319.63
5975,RSV00007045,2025-08-01,2025-08-06,5,264.54,94.54,359.08
5976,RSV00007046,2025-11-27,2025-12-03,6,1168.77,185.84,1354.61
5977,RSV00007047,2025-05-20,2025-05-25,5,1021.35,50.09,1071.44
5978,RSV00007048,2025-10-08,2025-10-15,7,822.93,174.49,997.42
5979,RSV00007049,2024-10-26,2024-10-29,3,1467.86,140.85,1608.71
5980,RSV00007050,2025-05-28,2025-05-31,3,966.15,15.0,981.15
5981,RSV00007051,2025-05-24,2025-05-28,4,702.08,237.38,939.46
5982,RSV00007052,2026-03-10,2026-03-14,4,838.87,116.55,955.42
5983,RSV00007053,2024-11-07,2024-11-13,6,752.37,69.24,821.61
5984,RSV00007054,2025-05-01,2025-05-07,6,289.47,153.08,442.55
5985,RSV00007055,2025-04-27,2025-04-30,3,1238.29,20.3,1258.59
5986,RSV00007056,2025-12-25,2025-12-30,5,824.38,236.1,1060.48
5987,RSV00007057,2026-03-06,2026-03-09,3,732.36,243.77,976.13
5988,RSV00007058,2024-07-12,2024-07-19,7,1130.06,158.88,1288.94
5989,RSV00007059,2025-01-16,2025-01-17,1,97.1,61.5,158.6
5990,RSV00007060,2026-05-13,2026-05-18,5,153.9,171.2,325.1
5991,RSV00007061,2024-09-05,2024-09-11,6,600.34,96.81,697.15
5992,RSV00007062,2025-11-17,2025-11-19,2,637.21,234.08,871.29
5993,RSV00007063,2025-12-16,2025-12-17,1,1169.71,125.16,1294.87
5994,RSV00007064,2025-10-24,2025-10-29,5,1330.55,111.54,1442.09
5995,RSV00007065,2026-05-10,2026-05-14,4,1136.48,39.73,1176.21
5996,RSV00007066,2024-07-31,2024-08-03,3,1387.7,244.44,1632.14
5997,RSV00007069,2026-01-01,2026-01-04,3,866.42,227.9,1094.32
5998,RSV00007071,2025-09-29,2025-10-02,3,1064.62,165.72,1230.34
5999,RSV00007072,2026-05-18,2026-05-23,5,1072.45,51.16,1123.61
6000,RSV00007074,2025-08-15,2025-08-21,6,788.24,230.31,1018.55
6001,RSV00007075,2025-05-23,2025-05-30,7,1090.65,190.64,1281.29
6002,RSV00007076,2024-09-01,2024-09-02,1,811.03,214.91,1025.94
6003,RSV00007077,2025-12-29,2026-01-03,5,590.02,221.91,811.93
6004,RSV00007079,2024-12-25,2024-12-29,4,577.27,77.62,654.89
6005,RSV00007081,2025-05-03,2025-05-05,2,1143.85,62.75,1206.6
6006,RSV00007082,2026-06-19,2026-06-21,2,170.01,224.28,394.29
6007,RSV00007083,2025-07-16,2025-07-20,4,159.74,160.25,319.99
6008,RSV00007084,2025-06-12,2025-06-13,1,982.45,158.64,1141.09
6009,RSV00007085,2026-02-19,2026-02-22,3,1375.31,131.78,1507.09
6010,RSV00007086,2025-11-27,2025-11-30,3,109.96,239.63,349.59
6011,RSV00007087,2026-03-12,2026-03-19,7,1025.15,152.7,1177.85
6012,RSV00007088,2025-01-15,2025-01-16,1,1090.69,27.56,1118.25
6013,RSV00007089,2025-05-31,2025-06-02,2,500.68,241.96,742.64
6014,RSV00007090,2025-11-20,2025-11-26,6,1382.69,187.5,1570.19
6015,RSV00007093,2024-07-26,2024-07-29,3,1493.38,29.65,1523.03
6016,RSV00007094,2025-09-03,2025-09-09,6,1282.78,157.84,1440.62
6017,RSV00007095,2024-11-30,2024-12-03,3,1076.54,180.27,1256.81
6018,RSV00007096,2025-10-16,2025-10-17,1,296.11,66.88,362.99
6019,RSV00007097,2024-09-20,2024-09-25,5,824.8,152.83,977.63
6020,RSV00007098,2025-11-02,2025-11-06,4,353.81,65.74,419.55
6021,RSV00007099,2026-04-24,2026-04-25,1,714.59,204.47,919.06
6022,RSV00007100,2025-07-27,2025-08-03,7,836.91,121.93,958.84
6023,RSV00007101,2025-12-26,2025-12-29,3,1280.33,37.36,1317.69
6024,RSV00007102,2024-10-06,2024-10-08,2,493.87,57.93,551.8
6025,RSV00007103,2026-04-27,2026-04-28,1,534.79,243.82,778.61
6026,RSV00007104,2025-04-12,2025-04-15,3,684.56,147.79,832.35
6027,RSV00007105,2025-03-22,2025-03-27,5,340.8,59.63,400.43
6028,RSV00007106,2025-11-27,2025-11-29,2,932.62,187.09,1119.71
6029,RSV00007107,2026-01-06,2026-01-11,5,995.14,28.21,1023.35
6030,RSV00007108,2024-07-26,2024-08-02,7,526.54,104.17,630.71
6031,RSV00007109,2025-02-23,2025-02-27,4,716.02,37.64,753.66
6032,RSV00007110,2024-09-24,2024-09-28,4,718.98,39.22,758.2
6033,RSV00007112,2025-06-22,2025-06-24,2,1388.77,191.19,1579.96
6034,RSV00007113,2026-01-31,2026-02-07,7,1158.77,213.79,1372.56
6035,RSV00007114,2024-07-12,2024-07-19,7,1145.41,56.14,1201.55
6036,RSV00007115,2024-06-28,2024-07-02,4,1453.85,207.52,1661.37
6037,RSV00007117,2025-08-04,2025-08-08,4,661.2,27.09,688.29
6038,RSV00007120,2025-07-26,2025-07-29,3,1323.99,220.26,1544.25
6039,RSV00007121,2025-07-14,2025-07-17,3,1449.1,110.17,1559.27
6040,RSV00007122,2024-08-09,2024-08-13,4,765.02,12.06,777.08
6041,RSV00007125,2025-09-20,2025-09-21,1,741.09,42.08,783.17
6042,RSV00007126,2025-08-06,2025-08-09,3,978.93,55.41,1034.34
6043,RSV00007127,2026-06-01,2026-06-08,7,176.16,93.33,269.49
6044,RSV00007130,2025-07-15,2025-07-17,2,1490.32,191.86,1682.18
6045,RSV00007131,2025-09-16,2025-09-22,6,1260.37,31.55,1291.92
6046,RSV00007132,2025-01-29,2025-01-30,1,541.32,206.02,747.34
6047,RSV00007133,2024-08-13,2024-08-19,6,1412.71,203.6,1616.31
6048,RSV00007134,2024-10-15,2024-10-22,7,1219.58,28.71,1248.29
6049,RSV00007135,2024-09-03,2024-09-05,2,353.84,216.85,570.69
6050,RSV00007136,2026-05-27,2026-05-31,4,174.34,162.61,336.95
6051,RSV00007137,2024-11-25,2024-11-26,1,684.6,36.79,721.39
6052,RSV00007138,2025-07-24,2025-07-28,4,486.16,160.39,646.55
6053,RSV00007139,2025-12-24,2025-12-28,4,1427.26,40.17,1467.43
6054,RSV00007140,2026-05-05,2026-05-09,4,1361.26,49.91,1411.17
6055,RSV00007142,2025-09-30,2025-10-06,6,497.86,165.79,663.65
6056,RSV00007143,2024-09-07,2024-09-10,3,422.82,22.53,445.35
6057,RSV00007144,2025-08-19,2025-08-25,6,1182.5,108.72,1291.22
6058,RSV00007145,2026-03-14,2026-03-18,4,888.78,29.12,917.9
6059,RSV00007146,2026-01-14,2026-01-20,6,888.49,234.13,1122.62
6060,RSV00007147,2024-09-26,2024-09-27,1,986.72,54.16,1040.88
6061,RSV00007148,2026-03-29,2026-04-05,7,1297.42,76.04,1373.46
6062,RSV00007149,2025-03-15,2025-03-16,1,599.79,138.32,738.11
6063,RSV00007150,2025-03-06,2025-03-09,3,87.04,175.98,263.02
6064,RSV00007151,2026-07-08,2026-07-10,2,945.94,100.07,1046.01
6065,RSV00007152,2025-06-09,2025-06-13,4,990.5,129.28,1119.78
6066,RSV00007153,2025-07-15,2025-07-19,4,1237.72,180.25,1417.97
6067,RSV00007154,2025-09-27,2025-10-04,7,611.92,46.82,658.74
6068,RSV00007155,2025-09-13,2025-09-20,7,1395.43,101.49,1496.92
6069,RSV00007156,2025-07-28,2025-07-31,3,768.02,202.27,970.29
6070,RSV00007157,2026-03-11,2026-03-14,3,661.08,130.78,791.86
6071,RSV00007159,2025-02-01,2025-02-04,3,1434.8,39.07,1473.87
6072,RSV00007160,2026-05-12,2026-05-14,2,235.92,192.03,427.95
6073,RSV00007161,2025-08-04,2025-08-10,6,267.04,181.04,448.08
6074,RSV00007162,2026-04-05,2026-04-07,2,748.47,83.22,831.69
6075,RSV00007163,2025-12-25,2025-12-31,6,530.09,74.32,604.41
6076,RSV00007164,2024-08-25,2024-08-29,4,644.65,206.09,850.74
6077,RSV00007165,2025-08-23,2025-08-30,7,228.74,214.66,443.4
6078,RSV00007166,2025-10-22,2025-10-24,2,776.48,109.88,886.36
6079,RSV00007167,2026-01-28,2026-01-29,1,118.16,138.25,256.41
6080,RSV00007168,2024-11-20,2024-11-25,5,688.35,186.66,875.01
6081,RSV00007169,2025-10-04,2025-10-08,4,89.23,20.88,110.11
6082,RSV00007170,2024-07-13,2024-07-18,5,603.21,81.07,684.28
6083,RSV00007171,2024-07-10,2024-07-12,2,402.99,52.74,455.73
6084,RSV00007172,2024-12-01,2024-12-06,5,1245.75,0.11,1245.86
6085,RSV00007173,2024-08-05,2024-08-08,3,1160.02,53.26,1213.28
6086,RSV00007174,2024-10-18,2024-10-24,6,760.94,105.25,866.19
6087,RSV00007175,2025-12-24,2025-12-27,3,1188.48,99.71,1288.19
6088,RSV00007176,2026-04-08,2026-04-12,4,1092.91,21.65,1114.56
6089,RSV00007177,2026-01-16,2026-01-23,7,581.39,185.78,767.17
6090,RSV00007178,2025-12-13,2025-12-15,2,921.03,115.87,1036.9
6091,RSV00007179,2026-01-30,2026-02-05,6,934.21,6.25,940.46
6092,RSV00007180,2025-05-30,2025-06-03,4,179.87,189.53,369.4
6093,RSV00007181,2025-04-27,2025-04-30,3,471.38,91.73,563.11
6094,RSV00007182,2025-09-26,2025-09-28,2,736.06,117.56,853.62
6095,RSV00007183,2024-12-14,2024-12-17,3,312.13,9.81,321.94
6096,RSV00007185,2025-08-21,2025-08-24,3,745.66,121.76,867.42
6097,RSV00007186,2024-09-11,2024-09-15,4,990.92,76.92,1067.84
6098,RSV00007187,2026-03-17,2026-03-20,3,328.77,217.71,546.48
6099,RSV00007188,2025-09-12,2025-09-13,1,670.01,38.32,708.33
6100,RSV00007189,2026-01-31,2026-02-07,7,386.41,243.64,630.05
6101,RSV00007190,2025-09-11,2025-09-17,6,372.33,249.02,621.35
6102,RSV00007191,2025-01-12,2025-01-17,5,276.63,89.51,366.14
6103,RSV00007193,2025-02-03,2025-02-09,6,236.79,211.01,447.8
6104,RSV00007194,2025-01-17,2025-01-18,1,338.84,207.45,546.29
6105,RSV00007195,2025-11-28,2025-12-03,5,1101.03,202.5,1303.53
6106,RSV00007197,2025-05-28,2025-05-31,3,1272.43,75.42,1347.85
6107,RSV00007198,2024-11-09,2024-11-10,1,1412.21,49.65,1461.86
6108,RSV00007199,2024-08-13,2024-08-14,1,653.9,120.62,774.52
6109,RSV00007201,2024-06-15,2024-06-22,7,1044.92,89.59,1134.51
6110,RSV00007202,2024-11-09,2024-11-13,4,1055.87,249.73,1305.6
6111,RSV00007203,2025-10-25,2025-10-29,4,122.62,228.11,350.73
6112,RSV00007204,2026-01-23,2026-01-30,7,719.22,35.41,754.63
6113,RSV00007205,2024-07-17,2024-07-24,7,719.45,180.79,900.24
6114,RSV00007206,2025-07-10,2025-07-11,1,227.55,209.95,437.5
6115,RSV00007207,2025-02-03,2025-02-06,3,1491.96,63.61,1555.57
6116,RSV00007208,2024-07-02,2024-07-08,6,1325.87,60.54,1386.41
6117,RSV00007209,2026-05-20,2026-05-24,4,720.63,15.78,736.41
6118,RSV00007210,2025-12-06,2025-12-07,1,1062.78,228.48,1291.26
6119,RSV00007211,2026-03-03,2026-03-09,6,156.71,134.05,290.76
6120,RSV00007212,2025-05-24,2025-05-25,1,370.61,135.11,505.72
6121,RSV00007214,2025-12-10,2025-12-13,3,1272.01,126.1,1398.11
6122,RSV00007215,2024-07-23,2024-07-29,6,995.12,34.56,1029.68
6123,RSV00007216,2024-11-29,2024-12-01,2,448.4,6.66,455.06
6124,RSV00007217,2026-02-07,2026-02-13,6,884.26,174.28,1058.54
6125,RSV00007218,2026-05-30,2026-05-31,1,787.42,104.57,891.99
6126,RSV00007219,2024-06-26,2024-07-03,7,384.28,170.14,554.42
6127,RSV00007220,2025-07-26,2025-07-31,5,1320.18,32.64,1352.82
6128,RSV00007222,2025-09-16,2025-09-17,1,96.29,205.1,301.39
6129,RSV00007223,2024-06-30,2024-07-04,4,783.41,95.04,878.45
6130,RSV00007224,2024-07-30,2024-08-05,6,265.81,146.28,412.09
6131,RSV00007225,2024-10-07,2024-10-09,2,418.35,231.82,650.17
6132,RSV00007226,2026-03-09,2026-03-13,4,818.96,13.16,832.12
6133,RSV00007228,2025-05-28,2025-06-04,7,884.61,113.16,997.77
6134,RSV00007229,2026-06-11,2026-06-16,5,516.44,189.93,706.37
6135,RSV00007230,2025-03-31,2025-04-03,3,468.3,22.48,490.78
6136,RSV00007232,2025-09-25,2025-09-28,3,91.51,25.29,116.8
6137,RSV00007233,2024-09-07,2024-09-12,5,830.61,195.25,1025.86
6138,RSV00007234,2025-03-17,2025-03-18,1,229.14,160.38,389.52
6139,RSV00007235,2025-12-03,2025-12-05,2,442.67,121.01,563.68
6140,RSV00007236,2025-02-14,2025-02-16,2,1243.35,41.1,1284.45
6141,RSV00007237,2026-04-02,2026-04-04,2,1067.83,161.93,1229.76
6142,RSV00007239,2025-01-11,2025-01-13,2,162.85,22.14,184.99
6143,RSV00007240,2025-08-22,2025-08-24,2,321.15,178.59,499.74
6144,RSV00007241,2024-09-20,2024-09-22,2,379.93,14.67,394.6
6145,RSV00007242,2024-06-30,2024-07-04,4,797.96,71.87,869.83
6146,RSV00007243,2025-03-21,2025-03-24,3,583.1,180.92,764.02
6147,RSV00007244,2024-10-12,2024-10-15,3,1084.86,177.16,1262.02
6148,RSV00007245,2024-10-12,2024-10-18,6,1215.29,110.86,1326.15
6149,RSV00007246,2024-12-15,2024-12-18,3,790.08,132.61,922.69
6150,RSV00007247,2025-02-14,2025-02-17,3,1458.03,237.75,1695.78
6151,RSV00007248,2026-05-04,2026-05-06,2,1074.7,152.86,1227.56
6152,RSV00007249,2024-08-27,2024-09-01,5,739.32,35.33,774.65
6153,RSV00007250,2024-11-30,2024-12-03,3,552.9,129.97,682.87
6154,RSV00007251,2026-03-21,2026-03-22,1,1243.81,231.74,1475.55
6155,RSV00007252,2025-08-04,2025-08-08,4,693.52,50.92,744.44
6156,RSV00007253,2024-09-19,2024-09-25,6,412.65,207.28,619.93
6157,RSV00007254,2026-05-23,2026-05-27,4,86.6,177.0,263.6
6158,RSV00007255,2024-10-18,2024-10-24,6,914.95,128.22,1043.17
6159,RSV00007257,2025-04-27,2025-04-30,3,709.19,20.4,729.59
6160,RSV00007258,2025-10-20,2025-10-21,1,844.73,78.57,923.3
6161,RSV00007259,2024-09-01,2024-09-05,4,655.23,150.32,805.55
6162,RSV00007260,2025-11-09,2025-11-14,5,1488.78,7.96,1496.74
6163,RSV00007261,2025-09-29,2025-10-01,2,655.45,207.69,863.14
6164,RSV00007262,2026-02-25,2026-02-28,3,702.23,95.57,797.8
6165,RSV00007264,2026-02-15,2026-02-20,5,179.38,19.96,199.34
6166,RSV00007265,2026-02-23,2026-02-26,3,1390.53,191.67,1582.2
6167,RSV00007267,2026-01-07,2026-01-10,3,1040.07,74.02,1114.09
6168,RSV00007268,2025-02-13,2025-02-20,7,1460.4,172.17,1632.57
6169,RSV00007269,2025-08-31,2025-09-02,2,1355.09,110.2,1465.29
6170,RSV00007270,2025-01-30,2025-02-03,4,760.83,109.3,870.13
6171,RSV00007271,2025-03-30,2025-04-01,2,1417.89,40.88,1458.77
6172,RSV00007273,2024-10-24,2024-10-30,6,157.28,99.47,256.75
6173,RSV00007274,2024-07-09,2024-07-12,3,963.13,39.04,1002.17
6174,RSV00007276,2025-06-09,2025-06-11,2,1416.95,73.55,1490.5
6175,RSV00007277,2025-03-17,2025-03-24,7,745.63,26.77,772.4
6176,RSV00007278,2026-04-30,2026-05-01,1,112.73,99.76,212.49
6177,RSV00007279,2025-03-14,2025-03-18,4,1361.02,24.54,1385.56
6178,RSV00007280,2024-09-08,2024-09-09,1,395.24,124.59,519.83
6179,RSV00007281,2024-10-05,2024-10-12,7,971.38,49.51,1020.89
6180,RSV00007282,2024-07-27,2024-07-28,1,1301.93,63.98,1365.91
6181,RSV00007283,2024-08-06,2024-08-11,5,1225.53,239.62,1465.15
6182,RSV00007285,2024-12-24,2024-12-31,7,650.58,176.58,827.16
6183,RSV00007286,2025-12-11,2025-12-16,5,583.5,2.08,585.58
6184,RSV00007287,2025-03-04,2025-03-08,4,1104.14,207.74,1311.88
6185,RSV00007288,2025-04-15,2025-04-21,6,854.07,135.12,989.19
6186,RSV00007289,2024-10-17,2024-10-19,2,460.99,187.15,648.14
6187,RSV00007290,2025-09-03,2025-09-07,4,115.25,14.04,129.29
6188,RSV00007291,2026-02-28,2026-03-06,6,1263.77,213.43,1477.2
6189,RSV00007292,2025-04-27,2025-04-29,2,502.32,133.76,636.08
6190,RSV00007293,2026-01-04,2026-01-10,6,1192.41,2.82,1195.23
6191,RSV00007294,2025-04-26,2025-05-03,7,95.19,73.1,168.29
6192,RSV00007295,2026-03-20,2026-03-22,2,1307.29,146.14,1453.43
6193,RSV00007296,2024-12-26,2025-01-02,7,1352.45,65.74,1418.19
6194,RSV00007297,2025-09-22,2025-09-23,1,1305.93,187.98,1493.91
6195,RSV00007298,2026-05-08,2026-05-11,3,1152.07,186.21,1338.28
6196,RSV00007299,2024-11-18,2024-11-24,6,664.86,209.92,874.78
6197,RSV00007300,2026-03-04,2026-03-07,3,974.85,130.39,1105.24
6198,RSV00007301,2025-03-07,2025-03-14,7,384.17,8.37,392.54
6199,RSV00007302,2026-05-24,2026-05-29,5,448.05,147.32,595.37
6200,RSV00007303,2026-01-09,2026-01-10,1,1216.54,114.8,1331.34
6201,RSV00007304,2025-04-28,2025-05-05,7,565.29,107.65,672.94
6202,RSV00007305,2026-02-25,2026-02-28,3,424.34,14.87,439.21
6203,RSV00007306,2026-07-11,2026-07-13,2,623.88,154.19,778.07
6204,RSV00007307,2024-11-27,2024-11-30,3,696.33,237.04,933.37
6205,RSV00007311,2024-11-20,2024-11-25,5,153.37,184.95,338.32
6206,RSV00007312,2025-02-15,2025-02-20,5,1372.25,121.0,1493.25
6207,RSV00007313,2025-10-13,2025-10-16,3,1188.08,93.59,1281.67
6208,RSV00007314,2026-02-10,2026-02-11,1,473.72,211.58,685.3
6209,RSV00007315,2024-11-21,2024-11-28,7,1408.22,111.82,1520.04
6210,RSV00007316,2025-10-19,2025-10-22,3,875.21,135.96,1011.17
6211,RSV00007318,2025-03-15,2025-03-20,5,988.63,66.0,1054.63
6212,RSV00007319,2024-10-21,2024-10-27,6,931.58,159.74,1091.32
6213,RSV00007321,2025-01-06,2025-01-10,4,715.61,142.04,857.65
6214,RSV00007322,2025-10-26,2025-10-30,4,1084.68,84.05,1168.73
6215,RSV00007323,2026-01-01,2026-01-04,3,1179.47,149.39,1328.86
6216,RSV00007324,2024-11-29,2024-12-06,7,935.26,147.86,1083.12
6217,RSV00007325,2025-01-14,2025-01-19,5,387.53,242.84,630.37
6218,RSV00007326,2025-11-11,2025-11-12,1,1099.57,107.98,1207.55
6219,RSV00007327,2024-08-29,2024-08-30,1,1387.15,129.24,1516.39
6220,RSV00007329,2024-11-29,2024-12-04,5,596.52,239.17,835.69
6221,RSV00007330,2026-04-24,2026-04-27,3,128.08,38.29,166.37
6222,RSV00007331,2025-07-24,2025-07-27,3,1223.77,237.48,1461.25
6223,RSV00007332,2026-03-14,2026-03-18,4,1083.15,228.34,1311.49
6224,RSV00007333,2024-07-31,2024-08-07,7,1041.6,173.58,1215.18
6225,RSV00007334,2026-06-02,2026-06-03,1,839.72,228.85,1068.57
6226,RSV00007335,2026-04-20,2026-04-21,1,783.61,107.89,891.5
6227,RSV00007336,2026-03-31,2026-04-06,6,1368.8,30.1,1398.9
6228,RSV00007337,2024-11-18,2024-11-25,7,110.32,188.35,298.67
6229,RSV00007338,2025-03-20,2025-03-27,7,769.76,186.93,956.69
6230,RSV00007340,2025-12-22,2025-12-29,7,1158.99,187.98,1346.97
6231,RSV00007341,2024-12-30,2025-01-01,2,980.16,13.83,993.99
6232,RSV00007342,2026-05-02,2026-05-03,1,801.22,9.2,810.42
6233,RSV00007343,2024-10-31,2024-11-01,1,87.52,218.55,306.07
6234,RSV00007344,2025-11-28,2025-12-03,5,1396.14,115.76,1511.9
6235,RSV00007345,2025-01-18,2025-01-25,7,1174.91,126.1,1301.01
6236,RSV00007346,2024-09-16,2024-09-20,4,244.64,23.16,267.8
6237,RSV00007347,2026-02-07,2026-02-14,7,745.28,58.04,803.32
6238,RSV00007348,2025-01-02,2025-01-06,4,388.43,232.94,621.37
6239,RSV00007349,2024-11-21,2024-11-25,4,158.98,87.73,246.71
6240,RSV00007350,2025-12-17,2025-12-21,4,482.8,94.33,577.13
6241,RSV00007351,2025-07-06,2025-07-11,5,1010.76,15.37,1026.13
6242,RSV00007352,2024-11-18,2024-11-22,4,931.61,91.38,1022.99
6243,RSV00007353,2025-08-18,2025-08-19,1,929.56,46.21,975.77
6244,RSV00007354,2025-05-12,2025-05-17,5,558.27,54.15,612.42
6245,RSV00007355,2026-01-03,2026-01-06,3,84.75,237.06,321.81
6246,RSV00007356,2024-08-06,2024-08-11,5,398.57,223.01,621.58
6247,RSV00007358,2025-05-01,2025-05-06,5,543.05,130.42,673.47
6248,RSV00007359,2024-07-23,2024-07-26,3,904.43,99.16,1003.59
6249,RSV00007360,2025-05-13,2025-05-17,4,273.88,121.88,395.76
6250,RSV00007361,2026-04-04,2026-04-11,7,1376.8,125.88,1502.68
6251,RSV00007362,2024-10-16,2024-10-23,7,865.73,114.31,980.04
6252,RSV00007363,2024-06-07,2024-06-08,1,140.9,225.77,366.67
6253,RSV00007364,2024-10-03,2024-10-07,4,946.04,21.41,967.45
6254,RSV00007365,2025-09-11,2025-09-15,4,386.02,127.85,513.87
6255,RSV00007366,2026-02-08,2026-02-13,5,1364.72,245.21,1609.93
6256,RSV00007367,2025-12-23,2025-12-26,3,1292.96,13.92,1306.88
6257,RSV00007368,2025-09-30,2025-10-03,3,150.56,51.29,201.85
6258,RSV00007369,2024-06-30,2024-07-03,3,85.91,85.02,170.93
6259,RSV00007370,2025-06-06,2025-06-08,2,320.16,198.41,518.57
6260,RSV00007371,2024-06-19,2024-06-24,5,1330.99,232.96,1563.95
6261,RSV00007372,2025-05-25,2025-05-26,1,399.89,15.26,415.15
6262,RSV00007373,2025-11-14,2025-11-21,7,1024.85,201.36,1226.21
6263,RSV00007374,2025-05-20,2025-05-27,7,473.32,162.77,636.09
6264,RSV00007375,2025-10-22,2025-10-23,1,347.73,38.65,386.38
6265,RSV00007376,2025-05-24,2025-05-31,7,112.13,163.57,275.7
6266,RSV00007377,2025-10-30,2025-11-03,4,243.82,149.49,393.31
6267,RSV00007378,2025-01-29,2025-02-05,7,876.0,196.04,1072.04
6268,RSV00007379,2026-02-02,2026-02-03,1,795.95,202.65,998.6
6269,RSV00007380,2024-07-04,2024-07-10,6,388.44,74.46,462.9
6270,RSV00007381,2024-07-09,2024-07-13,4,578.12,237.08,815.2
6271,RSV00007382,2025-12-12,2025-12-17,5,136.29,236.68,372.97
6272,RSV00007384,2025-12-17,2025-12-23,6,1485.18,12.98,1498.16
6273,RSV00007385,2024-10-29,2024-11-04,6,1067.26,111.13,1178.39
6274,RSV00007386,2024-12-24,2024-12-27,3,816.01,58.53,874.54
6275,RSV00007387,2026-06-15,2026-06-16,1,416.86,218.72,635.58
6276,RSV00007388,2025-06-03,2025-06-08,5,524.54,202.1,726.64
6277,RSV00007389,2025-05-08,2025-05-09,1,1211.15,82.18,1293.33
6278,RSV00007390,2024-12-10,2024-12-11,1,1129.55,120.72,1250.27
6279,RSV00007391,2025-07-20,2025-07-24,4,972.08,102.52,1074.6
6280,RSV00007392,2026-01-15,2026-01-16,1,763.57,0.28,763.85
6281,RSV00007393,2025-06-06,2025-06-12,6,334.93,95.2,430.13
6282,RSV00007394,2024-12-29,2024-12-30,1,473.88,152.28,626.16
6283,RSV00007395,2026-05-12,2026-05-15,3,89.98,248.21,338.19
6284,RSV00007396,2026-03-10,2026-03-14,4,1182.41,45.56,1227.97
6285,RSV00007397,2025-04-01,2025-04-08,7,463.5,35.26,498.76
6286,RSV00007399,2026-04-04,2026-04-06,2,909.81,195.56,1105.37
6287,RSV00007400,2024-10-27,2024-10-28,1,111.42,30.75,142.17
6288,RSV00007401,2025-11-07,2025-11-12,5,713.39,122.55,835.94
6289,RSV00007402,2025-09-12,2025-09-17,5,540.02,17.46,557.48
6290,RSV00007403,2026-04-01,2026-04-08,7,393.41,229.36,622.77
6291,RSV00007404,2026-01-01,2026-01-04,3,183.14,85.13,268.27
6292,RSV00007407,2025-10-25,2025-10-29,4,871.61,60.89,932.5
6293,RSV00007408,2025-02-20,2025-02-21,1,673.31,191.65,864.96
6294,RSV00007409,2026-02-24,2026-03-03,7,748.04,90.08,838.12
6295,RSV00007410,2026-07-01,2026-07-03,2,940.02,154.63,1094.65
6296,RSV00007411,2026-03-01,2026-03-06,5,236.02,140.98,377.0
6297,RSV00007413,2024-09-02,2024-09-05,3,860.61,77.28,937.89
6298,RSV00007414,2025-03-27,2025-04-03,7,1153.32,200.63,1353.95
6299,RSV00007415,2025-01-27,2025-02-03,7,387.53,54.7,442.23
6300,RSV00007416,2026-03-24,2026-03-29,5,293.61,80.52,374.13
6301,RSV00007417,2025-08-17,2025-08-23,6,310.83,238.09,548.92
6302,RSV00007418,2024-12-13,2024-12-17,4,1260.9,239.33,1500.23
6303,RSV00007419,2024-12-31,2025-01-04,4,410.79,189.36,600.15
6304,RSV00007420,2024-11-17,2024-11-18,1,320.02,132.15,452.17
6305,RSV00007421,2025-04-18,2025-04-19,1,1438.6,193.29,1631.89
6306,RSV00007423,2025-10-30,2025-11-02,3,988.21,89.03,1077.24
6307,RSV00007424,2025-01-20,2025-01-27,7,798.54,238.58,1037.12
6308,RSV00007425,2025-09-06,2025-09-11,5,1256.89,217.96,1474.85
6309,RSV00007426,2024-10-11,2024-10-15,4,685.74,214.13,899.87
6310,RSV00007427,2024-12-02,2024-12-09,7,219.22,224.5,443.72
6311,RSV00007429,2026-07-02,2026-07-05,3,115.99,38.21,154.2
6312,RSV00007430,2024-07-15,2024-07-16,1,1140.31,61.96,1202.27
6313,RSV00007431,2026-05-31,2026-06-04,4,686.11,127.63,813.74
6314,RSV00007432,2025-03-03,2025-03-06,3,1444.63,228.94,1673.57
6315,RSV00007433,2025-03-10,2025-03-11,1,1413.12,37.76,1450.88
6316,RSV00007434,2025-11-11,2025-11-15,4,1061.42,106.45,1167.87
6317,RSV00007436,2024-10-09,2024-10-16,7,820.33,147.74,968.07
6318,RSV00007437,2025-07-05,2025-07-11,6,627.87,128.23,756.1
6319,RSV00007438,2025-09-03,2025-09-07,4,409.73,7.03,416.76
6320,RSV00007439,2026-01-11,2026-01-16,5,664.97,113.34,778.31
6321,RSV00007440,2024-11-09,2024-11-12,3,1177.08,200.58,1377.66
6322,RSV00007441,2025-12-07,2025-12-12,5,427.78,31.47,459.25
6323,RSV00007442,2025-12-06,2025-12-08,2,553.67,85.4,639.07
6324,RSV00007444,2025-03-27,2025-03-28,1,419.61,47.18,466.79
6325,RSV00007445,2026-03-08,2026-03-11,3,435.81,26.8,462.61
6326,RSV00007446,2025-11-16,2025-11-22,6,1106.38,27.07,1133.45
6327,RSV00007448,2026-06-13,2026-06-14,1,1125.05,88.58,1213.63
6328,RSV00007449,2026-05-12,2026-05-16,4,684.77,107.38,792.15
6329,RSV00007450,2026-04-19,2026-04-23,4,250.13,198.91,449.04
6330,RSV00007451,2024-12-29,2025-01-04,6,350.0,206.03,556.03
6331,RSV00007452,2026-02-07,2026-02-14,7,468.89,189.9,658.79
6332,RSV00007453,2025-03-19,2025-03-22,3,518.16,115.27,633.43
6333,RSV00007454,2025-11-15,2025-11-21,6,944.91,169.06,1113.97
6334,RSV00007455,2025-10-17,2025-10-24,7,1072.64,54.17,1126.81
6335,RSV00007456,2026-04-15,2026-04-19,4,429.88,67.26,497.14
6336,RSV00007457,2026-04-25,2026-05-02,7,1463.41,99.33,1562.74
6337,RSV00007458,2025-12-08,2025-12-12,4,984.01,247.86,1231.87
6338,RSV00007459,2024-09-07,2024-09-08,1,953.09,36.59,989.68
6339,RSV00007462,2025-08-22,2025-08-23,1,1288.03,150.49,1438.52
6340,RSV00007464,2024-10-13,2024-10-14,1,166.7,241.31,408.01
6341,RSV00007466,2025-05-30,2025-06-04,5,808.1,89.61,897.71
6342,RSV00007467,2025-11-01,2025-11-04,3,409.24,210.53,619.77
6343,RSV00007468,2026-02-01,2026-02-02,1,1179.71,194.93,1374.64
6344,RSV00007469,2025-05-23,2025-05-24,1,255.24,78.02,333.26
6345,RSV00007470,2024-10-22,2024-10-23,1,1213.9,193.39,1407.29
6346,RSV00007471,2024-05-26,2024-05-31,5,992.84,59.82,1052.66
6347,RSV00007472,2025-07-27,2025-08-01,5,429.15,154.75,583.9
6348,RSV00007473,2025-07-03,2025-07-09,6,952.69,186.55,1139.24
6349,RSV00007474,2024-08-10,2024-08-11,1,435.4,109.5,544.9
6350,RSV00007477,2024-10-30,2024-11-06,7,427.29,224.01,651.3
6351,RSV00007478,2025-10-22,2025-10-27,5,807.57,142.49,950.06
6352,RSV00007479,2024-12-26,2024-12-28,2,956.03,48.55,1004.58
6353,RSV00007480,2024-07-24,2024-07-26,2,653.22,189.65,842.87
6354,RSV00007481,2025-02-12,2025-02-17,5,1036.06,89.1,1125.16
6355,RSV00007482,2024-12-02,2024-12-06,4,515.23,28.27,543.5
6356,RSV00007484,2026-01-16,2026-01-22,6,1378.63,210.06,1588.69
6357,RSV00007486,2024-09-26,2024-10-03,7,1307.97,189.03,1497.0
6358,RSV00007490,2024-11-13,2024-11-20,7,1178.7,6.13,1184.83
6359,RSV00007491,2026-04-23,2026-04-25,2,1247.85,202.76,1450.61
6360,RSV00007492,2025-11-04,2025-11-11,7,473.76,220.0,693.76
6361,RSV00007494,2026-01-20,2026-01-24,4,479.0,123.75,602.75
6362,RSV00007495,2025-07-22,2025-07-23,1,1182.24,201.9,1384.14
6363,RSV00007496,2024-09-02,2024-09-09,7,370.62,0.71,371.33
6364,RSV00007497,2026-01-21,2026-01-27,6,1457.31,233.84,1691.15
6365,RSV00007498,2025-09-23,2025-09-25,2,139.92,169.92,309.84
6366,RSV00007499,2025-05-05,2025-05-07,2,1052.34,76.22,1128.56
6367,RSV00007500,2025-08-18,2025-08-24,6,935.24,160.0,1095.24
6368,RSV00007503,2025-05-30,2025-06-02,3,292.4,82.6,375.0
6369,RSV00007504,2026-06-27,2026-07-04,7,1297.8,77.64,1375.44
6370,RSV00007505,2026-06-17,2026-06-24,7,1420.74,15.23,1435.97
6371,RSV00007506,2025-02-24,2025-02-25,1,401.36,82.81,484.17
6372,RSV00007507,2026-04-19,2026-04-24,5,886.22,75.48,961.7
6373,RSV00007508,2025-09-28,2025-09-29,1,123.4,109.0,232.4
6374,RSV00007510,2024-07-31,2024-08-06,6,117.29,222.76,340.05
6375,RSV00007511,2024-09-06,2024-09-11,5,420.76,230.32,651.08
6376,RSV00007512,2025-08-14,2025-08-16,2,1125.72,45.56,1171.28
6377,RSV00007513,2026-05-13,2026-05-18,5,976.12,206.91,1183.03
6378,RSV00007514,2025-08-03,2025-08-06,3,832.47,79.39,911.86
6379,RSV00007516,2025-02-22,2025-02-25,3,743.83,193.14,936.97
6380,RSV00007518,2025-07-30,2025-08-01,2,1384.22,22.86,1407.08
6381,RSV00007519,2024-10-11,2024-10-18,7,917.74,69.6,987.34
6382,RSV00007520,2024-09-08,2024-09-10,2,244.38,249.72,494.1
6383,RSV00007523,2025-02-27,2025-03-05,6,543.76,106.11,649.87
6384,RSV00007524,2025-08-04,2025-08-10,6,668.44,38.83,707.27
6385,RSV00007525,2026-02-10,2026-02-11,1,788.51,26.01,814.52
6386,RSV00007526,2026-02-22,2026-02-27,5,656.56,234.49,891.05
6387,RSV00007527,2025-05-13,2025-05-16,3,1276.31,151.84,1428.15
6388,RSV00007528,2025-07-28,2025-08-02,5,336.12,168.41,504.53
6389,RSV00007529,2026-03-10,2026-03-16,6,488.96,211.84,700.8
6390,RSV00007530,2026-05-06,2026-05-08,2,527.69,66.76,594.45
6391,RSV00007532,2026-06-23,2026-06-29,6,612.81,86.35,699.16
6392,RSV00007533,2025-08-12,2025-08-15,3,822.42,195.05,1017.47
6393,RSV00007534,2024-12-02,2024-12-05,3,163.04,247.91,410.95
6394,RSV00007535,2024-11-17,2024-11-22,5,1183.25,102.09,1285.34
6395,RSV00007536,2024-09-16,2024-09-17,1,887.33,242.08,1129.41
6396,RSV00007538,2024-09-24,2024-09-29,5,146.53,210.08,356.61
6397,RSV00007540,2026-01-06,2026-01-13,7,197.43,8.01,205.44
6398,RSV00007541,2026-05-01,2026-05-07,6,588.12,161.51,749.63
6399,RSV00007542,2025-09-13,2025-09-17,4,280.44,168.43,448.87
6400,RSV00007543,2025-01-19,2025-01-23,4,579.54,115.39,694.93
6401,RSV00007544,2024-10-11,2024-10-12,1,1136.03,212.45,1348.48
6402,RSV00007545,2024-09-30,2024-10-07,7,461.28,173.14,634.42
6403,RSV00007546,2025-11-19,2025-11-22,3,981.61,243.69,1225.3
6404,RSV00007547,2026-04-29,2026-05-06,7,475.24,92.22,567.46
6405,RSV00007548,2026-04-06,2026-04-10,4,1066.91,232.46,1299.37
6406,RSV00007549,2026-05-24,2026-05-28,4,770.12,219.48,989.6
6407,RSV00007550,2025-04-29,2025-05-02,3,119.21,245.69,364.9
6408,RSV00007551,2026-06-03,2026-06-05,2,495.53,121.9,617.43
6409,RSV00007552,2024-09-13,2024-09-16,3,242.86,118.89,361.75
6410,RSV00007553,2026-03-18,2026-03-24,6,368.17,95.06,463.23
6411,RSV00007554,2025-08-20,2025-08-23,3,1307.79,155.92,1463.71
6412,RSV00007555,2024-08-06,2024-08-10,4,240.42,66.57,306.99
6413,RSV00007556,2025-08-21,2025-08-26,5,304.32,219.84,524.16
6414,RSV00007557,2024-12-06,2024-12-08,2,1149.58,143.71,1293.29
6415,RSV00007558,2026-05-19,2026-05-22,3,586.79,124.54,711.33
6416,RSV00007559,2025-06-13,2025-06-20,7,666.68,4.43,671.11
6417,RSV00007560,2024-08-10,2024-08-13,3,714.54,90.23,804.77
6418,RSV00007561,2026-05-07,2026-05-08,1,809.11,240.79,1049.9
6419,RSV00007562,2026-03-10,2026-03-16,6,1437.47,32.39,1469.86
6420,RSV00007563,2025-11-18,2025-11-22,4,1111.48,33.77,1145.25
6421,RSV00007565,2025-07-16,2025-07-22,6,943.72,154.44,1098.16
6422,RSV00007566,2024-07-28,2024-07-31,3,1122.23,40.76,1162.99
6423,RSV00007567,2026-01-03,2026-01-07,4,605.26,176.75,782.01
6424,RSV00007568,2025-02-18,2025-02-19,1,1149.62,47.86,1197.48
6425,RSV00007569,2026-01-14,2026-01-21,7,611.31,197.91,809.22
6426,RSV00007572,2025-09-09,2025-09-15,6,996.07,43.57,1039.64
6427,RSV00007574,2025-08-13,2025-08-15,2,655.86,216.59,872.45
6428,RSV00007575,2024-08-10,2024-08-14,4,1331.84,29.87,1361.71
6429,RSV00007576,2025-08-24,2025-08-26,2,1499.67,227.09,1726.76
6430,RSV00007577,2025-10-22,2025-10-27,5,836.86,20.37,857.23
6431,RSV00007578,2025-12-09,2025-12-14,5,1208.59,64.2,1272.79
6432,RSV00007579,2025-11-11,2025-11-17,6,1069.05,181.84,1250.89
6433,RSV00007580,2026-02-10,2026-02-17,7,944.89,124.15,1069.04
6434,RSV00007581,2025-03-31,2025-04-03,3,518.88,158.24,677.12
6435,RSV00007582,2024-08-20,2024-08-25,5,585.06,44.25,629.31
6436,RSV00007583,2025-05-28,2025-05-30,2,1486.57,247.82,1734.39
6437,RSV00007584,2026-01-07,2026-01-14,7,804.08,170.57,974.65
6438,RSV00007585,2025-08-23,2025-08-24,1,407.35,83.88,491.23
6439,RSV00007586,2024-06-30,2024-07-04,4,721.81,171.42,893.23
6440,RSV00007587,2026-02-11,2026-02-15,4,414.07,43.16,457.23
6441,RSV00007588,2025-04-16,2025-04-22,6,1253.13,72.61,1325.74
6442,RSV00007589,2025-06-27,2025-06-29,2,836.85,60.76,897.61
6443,RSV00007590,2025-12-22,2025-12-25,3,282.62,202.22,484.84
6444,RSV00007591,2026-04-03,2026-04-08,5,239.78,191.13,430.91
6445,RSV00007592,2025-07-16,2025-07-17,1,698.24,197.94,896.18
6446,RSV00007593,2025-09-04,2025-09-10,6,1137.87,159.17,1297.04
6447,RSV00007594,2025-02-19,2025-02-21,2,228.89,132.67,361.56
6448,RSV00007595,2026-03-26,2026-03-31,5,272.6,89.18,361.78
6449,RSV00007597,2025-05-31,2025-06-04,4,578.26,23.27,601.53
6450,RSV00007598,2025-12-09,2025-12-14,5,187.08,84.2,271.28
6451,RSV00007599,2025-12-25,2025-12-31,6,1476.95,208.23,1685.18
6452,RSV00007600,2025-12-19,2025-12-24,5,914.38,155.73,1070.11
6453,RSV00007601,2024-09-01,2024-09-04,3,774.82,11.75,786.57
6454,RSV00007602,2025-05-19,2025-05-26,7,421.2,222.89,644.09
6455,RSV00007604,2025-01-24,2025-01-31,7,344.73,100.09,444.82
6456,RSV00007605,2025-10-30,2025-11-03,4,144.75,200.54,345.29
6457,RSV00007606,2026-03-04,2026-03-05,1,401.96,141.75,543.71
6458,RSV00007607,2025-10-06,2025-10-09,3,713.3,26.22,739.52
6459,RSV00007608,2025-01-28,2025-01-31,3,778.41,159.49,937.9
6460,RSV00007610,2025-03-02,2025-03-03,1,1386.64,227.49,1614.13
6461,RSV00007611,2025-05-19,2025-05-25,6,883.04,233.08,1116.12
6462,RSV00007612,2024-08-23,2024-08-28,5,981.61,154.24,1135.85
6463,RSV00007613,2024-09-05,2024-09-08,3,738.07,236.43,974.5
6464,RSV00007614,2024-12-12,2024-12-13,1,132.97,11.58,144.55
6465,RSV00007615,2025-10-13,2025-10-17,4,1280.6,175.52,1456.12
6466,RSV00007616,2025-03-09,2025-03-16,7,225.97,73.36,299.33
6467,RSV00007617,2024-10-19,2024-10-20,1,1422.62,172.36,1594.98
6468,RSV00007618,2026-07-03,2026-07-10,7,400.25,211.53,611.78
6469,RSV00007620,2024-06-22,2024-06-24,2,375.08,175.82,550.9
6470,RSV00007621,2024-11-08,2024-11-12,4,296.85,79.97,376.82
6471,RSV00007622,2025-05-10,2025-05-13,3,663.3,98.63,761.93
6472,RSV00007623,2025-10-16,2025-10-19,3,777.36,145.87,923.23
6473,RSV00007625,2025-09-24,2025-10-01,7,1450.67,241.51,1692.18
6474,RSV00007626,2025-11-28,2025-12-02,4,424.55,151.51,576.06
6475,RSV00007627,2025-03-03,2025-03-09,6,106.61,22.12,128.73
6476,RSV00007628,2025-12-21,2025-12-28,7,592.72,17.99,610.71
6477,RSV00007629,2026-02-26,2026-02-28,2,530.35,121.4,651.75
6478,RSV00007630,2026-03-26,2026-03-27,1,170.24,225.02,395.26
6479,RSV00007631,2024-10-23,2024-10-24,1,1484.14,79.52,1563.66
6480,RSV00007632,2025-11-06,2025-11-10,4,205.53,135.7,341.23
6481,RSV00007633,2025-07-19,2025-07-21,2,1366.29,62.59,1428.88
6482,RSV00007636,2025-05-04,2025-05-08,4,534.3,227.99,762.29
6483,RSV00007637,2025-03-06,2025-03-08,2,754.36,126.94,881.3
6484,RSV00007638,2026-05-30,2026-06-03,4,274.77,42.17,316.94
6485,RSV00007639,2026-06-08,2026-06-14,6,404.78,65.61,470.39
6486,RSV00007640,2025-12-15,2025-12-21,6,135.11,194.39,329.5
6487,RSV00007641,2026-02-08,2026-02-12,4,336.47,105.65,442.12
6488,RSV00007642,2025-12-02,2025-12-08,6,1208.44,184.16,1392.6
6489,RSV00007643,2026-01-20,2026-01-26,6,330.23,247.77,578.0
6490,RSV00007644,2025-04-05,2025-04-11,6,1468.65,121.22,1589.87
6491,RSV00007645,2024-09-16,2024-09-18,2,366.86,210.38,577.24
6492,RSV00007646,2025-11-20,2025-11-23,3,1235.3,190.09,1425.39
6493,RSV00007647,2026-02-01,2026-02-07,6,695.81,24.38,720.19
6494,RSV00007648,2025-04-10,2025-04-11,1,1327.21,184.43,1511.64
6495,RSV00007652,2025-01-01,2025-01-03,2,1341.52,46.88,1388.4
6496,RSV00007653,2026-03-01,2026-03-08,7,209.74,142.94,352.68
6497,RSV00007654,2024-10-29,2024-10-30,1,442.57,196.63,639.2
6498,RSV00007655,2025-03-20,2025-03-23,3,243.11,154.6,397.71
6499,RSV00007656,2026-06-09,2026-06-13,4,1269.62,19.97,1289.59
6500,RSV00007657,2026-01-05,2026-01-06,1,895.23,211.77,1107.0
6501,RSV00007658,2025-10-10,2025-10-15,5,100.81,66.24,167.05
6502,RSV00007659,2026-02-26,2026-03-05,7,680.38,62.47,742.85
6503,RSV00007660,2026-06-06,2026-06-07,1,411.6,206.37,617.97
6504,RSV00007663,2025-02-06,2025-02-12,6,471.67,66.73,538.4
6505,RSV00007664,2025-06-13,2025-06-20,7,227.85,162.42,390.27
6506,RSV00007665,2025-09-10,2025-09-15,5,1120.08,145.81,1265.89
6507,RSV00007668,2024-10-23,2024-10-28,5,875.6,115.54,991.14
6508,RSV00007669,2025-10-14,2025-10-19,5,1399.61,125.23,1524.84
6509,RSV00007670,2026-02-14,2026-02-15,1,415.48,112.98,528.46
6510,RSV00007671,2025-07-31,2025-08-04,4,1024.76,33.37,1058.13
6511,RSV00007672,2025-09-11,2025-09-15,4,1316.08,242.53,1558.61
6512,RSV00007673,2026-06-09,2026-06-16,7,82.02,99.79,181.81
6513,RSV00007674,2025-01-30,2025-02-06,7,1011.04,217.88,1228.92
6514,RSV00007675,2025-11-17,2025-11-23,6,944.57,24.39,968.96
6515,RSV00007676,2026-01-10,2026-01-15,5,1285.95,233.51,1519.46
6516,RSV00007677,2025-06-25,2025-06-27,2,269.17,70.11,339.28
6517,RSV00007678,2025-09-14,2025-09-19,5,1240.99,113.61,1354.6
6518,RSV00007679,2025-05-09,2025-05-16,7,1379.19,76.9,1456.09
6519,RSV00007680,2026-04-12,2026-04-16,4,1162.16,110.22,1272.38
6520,RSV00007681,2024-12-03,2024-12-10,7,539.6,243.01,782.61
6521,RSV00007682,2025-04-16,2025-04-17,1,1395.63,175.89,1571.52
6522,RSV00007683,2026-01-25,2026-01-28,3,984.39,120.28,1104.67
6523,RSV00007684,2026-04-25,2026-05-01,6,142.8,226.43,369.23
6524,RSV00007685,2026-02-28,2026-03-07,7,1326.02,223.58,1549.6
6525,RSV00007686,2025-08-12,2025-08-16,4,894.55,106.2,1000.75
6526,RSV00007687,2026-01-06,2026-01-09,3,908.81,56.4,965.21
6527,RSV00007688,2025-05-23,2025-05-25,2,1064.29,220.7,1284.99
6528,RSV00007689,2025-02-18,2025-02-24,6,1218.97,229.67,1448.64
6529,RSV00007690,2026-02-11,2026-02-14,3,1421.69,112.18,1533.87
6530,RSV00007691,2025-02-18,2025-02-19,1,747.25,80.15,827.4
6531,RSV00007692,2025-06-08,2025-06-13,5,1155.31,38.43,1193.74
6532,RSV00007693,2025-12-04,2025-12-06,2,1310.64,155.92,1466.56
6533,RSV00007694,2024-07-08,2024-07-09,1,1269.7,232.27,1501.97
6534,RSV00007695,2024-09-30,2024-10-07,7,272.98,163.21,436.19
6535,RSV00007696,2026-04-03,2026-04-08,5,1326.83,157.39,1484.22
6536,RSV00007698,2025-06-09,2025-06-14,5,166.96,183.08,350.04
6537,RSV00007699,2026-01-21,2026-01-23,2,742.34,116.7,859.04
6538,RSV00007700,2024-11-09,2024-11-13,4,97.07,56.36,153.43
6539,RSV00007701,2026-02-02,2026-02-04,2,1414.02,231.8,1645.82
6540,RSV00007703,2025-05-18,2025-05-23,5,473.43,131.76,605.19
6541,RSV00007704,2026-03-17,2026-03-19,2,1302.17,243.38,1545.55
6542,RSV00007705,2025-03-16,2025-03-18,2,530.11,90.74,620.85
6543,RSV00007706,2026-01-16,2026-01-21,5,1329.81,12.94,1342.75
6544,RSV00007707,2024-06-24,2024-06-27,3,188.6,61.23,249.83
6545,RSV00007708,2025-02-09,2025-02-10,1,1162.02,226.96,1388.98
6546,RSV00007709,2025-08-09,2025-08-16,7,1111.79,127.9,1239.69
6547,RSV00007710,2025-01-03,2025-01-09,6,1471.82,52.17,1523.99
6548,RSV00007711,2026-06-02,2026-06-08,6,1322.22,218.13,1540.35
6549,RSV00007712,2025-09-24,2025-09-25,1,738.37,115.09,853.46
6550,RSV00007713,2024-09-21,2024-09-23,2,1142.67,141.0,1283.67
6551,RSV00007714,2025-08-12,2025-08-14,2,343.08,198.27,541.35
6552,RSV00007715,2024-12-30,2025-01-06,7,1102.16,145.27,1247.43
6553,RSV00007716,2025-10-28,2025-11-03,6,1110.58,121.94,1232.52
6554,RSV00007717,2025-05-11,2025-05-17,6,1157.54,244.53,1402.07
6555,RSV00007719,2025-10-29,2025-10-31,2,1145.47,224.66,1370.13
6556,RSV00007721,2024-09-14,2024-09-17,3,596.75,29.05,625.8
6557,RSV00007723,2024-10-26,2024-10-31,5,1262.86,176.93,1439.79
6558,RSV00007724,2024-12-28,2025-01-04,7,377.63,235.53,613.16
6559,RSV00007726,2026-04-12,2026-04-14,2,734.02,195.22,929.24
6560,RSV00007727,2025-11-12,2025-11-18,6,559.88,218.86,778.74
6561,RSV00007729,2024-07-11,2024-07-15,4,460.92,73.33,534.25
6562,RSV00007731,2024-09-09,2024-09-12,3,87.28,29.86,117.14
6563,RSV00007732,2026-04-04,2026-04-07,3,185.5,22.72,208.22
6564,RSV00007733,2024-07-26,2024-08-01,6,975.17,209.96,1185.13
6565,RSV00007735,2024-07-26,2024-07-31,5,1217.38,57.15,1274.53
6566,RSV00007737,2025-01-11,2025-01-15,4,1137.85,58.41,1196.26
6567,RSV00007739,2024-12-08,2024-12-14,6,1184.58,93.69,1278.27
6568,RSV00007740,2025-07-09,2025-07-16,7,582.23,69.86,652.09
6569,RSV00007741,2024-11-23,2024-11-28,5,1439.89,33.91,1473.8
6570,RSV00007742,2025-04-30,2025-05-06,6,1249.24,137.07,1386.31
6571,RSV00007743,2025-12-05,2025-12-12,7,540.6,89.01,629.61
6572,RSV00007744,2025-10-09,2025-10-10,1,102.69,248.53,351.22
6573,RSV00007745,2025-03-05,2025-03-12,7,1391.47,147.41,1538.88
6574,RSV00007746,2024-11-15,2024-11-18,3,736.74,99.89,836.63
6575,RSV00007747,2026-02-22,2026-02-27,5,569.34,180.67,750.01
6576,RSV00007748,2024-08-19,2024-08-24,5,1138.98,65.59,1204.57
6577,RSV00007749,2024-10-03,2024-10-06,3,734.59,116.04,850.63
6578,RSV00007751,2024-09-22,2024-09-23,1,1342.02,229.21,1571.23
6579,RSV00007752,2025-04-08,2025-04-13,5,957.22,139.49,1096.71
6580,RSV00007753,2025-11-06,2025-11-12,6,731.4,3.4,734.8
6581,RSV00007754,2024-06-02,2024-06-06,4,320.21,137.05,457.26
6582,RSV00007755,2024-10-30,2024-11-01,2,1373.86,193.11,1566.97
6583,RSV00007759,2026-02-19,2026-02-22,3,135.73,67.17,202.9
6584,RSV00007760,2025-02-10,2025-02-12,2,1316.16,55.39,1371.55
6585,RSV00007761,2025-05-12,2025-05-19,7,1405.57,177.26,1582.83
6586,RSV00007762,2026-03-12,2026-03-15,3,346.23,10.56,356.79
6587,RSV00007763,2024-07-10,2024-07-17,7,1141.98,113.04,1255.02
6588,RSV00007764,2025-05-31,2025-06-03,3,511.28,102.12,613.4
6589,RSV00007765,2026-06-01,2026-06-02,1,1109.37,211.28,1320.65
6590,RSV00007766,2025-03-12,2025-03-17,5,1270.23,206.82,1477.05
6591,RSV00007767,2026-01-20,2026-01-21,1,93.77,168.62,262.39
6592,RSV00007768,2025-11-03,2025-11-05,2,857.69,22.96,880.65
6593,RSV00007769,2025-10-22,2025-10-29,7,970.76,187.67,1158.43
6594,RSV00007770,2024-11-23,2024-11-27,4,1050.42,180.37,1230.79
6595,RSV00007772,2025-03-19,2025-03-22,3,709.77,24.5,734.27
6596,RSV00007773,2024-08-16,2024-08-17,1,1469.04,96.86,1565.9
6597,RSV00007775,2024-08-03,2024-08-09,6,361.69,200.84,562.53
6598,RSV00007776,2024-12-29,2025-01-01,3,1052.32,240.8,1293.12
6599,RSV00007777,2025-02-25,2025-03-02,5,1486.11,17.39,1503.5
6600,RSV00007778,2025-03-05,2025-03-06,1,567.85,191.3,759.15
6601,RSV00007779,2024-10-13,2024-10-19,6,1490.61,58.37,1548.98
6602,RSV00007780,2025-05-12,2025-05-13,1,1441.5,56.87,1498.37
6603,RSV00007782,2025-03-08,2025-03-12,4,712.4,177.0,889.4
6604,RSV00007783,2025-07-09,2025-07-11,2,351.14,206.68,557.82
6605,RSV00007784,2025-09-04,2025-09-05,1,948.44,188.09,1136.53
6606,RSV00007785,2026-03-10,2026-03-13,3,350.53,92.3,442.83
6607,RSV00007786,2026-03-24,2026-03-30,6,1131.78,110.71,1242.49
6608,RSV00007787,2026-01-20,2026-01-24,4,1124.13,190.33,1314.46
6609,RSV00007788,2024-07-30,2024-08-02,3,314.05,29.78,343.83
6610,RSV00007789,2024-08-06,2024-08-07,1,569.76,25.1,594.86
6611,RSV00007790,2025-01-23,2025-01-27,4,672.34,4.55,676.89
6612,RSV00007791,2024-08-18,2024-08-25,7,1074.39,114.53,1188.92
6613,RSV00007792,2024-11-01,2024-11-06,5,133.88,15.19,149.07
6614,RSV00007793,2025-01-01,2025-01-04,3,95.88,220.09,315.97
6615,RSV00007794,2025-10-28,2025-10-30,2,1285.32,31.32,1316.64
6616,RSV00007795,2026-06-02,2026-06-09,7,1309.22,164.53,1473.75
6617,RSV00007796,2025-08-17,2025-08-22,5,171.24,67.06,238.3
6618,RSV00007797,2026-03-27,2026-03-31,4,1024.54,91.94,1116.48
6619,RSV00007799,2024-12-02,2024-12-08,6,771.81,208.24,980.05
6620,RSV00007801,2026-05-19,2026-05-23,4,1147.16,35.07,1182.23
6621,RSV00007803,2025-11-30,2025-12-05,5,583.39,152.72,736.11
6622,RSV00007804,2025-08-27,2025-08-30,3,422.5,20.43,442.93
6623,RSV00007805,2025-11-14,2025-11-21,7,966.5,65.54,1032.04
6624,RSV00007806,2024-08-30,2024-09-02,3,469.44,166.29,635.73
6625,RSV00007807,2024-12-21,2024-12-26,5,1038.59,79.64,1118.23
6626,RSV00007808,2025-07-25,2025-07-29,4,1123.8,214.83,1338.63
6627,RSV00007809,2025-08-17,2025-08-18,1,1321.34,78.44,1399.78
6628,RSV00007810,2026-06-06,2026-06-07,1,217.63,35.49,253.12
6629,RSV00007811,2024-08-28,2024-09-02,5,1089.73,40.51,1130.24
6630,RSV00007813,2024-12-16,2024-12-20,4,801.81,232.68,1034.49
6631,RSV00007815,2025-10-16,2025-10-22,6,192.8,238.98,431.78
6632,RSV00007816,2025-11-13,2025-11-16,3,1456.55,235.32,1691.87
6633,RSV00007817,2025-11-22,2025-11-24,2,686.8,78.54,765.34
6634,RSV00007818,2026-06-27,2026-07-01,4,1048.73,176.75,1225.48
6635,RSV00007819,2024-08-12,2024-08-15,3,631.9,229.43,861.33
6636,RSV00007820,2024-06-22,2024-06-28,6,237.15,216.66,453.81
6637,RSV00007821,2026-02-06,2026-02-09,3,81.97,4.02,85.99
6638,RSV00007822,2025-07-08,2025-07-12,4,548.44,27.34,575.78
6639,RSV00007823,2025-12-07,2025-12-11,4,1326.89,80.77,1407.66
6640,RSV00007824,2025-03-21,2025-03-28,7,1263.41,58.11,1321.52
6641,RSV00007825,2025-09-28,2025-09-29,1,335.34,154.07,489.41
6642,RSV00007826,2026-03-03,2026-03-09,6,406.06,231.91,637.97
6643,RSV00007827,2025-06-14,2025-06-20,6,562.03,211.47,773.5
6644,RSV00007828,2026-03-22,2026-03-28,6,733.89,247.82,981.71
6645,RSV00007829,2025-01-05,2025-01-08,3,270.14,149.59,419.73
6646,RSV00007830,2024-08-25,2024-09-01,7,1105.22,185.01,1290.23
6647,RSV00007831,2024-08-31,2024-09-06,6,1348.26,177.12,1525.38
6648,RSV00007833,2025-12-29,2026-01-05,7,99.56,162.81,262.37
6649,RSV00007834,2024-10-28,2024-10-29,1,365.6,210.67,576.27
6650,RSV00007835,2025-06-10,2025-06-14,4,1418.58,44.15,1462.73
6651,RSV00007836,2025-01-29,2025-02-05,7,1412.79,70.35,1483.14
6652,RSV00007837,2025-02-18,2025-02-20,2,871.32,165.55,1036.87
6653,RSV00007838,2026-06-18,2026-06-22,4,1328.18,191.87,1520.05
6654,RSV00007840,2024-05-31,2024-06-07,7,259.6,36.56,296.16
6655,RSV00007841,2026-03-30,2026-04-06,7,319.75,52.77,372.52
6656,RSV00007842,2024-12-05,2024-12-10,5,487.16,169.23,656.39
6657,RSV00007844,2024-11-29,2024-11-30,1,1203.88,86.16,1290.04
6658,RSV00007845,2025-09-09,2025-09-15,6,686.24,167.96,854.2
6659,RSV00007846,2025-11-18,2025-11-25,7,452.12,57.02,509.14
6660,RSV00007847,2026-03-04,2026-03-09,5,1145.77,113.22,1258.99
6661,RSV00007848,2024-12-08,2024-12-13,5,1365.38,79.94,1445.32
6662,RSV00007849,2026-05-04,2026-05-09,5,1210.39,211.68,1422.07
6663,RSV00007850,2025-05-10,2025-05-13,3,308.3,226.47,534.77
6664,RSV00007851,2024-11-29,2024-12-01,2,577.33,143.57,720.9
6665,RSV00007852,2025-02-13,2025-02-14,1,1338.86,56.71,1395.57
6666,RSV00007853,2025-03-28,2025-04-02,5,679.56,75.01,754.57
6667,RSV00007854,2025-05-20,2025-05-24,4,233.11,230.61,463.72
6668,RSV00007855,2024-10-02,2024-10-09,7,380.58,167.87,548.45
6669,RSV00007856,2026-03-13,2026-03-19,6,843.31,113.24,956.55
6670,RSV00007858,2024-10-21,2024-10-27,6,789.06,60.19,849.25
6671,RSV00007859,2025-10-12,2025-10-15,3,1368.66,244.6,1613.26
6672,RSV00007860,2024-11-12,2024-11-19,7,1418.76,54.9,1473.66
6673,RSV00007861,2024-08-15,2024-08-17,2,977.14,60.14,1037.28
6674,RSV00007863,2025-03-24,2025-03-28,4,289.8,130.83,420.63
6675,RSV00007864,2025-01-03,2025-01-06,3,936.77,37.79,974.56
6676,RSV00007865,2025-07-01,2025-07-05,4,1030.12,133.86,1163.98
6677,RSV00007866,2025-01-03,2025-01-05,2,784.63,208.7,993.33
6678,RSV00007868,2025-08-01,2025-08-08,7,1119.31,8.6,1127.91
6679,RSV00007870,2026-04-03,2026-04-05,2,807.38,240.47,1047.85
6680,RSV00007871,2024-07-06,2024-07-09,3,1207.35,209.62,1416.97
6681,RSV00007872,2024-09-09,2024-09-10,1,966.23,31.4,997.63
6682,RSV00007873,2025-12-01,2025-12-05,4,720.17,100.8,820.97
6683,RSV00007874,2025-11-07,2025-11-12,5,570.3,207.68,777.98
6684,RSV00007875,2026-05-21,2026-05-28,7,1408.89,216.18,1625.07
6685,RSV00007876,2025-10-29,2025-11-02,4,1185.99,68.82,1254.81
6686,RSV00007877,2024-12-24,2024-12-27,3,209.52,220.99,430.51
6687,RSV00007878,2025-01-04,2025-01-10,6,309.97,131.66,441.63
6688,RSV00007879,2025-02-09,2025-02-16,7,257.89,18.76,276.65
6689,RSV00007881,2025-02-02,2025-02-07,5,568.32,190.67,758.99
6690,RSV00007882,2026-04-23,2026-04-24,1,221.37,44.72,266.09
6691,RSV00007883,2025-11-27,2025-12-03,6,389.66,192.36,582.02
6692,RSV00007884,2025-02-15,2025-02-17,2,1244.3,233.8,1478.1
6693,RSV00007885,2024-12-26,2024-12-30,4,363.6,111.0,474.6
6694,RSV00007886,2025-06-27,2025-06-29,2,408.42,124.55,532.97
6695,RSV00007887,2025-07-17,2025-07-24,7,1405.1,167.8,1572.9
6696,RSV00007888,2026-03-21,2026-03-26,5,840.54,55.24,895.78
6697,RSV00007889,2025-07-24,2025-07-25,1,1249.02,5.48,1254.5
6698,RSV00007890,2025-03-16,2025-03-17,1,128.72,38.27,166.99
6699,RSV00007892,2025-06-20,2025-06-23,3,642.46,247.98,890.44
6700,RSV00007893,2025-04-21,2025-04-25,4,1046.78,209.77,1256.55
6701,RSV00007894,2026-05-30,2026-06-03,4,531.0,109.17,640.17
6702,RSV00007895,2026-02-04,2026-02-06,2,1342.75,59.59,1402.34
6703,RSV00007896,2025-02-12,2025-02-15,3,1271.99,106.01,1378.0
6704,RSV00007897,2025-05-15,2025-05-18,3,995.52,204.54,1200.06
6705,RSV00007898,2024-07-19,2024-07-26,7,1140.68,191.81,1332.49
6706,RSV00007900,2024-12-12,2024-12-19,7,157.24,187.7,344.94
6707,RSV00007901,2025-10-20,2025-10-26,6,1411.78,187.76,1599.54
6708,RSV00007902,2025-05-21,2025-05-26,5,418.34,54.25,472.59
6709,RSV00007904,2025-10-03,2025-10-06,3,1346.97,29.18,1376.15
6710,RSV00007905,2024-09-18,2024-09-19,1,858.66,231.98,1090.64
6711,RSV00007906,2026-01-20,2026-01-23,3,795.01,165.65,960.66
6712,RSV00007907,2026-02-20,2026-02-23,3,106.45,68.36,174.81
6713,RSV00007908,2024-08-21,2024-08-22,1,769.05,222.61,991.66
6714,RSV00007910,2024-11-20,2024-11-24,4,338.82,115.73,454.55
6715,RSV00007911,2025-06-15,2025-06-20,5,1051.34,163.06,1214.4
6716,RSV00007912,2025-12-01,2025-12-02,1,982.81,195.04,1177.85
6717,RSV00007913,2025-11-03,2025-11-09,6,1269.76,24.18,1293.94
6718,RSV00007915,2025-03-19,2025-03-24,5,1058.3,11.55,1069.85
6719,RSV00007916,2025-10-22,2025-10-27,5,1335.68,111.7,1447.38
6720,RSV00007917,2026-05-31,2026-06-01,1,1233.93,133.36,1367.29
6721,RSV00007918,2025-04-28,2025-05-04,6,1154.08,228.94,1383.02
6722,RSV00007920,2026-01-10,2026-01-11,1,928.1,49.49,977.59
6723,RSV00007921,2025-09-11,2025-09-15,4,1174.9,181.33,1356.23
6724,RSV00007922,2026-03-19,2026-03-20,1,1071.8,195.07,1266.87
6725,RSV00007923,2025-03-01,2025-03-05,4,245.08,38.71,283.79
6726,RSV00007924,2024-09-22,2024-09-29,7,1022.21,26.92,1049.13
6727,RSV00007926,2025-03-06,2025-03-10,4,929.77,57.0,986.77
6728,RSV00007927,2025-03-06,2025-03-09,3,1252.83,186.47,1439.3
6729,RSV00007928,2025-05-23,2025-05-24,1,552.09,60.62,612.71
6730,RSV00007929,2025-10-16,2025-10-22,6,618.46,243.36,861.82
6731,RSV00007930,2025-12-18,2025-12-21,3,473.74,50.44,524.18
6732,RSV00007932,2025-10-02,2025-10-03,1,710.34,33.96,744.3
6733,RSV00007933,2026-03-08,2026-03-12,4,1176.86,227.18,1404.04
6734,RSV00007934,2026-02-26,2026-03-03,5,871.22,180.33,1051.55
6735,RSV00007935,2025-05-06,2025-05-07,1,153.48,149.5,302.98
6736,RSV00007937,2026-02-10,2026-02-14,4,410.2,246.55,656.75
6737,RSV00007938,2025-01-08,2025-01-12,4,752.9,211.16,964.06
6738,RSV00007939,2025-09-24,2025-09-26,2,170.28,56.42,226.7
6739,RSV00007940,2025-03-29,2025-03-30,1,549.0,22.38,571.38
6740,RSV00007943,2025-12-30,2026-01-06,7,943.85,67.56,1011.41
6741,RSV00007944,2025-10-07,2025-10-11,4,1089.01,242.32,1331.33
6742,RSV00007945,2024-09-06,2024-09-07,1,1364.68,149.48,1514.16
6743,RSV00007947,2026-01-05,2026-01-08,3,1000.81,146.45,1147.26
6744,RSV00007948,2025-05-19,2025-05-26,7,130.4,9.69,140.09
6745,RSV00007949,2026-04-03,2026-04-06,3,1234.71,178.9,1413.61
6746,RSV00007950,2026-01-25,2026-01-30,5,169.78,186.21,355.99
6747,RSV00007951,2025-09-10,2025-09-15,5,654.5,16.14,670.64
6748,RSV00007952,2025-08-09,2025-08-11,2,1064.63,84.94,1149.57
6749,RSV00007955,2025-12-19,2025-12-24,5,1481.89,102.82,1584.71
6750,RSV00007956,2024-12-10,2024-12-12,2,404.98,211.13,616.11
6751,RSV00007957,2025-10-05,2025-10-12,7,517.96,76.17,594.13
6752,RSV00007959,2025-06-25,2025-07-02,7,1248.07,116.12,1364.19
6753,RSV00007960,2025-12-23,2025-12-24,1,902.98,233.06,1136.04
6754,RSV00007961,2025-03-16,2025-03-18,2,967.53,99.17,1066.7
6755,RSV00007962,2024-09-10,2024-09-15,5,764.65,208.22,972.87
6756,RSV00007963,2024-12-14,2024-12-19,5,952.78,53.43,1006.21
6757,RSV00007965,2025-07-29,2025-08-04,6,983.43,236.04,1219.47
6758,RSV00007966,2024-11-20,2024-11-26,6,147.73,113.32,261.05
6759,RSV00007967,2025-03-12,2025-03-18,6,1286.58,239.13,1525.71
6760,RSV00007968,2024-07-12,2024-07-18,6,335.78,188.16,523.94
6761,RSV00007969,2025-12-18,2025-12-22,4,536.91,218.92,755.83
6762,RSV00007970,2025-04-11,2025-04-16,5,879.18,197.94,1077.12
6763,RSV00007971,2026-05-09,2026-05-11,2,651.77,106.86,758.63
6764,RSV00007972,2025-02-02,2025-02-03,1,489.57,107.72,597.29
6765,RSV00007974,2025-12-06,2025-12-09,3,189.34,161.65,350.99
6766,RSV00007975,2026-05-06,2026-05-13,7,275.08,138.23,413.31
6767,RSV00007976,2026-02-27,2026-03-04,5,806.27,132.7,938.97
6768,RSV00007977,2026-02-18,2026-02-23,5,786.99,133.46,920.45
6769,RSV00007978,2024-08-21,2024-08-22,1,648.08,138.29,786.37
6770,RSV00007980,2024-10-14,2024-10-16,2,683.28,71.18,754.46
6771,RSV00007981,2024-08-06,2024-08-13,7,400.61,151.1,551.71
6772,RSV00007982,2026-01-22,2026-01-29,7,733.55,21.33,754.88
6773,RSV00007983,2026-01-06,2026-01-09,3,925.86,122.7,1048.56
6774,RSV00007984,2025-09-02,2025-09-07,5,1272.27,149.13,1421.4
6775,RSV00007985,2025-07-04,2025-07-08,4,506.85,165.33,672.18
6776,RSV00007986,2025-04-19,2025-04-22,3,563.19,170.1,733.29
6777,RSV00007987,2025-06-25,2025-06-26,1,1177.58,58.49,1236.07
6778,RSV00007988,2025-10-19,2025-10-20,1,841.03,77.58,918.61
6779,RSV00007989,2025-11-02,2025-11-08,6,968.75,199.98,1168.73
6780,RSV00007990,2025-10-18,2025-10-24,6,318.03,36.35,354.38
6781,RSV00007991,2025-11-05,2025-11-09,4,743.83,147.75,891.58
6782,RSV00007993,2024-12-15,2024-12-21,6,323.5,67.72,391.22
6783,RSV00007994,2026-02-20,2026-02-23,3,407.23,51.23,458.46
6784,RSV00007995,2024-12-10,2024-12-11,1,808.51,246.48,1054.99
6785,RSV00007996,2025-08-09,2025-08-15,6,424.1,69.73,493.83
6786,RSV00007997,2025-10-24,2025-10-26,2,389.26,128.48,517.74
6787,RSV00007999,2025-10-03,2025-10-08,5,1214.32,180.06,1394.38
6788,RSV00008000,2025-08-19,2025-08-25,6,916.54,57.61,974.15
6789,RSV00008002,2025-08-16,2025-08-21,5,321.77,247.96,569.73
6790,RSV00008003,2024-11-12,2024-11-18,6,1364.64,107.99,1472.63
6791,RSV00008004,2025-04-08,2025-04-12,4,365.58,98.79,464.37
6792,RSV00008005,2024-07-20,2024-07-22,2,615.75,239.94,855.69
6793,RSV00008006,2024-11-28,2024-12-05,7,1447.66,129.64,1577.3
6794,RSV00008007,2025-12-09,2025-12-10,1,864.43,206.1,1070.53
6795,RSV00008008,2025-07-12,2025-07-16,4,1149.38,6.57,1155.95
6796,RSV00008009,2025-07-02,2025-07-03,1,559.32,28.55,587.87
6797,RSV00008012,2025-07-03,2025-07-08,5,739.01,56.82,795.83
6798,RSV00008013,2026-06-24,2026-06-27,3,368.56,219.56,588.12
6799,RSV00008014,2026-01-06,2026-01-12,6,1097.27,154.71,1251.98
6800,RSV00008016,2024-11-02,2024-11-08,6,1221.27,164.69,1385.96
6801,RSV00008017,2025-08-23,2025-08-30,7,903.28,67.28,970.56
6802,RSV00008018,2025-11-10,2025-11-11,1,787.8,155.84,943.64
6803,RSV00008019,2026-02-02,2026-02-04,2,578.82,170.02,748.84
6804,RSV00008020,2025-11-05,2025-11-12,7,1154.51,180.86,1335.37
6805,RSV00008023,2024-09-03,2024-09-06,3,1196.39,93.84,1290.23
6806,RSV00008024,2025-06-15,2025-06-21,6,223.38,8.47,231.85
6807,RSV00008025,2026-03-09,2026-03-13,4,778.94,114.4,893.34
6808,RSV00008026,2026-04-17,2026-04-19,2,589.96,125.23,715.19
6809,RSV00008027,2025-04-27,2025-04-28,1,1110.8,219.0,1329.8
6810,RSV00008028,2024-09-11,2024-09-14,3,576.22,243.36,819.58
6811,RSV00008029,2025-03-20,2025-03-27,7,872.7,73.18,945.88
6812,RSV00008031,2024-09-23,2024-09-30,7,1024.78,191.18,1215.96
6813,RSV00008033,2025-06-06,2025-06-10,4,1352.93,171.23,1524.16
6814,RSV00008034,2025-08-25,2025-08-27,2,1489.76,183.11,1672.87
6815,RSV00008035,2025-02-01,2025-02-05,4,750.56,153.14,903.7
6816,RSV00008036,2024-08-11,2024-08-13,2,1220.01,16.49,1236.5
6817,RSV00008037,2025-01-31,2025-02-02,2,945.96,54.67,1000.63
6818,RSV00008038,2026-01-18,2026-01-25,7,785.93,103.38,889.31
6819,RSV00008039,2026-02-23,2026-02-28,5,382.9,90.18,473.08
6820,RSV00008040,2025-03-08,2025-03-12,4,719.78,2.73,722.51
6821,RSV00008042,2026-05-26,2026-05-30,4,262.85,29.97,292.82
6822,RSV00008043,2026-05-17,2026-05-19,2,1425.66,188.4,1614.06
6823,RSV00008045,2025-01-16,2025-01-17,1,646.73,162.83,809.56
6824,RSV00008046,2025-01-01,2025-01-07,6,1020.79,157.56,1178.35
6825,RSV00008047,2026-03-03,2026-03-07,4,485.78,74.82,560.6
6826,RSV00008048,2025-02-04,2025-02-11,7,1042.49,90.88,1133.37
6827,RSV00008049,2024-12-20,2024-12-22,2,526.86,97.66,624.52
6828,RSV00008050,2025-04-22,2025-04-27,5,859.09,210.5,1069.59
6829,RSV00008051,2025-07-31,2025-08-06,6,1203.68,242.48,1446.16
6830,RSV00008052,2026-02-18,2026-02-19,1,1061.52,96.18,1157.7
6831,RSV00008054,2025-06-28,2025-07-04,6,1081.23,106.87,1188.1
6832,RSV00008055,2025-10-17,2025-10-22,5,465.33,62.81,528.14
6833,RSV00008056,2026-03-04,2026-03-05,1,827.32,27.59,854.91
6834,RSV00008057,2024-06-14,2024-06-15,1,986.21,56.62,1042.83
6835,RSV00008058,2025-11-20,2025-11-22,2,648.67,145.79,794.46
6836,RSV00008059,2024-06-14,2024-06-19,5,818.14,95.86,914.0
6837,RSV00008061,2026-01-31,2026-02-05,5,1250.43,32.12,1282.55
6838,RSV00008063,2025-12-31,2026-01-06,6,1486.16,40.51,1526.67
6839,RSV00008065,2026-01-07,2026-01-12,5,545.9,214.57,760.47
6840,RSV00008066,2024-08-25,2024-09-01,7,1245.3,97.99,1343.29
6841,RSV00008067,2025-01-21,2025-01-24,3,332.45,45.52,377.97
6842,RSV00008068,2025-04-25,2025-04-27,2,642.55,101.16,743.71
6843,RSV00008070,2025-03-09,2025-03-16,7,602.33,132.43,734.76
6844,RSV00008071,2024-09-10,2024-09-16,6,1123.32,138.33,1261.65
6845,RSV00008073,2026-04-19,2026-04-24,5,1344.55,66.02,1410.57
6846,RSV00008074,2024-07-31,2024-08-05,5,292.17,229.19,521.36
6847,RSV00008075,2025-07-01,2025-07-08,7,493.02,1.54,494.56
6848,RSV00008076,2025-09-16,2025-09-21,5,1447.36,58.86,1506.22
6849,RSV00008077,2024-12-20,2024-12-25,5,516.91,133.96,650.87
6850,RSV00008078,2026-06-08,2026-06-14,6,1319.24,164.78,1484.02
6851,RSV00008079,2024-08-17,2024-08-24,7,497.5,236.84,734.34
6852,RSV00008080,2026-04-25,2026-04-27,2,812.67,75.31,887.98
6853,RSV00008081,2025-08-27,2025-08-28,1,1277.9,103.7,1381.6
6854,RSV00008083,2026-01-19,2026-01-22,3,881.64,79.66,961.3
6855,RSV00008084,2025-01-01,2025-01-04,3,951.89,191.35,1143.24
6856,RSV00008085,2024-07-25,2024-07-31,6,131.35,180.49,311.84
6857,RSV00008086,2025-05-21,2025-05-27,6,1286.35,67.75,1354.1
6858,RSV00008087,2025-02-27,2025-03-02,3,742.82,67.61,810.43
6859,RSV00008088,2026-03-17,2026-03-18,1,1307.06,42.33,1349.39
6860,RSV00008090,2024-10-27,2024-10-30,3,763.26,112.32,875.58
6861,RSV00008091,2026-02-18,2026-02-19,1,1160.79,138.24,1299.03
6862,RSV00008092,2026-04-10,2026-04-11,1,723.24,243.31,966.55
6863,RSV00008093,2026-02-02,2026-02-07,5,179.66,136.72,316.38
6864,RSV00008094,2024-12-27,2025-01-02,6,676.87,149.67,826.54
6865,RSV00008095,2025-12-12,2025-12-19,7,444.38,169.24,613.62
6866,RSV00008096,2025-03-28,2025-04-01,4,818.15,226.87,1045.02
6867,RSV00008097,2025-11-25,2025-11-28,3,880.48,244.25,1124.73
6868,RSV00008098,2026-05-19,2026-05-22,3,880.32,23.49,903.81
6869,RSV00008099,2025-12-18,2025-12-24,6,1025.46,116.91,1142.37
6870,RSV00008100,2024-11-09,2024-11-14,5,1095.84,77.58,1173.42
6871,RSV00008101,2024-09-28,2024-10-03,5,892.57,104.49,997.06
6872,RSV00008102,2025-09-08,2025-09-13,5,315.3,44.46,359.76
6873,RSV00008104,2025-08-22,2025-08-23,1,755.33,205.25,960.58
6874,RSV00008105,2026-04-05,2026-04-08,3,476.15,208.98,685.13
6875,RSV00008106,2026-05-01,2026-05-02,1,901.18,232.17,1133.35
6876,RSV00008107,2026-03-13,2026-03-20,7,228.91,240.7,469.61
6877,RSV00008108,2025-05-31,2025-06-05,5,894.06,204.66,1098.72
6878,RSV00008109,2025-07-11,2025-07-13,2,868.82,14.58,883.4
6879,RSV00008110,2024-10-29,2024-11-03,5,1308.98,123.85,1432.83
6880,RSV00008111,2025-04-26,2025-04-30,4,211.0,15.05,226.05
6881,RSV00008112,2025-02-12,2025-02-15,3,666.14,205.62,871.76
6882,RSV00008113,2025-09-17,2025-09-21,4,940.52,173.71,1114.23
6883,RSV00008114,2025-09-12,2025-09-18,6,1450.8,90.26,1541.06
6884,RSV00008115,2025-05-07,2025-05-10,3,838.92,0.14,839.06
6885,RSV00008116,2024-09-17,2024-09-19,2,423.18,3.7,426.88
6886,RSV00008117,2026-01-27,2026-01-30,3,612.82,49.45,662.27
6887,RSV00008118,2025-08-20,2025-08-27,7,1004.29,10.95,1015.24
6888,RSV00008119,2025-02-27,2025-03-01,2,1018.51,142.16,1160.67
6889,RSV00008120,2024-06-20,2024-06-21,1,471.96,92.75,564.71
6890,RSV00008121,2026-02-25,2026-02-28,3,372.71,58.51,431.22
6891,RSV00008123,2025-09-30,2025-10-04,4,1017.57,61.57,1079.14
6892,RSV00008124,2025-09-18,2025-09-25,7,560.66,227.62,788.28
6893,RSV00008125,2025-02-19,2025-02-25,6,120.8,64.61,185.41
6894,RSV00008126,2026-03-18,2026-03-22,4,1117.47,201.25,1318.72
6895,RSV00008127,2024-09-17,2024-09-20,3,688.56,113.15,801.71
6896,RSV00008129,2025-10-08,2025-10-12,4,511.04,182.78,693.82
6897,RSV00008130,2026-01-31,2026-02-03,3,930.6,179.9,1110.5
6898,RSV00008131,2024-08-08,2024-08-09,1,1045.38,61.0,1106.38
6899,RSV00008135,2024-07-04,2024-07-10,6,1002.0,57.35,1059.35
6900,RSV00008136,2025-08-11,2025-08-17,6,281.8,65.62,347.42
6901,RSV00008137,2024-12-11,2024-12-13,2,1305.39,7.66,1313.05
6902,RSV00008138,2025-09-28,2025-10-05,7,733.94,66.29,800.23
6903,RSV00008139,2026-05-20,2026-05-26,6,702.98,119.93,822.91
6904,RSV00008140,2026-02-18,2026-02-19,1,94.0,161.9,255.9
6905,RSV00008141,2025-12-19,2025-12-24,5,230.13,39.41,269.54
6906,RSV00008142,2026-06-15,2026-06-22,7,733.16,188.29,921.45
6907,RSV00008143,2025-05-31,2025-06-06,6,1283.47,207.9,1491.37
6908,RSV00008144,2025-03-26,2025-03-28,2,470.15,156.85,627.0
6909,RSV00008145,2024-12-04,2024-12-11,7,1413.99,239.2,1653.19
6910,RSV00008146,2025-07-24,2025-07-27,3,648.4,201.08,849.48
6911,RSV00008148,2025-11-16,2025-11-17,1,351.42,131.28,482.7
6912,RSV00008149,2025-02-09,2025-02-14,5,441.77,64.77,506.54
6913,RSV00008150,2024-11-22,2024-11-24,2,726.29,32.88,759.17
6914,RSV00008151,2025-09-19,2025-09-23,4,1139.94,121.85,1261.79
6915,RSV00008152,2025-06-20,2025-06-24,4,942.04,82.34,1024.38
6916,RSV00008153,2026-02-26,2026-02-28,2,1399.3,217.18,1616.48
6917,RSV00008156,2025-04-12,2025-04-15,3,93.93,108.64,202.57
6918,RSV00008157,2025-11-05,2025-11-12,7,364.47,221.08,585.55
6919,RSV00008159,2025-04-06,2025-04-13,7,352.09,32.94,385.03
6920,RSV00008160,2024-11-06,2024-11-10,4,1492.43,69.37,1561.8
6921,RSV00008161,2024-08-20,2024-08-25,5,1278.74,67.45,1346.19
6922,RSV00008162,2025-04-19,2025-04-25,6,1244.12,242.57,1486.69
6923,RSV00008164,2024-08-18,2024-08-24,6,1453.82,209.1,1662.92
6924,RSV00008165,2025-07-13,2025-07-16,3,1118.66,187.29,1305.95
6925,RSV00008166,2024-08-15,2024-08-19,4,212.14,238.58,450.72
6926,RSV00008167,2026-05-09,2026-05-11,2,375.81,172.95,548.76
6927,RSV00008168,2025-10-02,2025-10-05,3,1336.09,242.98,1579.07
6928,RSV00008169,2024-12-01,2024-12-07,6,1073.2,85.16,1158.36
6929,RSV00008171,2026-02-28,2026-03-03,3,575.56,197.36,772.92
6930,RSV00008172,2024-10-21,2024-10-28,7,647.87,56.69,704.56
6931,RSV00008173,2026-01-23,2026-01-30,7,1445.03,30.64,1475.67
6932,RSV00008174,2025-02-18,2025-02-21,3,800.77,4.83,805.6
6933,RSV00008175,2026-01-12,2026-01-16,4,168.59,23.76,192.35
6934,RSV00008176,2025-02-13,2025-02-19,6,769.17,101.42,870.59
6935,RSV00008177,2024-11-11,2024-11-12,1,1117.58,195.72,1313.3
6936,RSV00008178,2025-11-24,2025-11-27,3,793.95,134.67,928.62
6937,RSV00008179,2024-11-08,2024-11-13,5,828.7,93.65,922.35
6938,RSV00008180,2025-11-24,2025-11-28,4,848.37,27.73,876.1
6939,RSV00008181,2024-09-01,2024-09-05,4,412.8,213.76,626.56
6940,RSV00008182,2026-02-15,2026-02-18,3,884.13,135.04,1019.17
6941,RSV00008183,2025-08-06,2025-08-12,6,1157.84,200.41,1358.25
6942,RSV00008185,2025-01-21,2025-01-27,6,779.63,204.13,983.76
6943,RSV00008186,2026-03-11,2026-03-18,7,1298.92,155.97,1454.89
6944,RSV00008187,2025-03-07,2025-03-08,1,1434.35,93.04,1527.39
6945,RSV00008188,2026-05-23,2026-05-24,1,361.48,2.32,363.8
6946,RSV00008190,2025-09-12,2025-09-19,7,1280.02,60.39,1340.41
6947,RSV00008192,2025-09-14,2025-09-18,4,309.25,211.06,520.31
6948,RSV00008193,2025-09-08,2025-09-11,3,1487.26,232.29,1719.55
6949,RSV00008194,2025-02-26,2025-03-01,3,1493.57,20.6,1514.17
6950,RSV00008195,2026-04-14,2026-04-16,2,346.56,36.83,383.39
6951,RSV00008196,2025-09-28,2025-10-01,3,735.53,80.41,815.94
6952,RSV00008197,2025-03-25,2025-03-28,3,1418.04,202.48,1620.52
6953,RSV00008199,2024-07-05,2024-07-08,3,762.03,51.04,813.07
6954,RSV00008200,2025-12-19,2025-12-22,3,1172.97,93.96,1266.93
6955,RSV00008201,2026-06-13,2026-06-14,1,307.19,2.15,309.34
6956,RSV00008202,2024-09-15,2024-09-19,4,931.86,58.18,990.04
6957,RSV00008203,2025-08-10,2025-08-16,6,626.96,163.91,790.87
6958,RSV00008204,2025-08-26,2025-09-02,7,891.99,185.15,1077.14
6959,RSV00008205,2026-05-18,2026-05-23,5,808.95,216.32,1025.27
6960,RSV00008207,2026-03-16,2026-03-19,3,344.35,152.24,496.59
6961,RSV00008208,2026-06-01,2026-06-08,7,80.61,8.58,89.19
6962,RSV00008210,2024-07-01,2024-07-06,5,1474.74,29.86,1504.6
6963,RSV00008211,2025-10-19,2025-10-26,7,1197.15,93.18,1290.33
6964,RSV00008212,2026-06-21,2026-06-24,3,179.53,110.11,289.64
6965,RSV00008214,2025-07-02,2025-07-06,4,356.16,224.98,581.14
6966,RSV00008215,2026-01-29,2026-02-04,6,339.38,246.66,586.04
6967,RSV00008216,2025-03-29,2025-03-31,2,964.11,203.27,1167.38
6968,RSV00008218,2025-12-31,2026-01-05,5,1333.87,169.34,1503.21
6969,RSV00008219,2026-03-31,2026-04-07,7,1264.91,223.54,1488.45
6970,RSV00008220,2025-02-09,2025-02-15,6,1065.16,198.21,1263.37
6971,RSV00008221,2025-04-07,2025-04-14,7,91.15,130.59,221.74
6972,RSV00008223,2026-05-15,2026-05-20,5,1202.95,211.3,1414.25
6973,RSV00008224,2026-01-20,2026-01-27,7,531.57,200.71,732.28
6974,RSV00008225,2025-11-04,2025-11-07,3,583.27,26.72,609.99
6975,RSV00008226,2025-06-30,2025-07-01,1,257.45,247.34,504.79
6976,RSV00008227,2026-02-24,2026-03-03,7,1352.13,187.79,1539.92
6977,RSV00008228,2024-12-28,2025-01-02,5,1433.01,37.57,1470.58
6978,RSV00008229,2026-02-07,2026-02-13,6,661.83,188.93,850.76
6979,RSV00008230,2025-03-30,2025-03-31,1,1481.82,242.62,1724.44
6980,RSV00008231,2025-05-29,2025-06-05,7,1462.44,199.7,1662.14
6981,RSV00008233,2024-10-05,2024-10-10,5,83.91,170.07,253.98
6982,RSV00008234,2025-08-02,2025-08-07,5,1213.99,75.36,1289.35
6983,RSV00008235,2025-01-14,2025-01-20,6,539.01,219.8,758.81
6984,RSV00008236,2025-07-11,2025-07-18,7,613.03,43.17,656.2
6985,RSV00008237,2025-03-19,2025-03-24,5,1467.68,223.92,1691.6
6986,RSV00008238,2024-09-14,2024-09-21,7,1081.78,115.09,1196.87
6987,RSV00008240,2026-02-08,2026-02-12,4,862.4,178.81,1041.21
6988,RSV00008241,2026-02-02,2026-02-09,7,984.72,55.72,1040.44
6989,RSV00008242,2025-03-06,2025-03-09,3,221.19,63.7,284.89
6990,RSV00008243,2024-08-15,2024-08-20,5,959.95,226.0,1185.95
6991,RSV00008244,2026-01-15,2026-01-22,7,613.3,46.93,660.23
6992,RSV00008245,2024-11-08,2024-11-13,5,1108.51,117.25,1225.76
6993,RSV00008246,2026-03-25,2026-03-27,2,1382.36,44.89,1427.25
6994,RSV00008247,2026-03-25,2026-04-01,7,363.78,89.36,453.14
6995,RSV00008248,2026-06-05,2026-06-12,7,307.89,210.09,517.98
6996,RSV00008249,2025-09-10,2025-09-14,4,1258.07,126.76,1384.83
6997,RSV00008250,2026-04-28,2026-05-02,4,1352.18,173.72,1525.9
6998,RSV00008251,2025-05-14,2025-05-16,2,516.19,109.29,625.48
6999,RSV00008252,2026-04-22,2026-04-29,7,1407.74,172.58,1580.32
7000,RSV00008253,2025-06-11,2025-06-18,7,1105.36,10.09,1115.45
7001,RSV00008254,2025-11-13,2025-11-18,5,682.52,247.52,930.04
7002,RSV00008255,2024-12-05,2024-12-07,2,215.76,111.45,327.21
7003,RSV00008257,2025-01-27,2025-02-02,6,168.89,228.84,397.73
7004,RSV00008258,2025-08-24,2025-08-27,3,208.51,229.49,438.0
7005,RSV00008259,2024-09-02,2024-09-06,4,1495.57,10.51,1506.08
7006,RSV00008260,2026-02-23,2026-02-27,4,747.97,110.75,858.72
7007,RSV00008261,2025-01-08,2025-01-11,3,1127.88,0.45,1128.33
7008,RSV00008262,2024-08-25,2024-08-27,2,1204.02,52.63,1256.65
7009,RSV00008263,2025-05-30,2025-05-31,1,842.81,237.11,1079.92
7010,RSV00008264,2025-05-12,2025-05-16,4,982.37,245.41,1227.78
7011,RSV00008265,2025-11-09,2025-11-16,7,319.33,153.55,472.88
7012,RSV00008266,2025-02-02,2025-02-04,2,931.92,182.74,1114.66
7013,RSV00008267,2025-10-02,2025-10-06,4,1313.69,36.57,1350.26
7014,RSV00008268,2024-08-22,2024-08-23,1,773.09,110.08,883.17
7015,RSV00008269,2025-10-20,2025-10-24,4,632.71,101.38,734.09
7016,RSV00008270,2026-05-14,2026-05-18,4,268.8,4.51,273.31
7017,RSV00008271,2025-04-12,2025-04-17,5,1268.31,165.72,1434.03
7018,RSV00008272,2026-06-28,2026-07-04,6,164.94,131.18,296.12
7019,RSV00008274,2024-11-22,2024-11-29,7,1053.3,35.47,1088.77
7020,RSV00008275,2026-01-18,2026-01-24,6,584.81,237.42,822.23
7021,RSV00008276,2024-12-09,2024-12-14,5,670.46,42.78,713.24
7022,RSV00008277,2024-08-02,2024-08-05,3,95.6,156.94,252.54
7023,RSV00008278,2024-11-06,2024-11-13,7,1003.13,34.61,1037.74
7024,RSV00008280,2024-07-18,2024-07-25,7,641.32,198.01,839.33
7025,RSV00008281,2025-10-24,2025-10-29,5,1339.51,37.05,1376.56
7026,RSV00008282,2024-09-16,2024-09-18,2,1359.45,165.06,1524.51
7027,RSV00008285,2025-07-23,2025-07-25,2,82.59,202.68,285.27
7028,RSV00008286,2025-06-11,2025-06-17,6,902.68,150.08,1052.76
7029,RSV00008287,2025-09-16,2025-09-23,7,938.68,152.96,1091.64
7030,RSV00008288,2025-09-12,2025-09-18,6,1431.06,151.43,1582.49
7031,RSV00008289,2024-10-03,2024-10-09,6,1284.58,154.26,1438.84
7032,RSV00008290,2024-12-05,2024-12-12,7,420.23,205.95,626.18
7033,RSV00008291,2024-11-29,2024-12-06,7,580.6,60.08,640.68
7034,RSV00008292,2025-06-23,2025-06-28,5,913.36,225.39,1138.75
7035,RSV00008293,2026-04-23,2026-04-29,6,525.19,90.9,616.09
7036,RSV00008294,2025-06-01,2025-06-02,1,1496.58,65.12,1561.7
7037,RSV00008295,2024-06-24,2024-06-28,4,1468.06,158.34,1626.4
7038,RSV00008296,2025-08-18,2025-08-25,7,1373.96,79.22,1453.18
7039,RSV00008297,2025-11-08,2025-11-10,2,737.83,137.85,875.68
7040,RSV00008300,2024-06-04,2024-06-07,3,662.09,54.2,716.29
7041,RSV00008301,2025-06-01,2025-06-05,4,145.77,120.26,266.03
7042,RSV00008302,2024-09-19,2024-09-20,1,1186.13,38.82,1224.95
7043,RSV00008303,2024-10-12,2024-10-18,6,500.45,81.37,581.82
7044,RSV00008304,2026-06-17,2026-06-24,7,1267.8,139.67,1407.47
7045,RSV00008305,2024-09-08,2024-09-09,1,853.48,141.21,994.69
7046,RSV00008306,2026-01-04,2026-01-09,5,1238.15,70.77,1308.92
7047,RSV00008307,2025-08-13,2025-08-14,1,762.25,202.77,965.02
7048,RSV00008308,2024-08-03,2024-08-09,6,1436.32,21.13,1457.45
7049,RSV00008309,2026-02-28,2026-03-07,7,1294.4,248.94,1543.34
7050,RSV00008310,2024-08-05,2024-08-10,5,1080.57,82.38,1162.95
7051,RSV00008311,2026-06-01,2026-06-04,3,1250.85,92.55,1343.4
7052,RSV00008312,2024-08-19,2024-08-24,5,944.84,133.68,1078.52
7053,RSV00008313,2026-03-14,2026-03-17,3,352.81,88.58,441.39
7054,RSV00008314,2024-09-29,2024-10-05,6,689.8,98.44,788.24
7055,RSV00008315,2024-11-14,2024-11-19,5,649.97,60.68,710.65
7056,RSV00008316,2026-02-02,2026-02-07,5,803.27,94.62,897.89
7057,RSV00008317,2025-12-07,2025-12-11,4,753.34,213.01,966.35
7058,RSV00008318,2024-09-12,2024-09-17,5,591.53,9.26,600.79
7059,RSV00008319,2024-08-14,2024-08-17,3,726.53,53.3,779.83
7060,RSV00008320,2025-08-01,2025-08-08,7,388.66,26.9,415.56
7061,RSV00008321,2026-01-13,2026-01-18,5,393.07,201.22,594.29
7062,RSV00008322,2025-12-20,2025-12-23,3,569.5,235.03,804.53
7063,RSV00008323,2025-05-14,2025-05-17,3,991.71,229.35,1221.06
7064,RSV00008324,2024-07-14,2024-07-17,3,1182.09,111.48,1293.57
7065,RSV00008326,2025-05-15,2025-05-19,4,1306.35,61.97,1368.32
7066,RSV00008327,2025-08-25,2025-09-01,7,889.01,70.71,959.72
7067,RSV00008328,2025-02-14,2025-02-21,7,428.5,81.33,509.83
7068,RSV00008329,2026-03-16,2026-03-22,6,1068.15,80.76,1148.91
7069,RSV00008330,2025-07-12,2025-07-17,5,296.53,92.74,389.27
7070,RSV00008331,2024-11-26,2024-11-27,1,1400.34,102.83,1503.17
7071,RSV00008332,2026-06-01,2026-06-04,3,896.21,219.34,1115.55
7072,RSV00008333,2026-05-13,2026-05-14,1,844.67,142.23,986.9
7073,RSV00008334,2025-02-04,2025-02-09,5,1430.2,61.67,1491.87
7074,RSV00008335,2024-11-02,2024-11-07,5,1244.7,88.83,1333.53
7075,RSV00008336,2025-03-20,2025-03-27,7,574.03,24.0,598.03
7076,RSV00008337,2024-10-30,2024-10-31,1,823.18,191.03,1014.21
7077,RSV00008338,2024-10-05,2024-10-09,4,1119.93,22.76,1142.69
7078,RSV00008339,2025-01-14,2025-01-20,6,1108.78,228.5,1337.28
7079,RSV00008340,2025-01-24,2025-01-29,5,1469.23,83.27,1552.5
7080,RSV00008341,2025-11-04,2025-11-05,1,719.39,184.89,904.28
7081,RSV00008342,2025-06-08,2025-06-10,2,1374.18,75.96,1450.14
7082,RSV00008343,2025-11-28,2025-11-29,1,162.69,11.17,173.86
7083,RSV00008344,2025-11-17,2025-11-19,2,110.66,160.42,271.08
7084,RSV00008345,2025-06-07,2025-06-14,7,590.82,2.61,593.43
7085,RSV00008346,2025-11-24,2025-11-30,6,1414.3,13.62,1427.92
7086,RSV00008347,2025-09-08,2025-09-14,6,301.09,3.09,304.18
7087,RSV00008348,2025-04-15,2025-04-18,3,1463.78,83.43,1547.21
7088,RSV00008349,2025-03-04,2025-03-11,7,314.64,26.92,341.56
7089,RSV00008350,2024-07-14,2024-07-21,7,303.61,208.46,512.07
7090,RSV00008351,2026-02-23,2026-03-02,7,960.3,234.48,1194.78
7091,RSV00008354,2024-08-30,2024-08-31,1,1045.45,219.61,1265.06
7092,RSV00008355,2025-03-09,2025-03-13,4,214.46,99.36,313.82
7093,RSV00008356,2024-10-14,2024-10-16,2,261.26,82.88,344.14
7094,RSV00008358,2025-02-07,2025-02-14,7,1473.51,201.04,1674.55
7095,RSV00008359,2024-08-29,2024-09-05,7,1144.88,8.39,1153.27
7096,RSV00008360,2025-10-15,2025-10-19,4,890.84,147.92,1038.76
7097,RSV00008361,2024-10-15,2024-10-20,5,1350.23,105.3,1455.53
7098,RSV00008362,2024-07-10,2024-07-12,2,1441.18,68.31,1509.49
7099,RSV00008363,2024-09-18,2024-09-20,2,1128.54,200.84,1329.38
7100,RSV00008365,2025-01-17,2025-01-24,7,372.07,171.89,543.96
7101,RSV00008366,2025-10-11,2025-10-14,3,231.7,27.55,259.25
7102,RSV00008367,2025-12-19,2025-12-22,3,427.82,241.7,669.52
7103,RSV00008368,2025-08-30,2025-09-06,7,1332.25,60.65,1392.9
7104,RSV00008369,2025-01-21,2025-01-24,3,1050.78,106.51,1157.29
7105,RSV00008370,2025-06-23,2025-06-28,5,1404.74,199.52,1604.26
7106,RSV00008371,2024-10-25,2024-10-30,5,397.33,193.84,591.17
7107,RSV00008372,2025-11-28,2025-12-03,5,1266.4,47.26,1313.66
7108,RSV00008373,2026-05-27,2026-06-02,6,1176.11,209.47,1385.58
7109,RSV00008374,2026-04-09,2026-04-15,6,219.71,248.06,467.77
7110,RSV00008375,2025-06-20,2025-06-21,1,738.61,187.2,925.81
7111,RSV00008376,2025-08-15,2025-08-20,5,703.62,99.36,802.98
7112,RSV00008377,2025-12-04,2025-12-10,6,1288.25,39.39,1327.64
7113,RSV00008378,2024-08-21,2024-08-27,6,855.94,228.32,1084.26
7114,RSV00008380,2025-09-18,2025-09-19,1,372.73,225.76,598.49
7115,RSV00008381,2026-04-24,2026-04-30,6,1485.6,114.07,1599.67
7116,RSV00008382,2024-09-21,2024-09-24,3,687.27,91.06,778.33
7117,RSV00008383,2025-05-23,2025-05-28,5,707.48,13.86,721.34
7118,RSV00008385,2024-10-15,2024-10-21,6,1061.41,12.37,1073.78
7119,RSV00008386,2026-01-06,2026-01-12,6,829.76,7.42,837.18
7120,RSV00008387,2024-09-21,2024-09-28,7,743.88,152.95,896.83
7121,RSV00008389,2025-05-02,2025-05-03,1,302.43,118.32,420.75
7122,RSV00008390,2025-08-29,2025-09-01,3,534.81,54.7,589.51
7123,RSV00008391,2024-11-04,2024-11-10,6,1381.95,68.93,1450.88
7124,RSV00008392,2025-11-16,2025-11-21,5,1181.65,61.26,1242.91
7125,RSV00008393,2026-02-07,2026-02-08,1,992.96,190.98,1183.94
7126,RSV00008395,2025-01-28,2025-02-03,6,341.8,11.92,353.72
7127,RSV00008396,2026-06-03,2026-06-06,3,605.15,39.13,644.28
7128,RSV00008397,2026-06-18,2026-06-25,7,1064.38,18.1,1082.48
7129,RSV00008399,2024-06-29,2024-07-03,4,743.57,61.28,804.85
7130,RSV00008400,2025-08-21,2025-08-24,3,87.93,139.97,227.9
7131,RSV00008402,2025-10-14,2025-10-21,7,757.12,179.44,936.56
7132,RSV00008403,2026-06-16,2026-06-22,6,1127.24,52.71,1179.95
7133,RSV00008404,2026-05-12,2026-05-14,2,445.31,227.41,672.72
7134,RSV00008406,2025-08-11,2025-08-15,4,552.03,194.19,746.22
7135,RSV00008407,2026-03-05,2026-03-10,5,412.01,200.37,612.38
7136,RSV00008408,2026-02-06,2026-02-11,5,434.06,56.23,490.29
7137,RSV00008409,2025-12-13,2025-12-20,7,1353.65,29.13,1382.78
7138,RSV00008410,2025-08-29,2025-09-02,4,1092.0,0.48,1092.48
7139,RSV00008411,2026-05-14,2026-05-17,3,1347.14,147.98,1495.12
7140,RSV00008412,2025-01-29,2025-01-31,2,1470.42,47.31,1517.73
7141,RSV00008413,2025-02-13,2025-02-14,1,319.19,138.62,457.81
7142,RSV00008414,2025-06-30,2025-07-06,6,733.49,156.5,889.99
7143,RSV00008415,2025-02-24,2025-02-26,2,1426.09,229.52,1655.61
7144,RSV00008416,2024-07-14,2024-07-21,7,1296.95,115.44,1412.39
7145,RSV00008417,2025-10-11,2025-10-17,6,463.0,162.05,625.05
7146,RSV00008418,2025-03-01,2025-03-04,3,1126.6,233.16,1359.76
7147,RSV00008419,2024-10-26,2024-10-31,5,677.84,31.72,709.56
7148,RSV00008420,2025-09-02,2025-09-06,4,840.22,125.74,965.96
7149,RSV00008422,2026-05-06,2026-05-07,1,1224.26,130.28,1354.54
7150,RSV00008423,2024-10-19,2024-10-26,7,794.57,80.1,874.67
7151,RSV00008425,2025-06-10,2025-06-14,4,1233.55,221.9,1455.45
7152,RSV00008426,2026-01-08,2026-01-13,5,1411.01,147.12,1558.13
7153,RSV00008429,2025-09-12,2025-09-14,2,224.11,227.09,451.2
7154,RSV00008430,2025-10-18,2025-10-22,4,373.35,143.49,516.84
7155,RSV00008431,2025-04-10,2025-04-12,2,1149.64,136.85,1286.49
7156,RSV00008432,2025-11-19,2025-11-22,3,977.91,138.15,1116.06
7157,RSV00008433,2025-03-23,2025-03-30,7,544.92,27.86,572.78
7158,RSV00008434,2024-12-14,2024-12-17,3,1327.45,179.33,1506.78
7159,RSV00008435,2026-02-27,2026-03-06,7,776.83,59.94,836.77
7160,RSV00008436,2026-01-15,2026-01-21,6,805.21,10.11,815.32
7161,RSV00008437,2024-11-27,2024-12-02,5,834.23,197.1,1031.33
7162,RSV00008438,2024-11-25,2024-11-29,4,980.58,202.92,1183.5
7163,RSV00008439,2026-03-07,2026-03-11,4,971.87,24.27,996.14
7164,RSV00008440,2025-08-04,2025-08-06,2,1030.05,160.87,1190.92
7165,RSV00008441,2025-09-05,2025-09-12,7,1181.19,168.36,1349.55
7166,RSV00008442,2025-08-03,2025-08-04,1,809.41,69.76,879.17
7167,RSV00008443,2026-05-23,2026-05-26,3,1078.02,154.72,1232.74
7168,RSV00008444,2025-08-26,2025-08-29,3,771.4,216.01,987.41
7169,RSV00008445,2024-10-03,2024-10-08,5,519.2,47.21,566.41
7170,RSV00008447,2024-06-29,2024-07-06,7,929.3,130.08,1059.38
7171,RSV00008448,2026-07-07,2026-07-12,5,976.25,64.41,1040.66
7172,RSV00008450,2025-04-06,2025-04-09,3,663.23,119.85,783.08
7173,RSV00008451,2025-09-14,2025-09-19,5,902.84,26.25,929.09
7174,RSV00008454,2025-05-27,2025-05-30,3,727.91,164.15,892.06
7175,RSV00008455,2025-12-05,2025-12-08,3,987.52,31.06,1018.58
7176,RSV00008457,2025-12-31,2026-01-03,3,847.36,110.92,958.28
7177,RSV00008458,2025-09-13,2025-09-20,7,1284.56,176.92,1461.48
7178,RSV00008459,2025-03-15,2025-03-19,4,216.82,201.4,418.22
7179,RSV00008460,2026-01-16,2026-01-18,2,363.45,186.42,549.87
7180,RSV00008461,2024-09-07,2024-09-14,7,394.89,23.04,417.93
7181,RSV00008464,2024-07-26,2024-07-30,4,253.43,50.27,303.7
7182,RSV00008465,2025-12-05,2025-12-09,4,1478.03,122.16,1600.19
7183,RSV00008467,2024-08-11,2024-08-16,5,1375.46,224.86,1600.32
7184,RSV00008468,2024-12-18,2024-12-22,4,254.0,134.91,388.91
7185,RSV00008469,2025-03-19,2025-03-20,1,1079.65,47.29,1126.94
7186,RSV00008470,2025-04-13,2025-04-14,1,869.64,72.95,942.59
7187,RSV00008471,2025-11-25,2025-11-29,4,721.69,138.57,860.26
7188,RSV00008472,2026-06-17,2026-06-22,5,602.38,16.01,618.39
7189,RSV00008473,2024-12-22,2024-12-23,1,196.12,183.11,379.23
7190,RSV00008474,2025-09-05,2025-09-09,4,1092.75,166.61,1259.36
7191,RSV00008475,2025-09-22,2025-09-24,2,689.74,168.44,858.18
7192,RSV00008476,2025-11-19,2025-11-26,7,1019.36,60.73,1080.09
7193,RSV00008477,2025-08-30,2025-08-31,1,119.74,14.11,133.85
7194,RSV00008478,2024-11-25,2024-11-30,5,436.2,212.9,649.1
7195,RSV00008479,2026-07-15,2026-07-17,2,329.11,66.97,396.08
7196,RSV00008480,2025-06-29,2025-07-03,4,982.16,21.69,1003.85
7197,RSV00008481,2025-12-22,2025-12-23,1,1038.83,79.47,1118.3
7198,RSV00008483,2024-08-19,2024-08-22,3,711.62,26.5,738.12
7199,RSV00008485,2025-07-18,2025-07-22,4,594.23,111.49,705.72
7200,RSV00008486,2025-03-17,2025-03-20,3,817.89,124.57,942.46
7201,RSV00008487,2025-08-26,2025-08-30,4,831.84,95.62,927.46
7202,RSV00008488,2026-05-28,2026-06-02,5,445.19,122.36,567.55
7203,RSV00008489,2025-08-11,2025-08-15,4,1459.73,89.21,1548.94
7204,RSV00008494,2025-09-17,2025-09-24,7,196.8,128.64,325.44
7205,RSV00008496,2025-05-07,2025-05-10,3,813.62,21.32,834.94
7206,RSV00008498,2026-06-29,2026-07-04,5,1204.86,230.48,1435.34
7207,RSV00008499,2026-06-29,2026-07-04,5,1457.63,236.98,1694.61
7208,RSV00008500,2025-04-28,2025-05-01,3,460.51,116.02,576.53
7209,RSV00008501,2024-10-03,2024-10-10,7,332.62,215.95,548.57
7210,RSV00008502,2024-12-14,2024-12-20,6,1430.92,113.3,1544.22
7211,RSV00008503,2025-05-18,2025-05-21,3,982.75,176.01,1158.76
7212,RSV00008504,2026-03-24,2026-03-26,2,1092.18,36.58,1128.76
7213,RSV00008505,2026-05-21,2026-05-25,4,331.2,141.31,472.51
7214,RSV00008507,2025-02-12,2025-02-14,2,1413.34,227.08,1640.42
7215,RSV00008508,2024-09-12,2024-09-13,1,943.39,118.65,1062.04
7216,RSV00008509,2025-02-28,2025-03-06,6,881.7,136.44,1018.14
7217,RSV00008510,2025-11-11,2025-11-13,2,295.35,241.03,536.38
7218,RSV00008512,2025-09-03,2025-09-10,7,1285.13,155.11,1440.24
7219,RSV00008513,2025-05-02,2025-05-05,3,1179.36,72.39,1251.75
7220,RSV00008514,2025-11-10,2025-11-16,6,457.3,31.44,488.74
7221,RSV00008515,2024-12-27,2025-01-02,6,677.2,27.81,705.01
7222,RSV00008516,2024-09-06,2024-09-07,1,1263.54,70.54,1334.08
7223,RSV00008517,2025-10-07,2025-10-09,2,1454.23,165.53,1619.76
7224,RSV00008518,2026-01-06,2026-01-13,7,861.28,44.2,905.48
7225,RSV00008519,2025-02-02,2025-02-07,5,882.33,108.93,991.26
7226,RSV00008520,2025-02-27,2025-03-05,6,1182.17,215.74,1397.91
7227,RSV00008523,2026-06-17,2026-06-20,3,700.74,97.02,797.76
7228,RSV00008524,2026-05-17,2026-05-18,1,1318.71,134.81,1453.52
7229,RSV00008525,2025-01-30,2025-02-02,3,878.33,185.34,1063.67
7230,RSV00008526,2024-09-28,2024-10-04,6,1265.4,43.9,1309.3
7231,RSV00008528,2024-08-26,2024-08-31,5,931.03,24.05,955.08
7232,RSV00008529,2025-03-04,2025-03-05,1,1382.33,19.2,1401.53
7233,RSV00008530,2026-04-04,2026-04-05,1,676.43,235.85,912.28
7234,RSV00008531,2025-11-13,2025-11-14,1,1215.1,70.32,1285.42
7235,RSV00008532,2025-12-20,2025-12-23,3,1230.41,135.71,1366.12
7236,RSV00008533,2025-07-05,2025-07-07,2,1061.43,203.4,1264.83
7237,RSV00008534,2024-12-02,2024-12-05,3,1316.93,173.6,1490.53
7238,RSV00008535,2024-07-05,2024-07-06,1,892.35,51.29,943.64
7239,RSV00008537,2025-09-13,2025-09-20,7,582.52,57.53,640.05
7240,RSV00008538,2024-09-26,2024-10-02,6,446.36,125.69,572.05
7241,RSV00008539,2026-02-13,2026-02-14,1,1435.69,130.01,1565.7
7242,RSV00008540,2024-12-17,2024-12-19,2,336.84,221.43,558.27
7243,RSV00008541,2026-06-04,2026-06-09,5,103.43,120.07,223.5
7244,RSV00008542,2025-08-14,2025-08-15,1,756.48,235.75,992.23
7245,RSV00008543,2024-09-08,2024-09-09,1,462.56,195.39,657.95
7246,RSV00008544,2024-08-05,2024-08-08,3,373.61,24.74,398.35
7247,RSV00008545,2026-06-04,2026-06-09,5,287.45,103.54,390.99
7248,RSV00008546,2024-06-24,2024-06-27,3,877.6,66.55,944.15
7249,RSV00008547,2024-09-12,2024-09-15,3,1191.11,36.79,1227.9
7250,RSV00008548,2025-04-01,2025-04-08,7,162.89,145.04,307.93
7251,RSV00008549,2026-04-29,2026-05-04,5,939.61,160.36,1099.97
7252,RSV00008551,2024-08-18,2024-08-25,7,154.2,21.96,176.16
7253,RSV00008552,2025-03-29,2025-04-05,7,906.49,117.27,1023.76
7254,RSV00008553,2025-03-09,2025-03-12,3,1283.09,116.5,1399.59
7255,RSV00008554,2026-05-21,2026-05-28,7,393.98,71.32,465.3
7256,RSV00008555,2025-07-27,2025-08-01,5,94.56,200.71,295.27
7257,RSV00008557,2024-12-30,2025-01-06,7,654.03,82.49,736.52
7258,RSV00008559,2026-01-20,2026-01-26,6,1344.16,172.21,1516.37
7259,RSV00008560,2025-07-07,2025-07-10,3,126.58,139.85,266.43
7260,RSV00008562,2025-10-10,2025-10-16,6,1001.0,41.38,1042.38
7261,RSV00008563,2026-02-09,2026-02-15,6,708.66,35.2,743.86
7262,RSV00008564,2026-05-02,2026-05-04,2,278.73,3.23,281.96
7263,RSV00008566,2025-07-29,2025-08-01,3,339.26,90.67,429.93
7264,RSV00008567,2024-12-14,2024-12-21,7,136.63,64.28,200.91
7265,RSV00008568,2025-06-23,2025-06-24,1,1075.83,59.55,1135.38
7266,RSV00008569,2024-12-31,2025-01-07,7,796.11,121.87,917.98
7267,RSV00008571,2026-06-03,2026-06-06,3,1466.14,44.29,1510.43
7268,RSV00008572,2025-08-18,2025-08-21,3,756.1,143.57,899.67
7269,RSV00008573,2025-06-30,2025-07-05,5,881.17,106.07,987.24
7270,RSV00008574,2024-08-27,2024-08-31,4,798.69,36.71,835.4
7271,RSV00008575,2026-01-11,2026-01-16,5,718.32,241.81,960.13
7272,RSV00008579,2025-08-12,2025-08-17,5,872.91,244.14,1117.05
7273,RSV00008580,2026-05-14,2026-05-19,5,696.48,211.53,908.01
7274,RSV00008581,2025-02-07,2025-02-09,2,1455.07,83.61,1538.68
7275,RSV00008583,2025-10-29,2025-11-04,6,1498.98,246.62,1745.6
7276,RSV00008584,2025-01-22,2025-01-25,3,1141.89,172.79,1314.68
7277,RSV00008585,2025-09-07,2025-09-11,4,739.79,157.97,897.76
7278,RSV00008586,2024-08-08,2024-08-14,6,563.45,51.32,614.77
7279,RSV00008587,2026-04-14,2026-04-16,2,970.23,164.3,1134.53
7280,RSV00008588,2024-08-10,2024-08-13,3,361.17,147.77,508.94
7281,RSV00008589,2024-09-27,2024-10-04,7,162.27,2.95,165.22
7282,RSV00008590,2026-05-20,2026-05-22,2,518.13,84.2,602.33
7283,RSV00008591,2026-03-24,2026-03-25,1,265.04,157.16,422.2
7284,RSV00008592,2026-01-11,2026-01-15,4,392.29,129.46,521.75
7285,RSV00008593,2025-07-09,2025-07-16,7,545.13,12.83,557.96
7286,RSV00008595,2025-03-08,2025-03-11,3,666.52,186.45,852.97
7287,RSV00008596,2025-12-31,2026-01-05,5,562.61,187.15,749.76
7288,RSV00008597,2025-08-02,2025-08-05,3,1129.45,122.39,1251.84
7289,RSV00008598,2025-07-18,2025-07-21,3,1461.63,61.2,1522.83
7290,RSV00008599,2025-10-14,2025-10-19,5,1112.61,83.89,1196.5
7291,RSV00008601,2026-02-04,2026-02-05,1,1407.27,180.88,1588.15
7292,RSV00008603,2026-04-01,2026-04-06,5,164.49,64.28,228.77
7293,RSV00008604,2025-06-11,2025-06-15,4,1218.87,230.73,1449.6
7294,RSV00008605,2026-02-16,2026-02-20,4,1396.03,87.66,1483.69
7295,RSV00008607,2024-09-23,2024-09-25,2,747.55,22.74,770.29
7296,RSV00008608,2024-07-06,2024-07-08,2,99.36,87.62,186.98
7297,RSV00008609,2026-01-14,2026-01-21,7,430.85,81.12,511.97
7298,RSV00008610,2024-11-20,2024-11-22,2,1227.26,175.78,1403.04
7299,RSV00008611,2025-11-24,2025-11-26,2,1001.45,173.18,1174.63
7300,RSV00008612,2026-05-13,2026-05-14,1,1077.43,45.62,1123.05
7301,RSV00008613,2025-09-22,2025-09-24,2,1106.92,4.83,1111.75
7302,RSV00008614,2024-12-21,2024-12-28,7,190.84,50.77,241.61
7303,RSV00008615,2024-11-05,2024-11-06,1,1409.74,90.45,1500.19
7304,RSV00008616,2024-09-16,2024-09-23,7,86.73,14.59,101.32
7305,RSV00008617,2025-10-11,2025-10-14,3,897.92,223.09,1121.01
7306,RSV00008618,2024-12-25,2024-12-28,3,196.89,53.9,250.79
7307,RSV00008619,2024-07-26,2024-07-31,5,1283.48,68.09,1351.57
7308,RSV00008621,2024-06-18,2024-06-21,3,711.48,128.1,839.58
7309,RSV00008622,2025-11-16,2025-11-18,2,1486.05,98.76,1584.81
7310,RSV00008623,2026-01-30,2026-02-06,7,1250.55,76.35,1326.9
7311,RSV00008624,2025-11-10,2025-11-13,3,905.26,239.75,1145.01
7312,RSV00008625,2024-08-16,2024-08-17,1,90.19,139.67,229.86
7313,RSV00008626,2024-09-04,2024-09-08,4,1021.59,124.34,1145.93
7314,RSV00008627,2025-01-27,2025-01-29,2,815.52,63.38,878.9
7315,RSV00008628,2025-10-07,2025-10-13,6,1153.82,157.69,1311.51
7316,RSV00008629,2025-06-13,2025-06-19,6,579.62,128.86,708.48
7317,RSV00008630,2025-09-01,2025-09-07,6,1176.26,162.94,1339.2
7318,RSV00008631,2025-12-07,2025-12-08,1,657.5,246.11,903.61
7319,RSV00008632,2025-03-02,2025-03-05,3,305.59,235.19,540.78
7320,RSV00008633,2025-10-08,2025-10-11,3,759.15,103.51,862.66
7321,RSV00008635,2024-06-22,2024-06-23,1,1290.1,85.49,1375.59
7322,RSV00008636,2024-11-10,2024-11-13,3,797.55,209.99,1007.54
7323,RSV00008637,2025-07-27,2025-08-02,6,792.52,47.76,840.28
7324,RSV00008638,2026-04-30,2026-05-06,6,527.06,102.91,629.97
7325,RSV00008639,2024-10-20,2024-10-23,3,1454.5,136.17,1590.67
7326,RSV00008640,2025-03-31,2025-04-01,1,389.46,25.09,414.55
7327,RSV00008641,2026-02-19,2026-02-20,1,275.17,36.82,311.99
7328,RSV00008642,2025-11-16,2025-11-23,7,1464.16,32.44,1496.6
7329,RSV00008643,2025-06-22,2025-06-26,4,259.32,28.78,288.1
7330,RSV00008644,2025-03-23,2025-03-25,2,1054.06,215.29,1269.35
7331,RSV00008645,2024-10-10,2024-10-13,3,1069.32,81.42,1150.74
7332,RSV00008646,2025-06-22,2025-06-26,4,1338.44,171.47,1509.91
7333,RSV00008647,2026-04-23,2026-04-29,6,186.6,224.41,411.01
7334,RSV00008649,2024-08-24,2024-08-26,2,620.23,211.38,831.61
7335,RSV00008650,2025-04-17,2025-04-23,6,712.19,5.37,717.56
7336,RSV00008651,2026-02-18,2026-02-20,2,612.19,90.03,702.22
7337,RSV00008652,2026-06-22,2026-06-23,1,1112.28,128.78,1241.06
7338,RSV00008653,2024-10-15,2024-10-21,6,922.63,36.75,959.38
7339,RSV00008654,2025-03-31,2025-04-04,4,943.27,200.97,1144.24
7340,RSV00008655,2025-03-29,2025-04-05,7,540.26,114.45,654.71
7341,RSV00008656,2025-01-14,2025-01-15,1,996.43,22.17,1018.6
7342,RSV00008657,2024-11-10,2024-11-12,2,320.74,65.15,385.89
7343,RSV00008658,2025-05-17,2025-05-20,3,522.7,79.84,602.54
7344,RSV00008659,2025-03-14,2025-03-19,5,1441.94,124.57,1566.51
7345,RSV00008660,2025-12-15,2025-12-19,4,666.99,142.16,809.15
7346,RSV00008663,2024-06-24,2024-06-30,6,597.29,23.19,620.48
7347,RSV00008664,2025-01-07,2025-01-08,1,430.82,42.44,473.26
7348,RSV00008665,2024-08-14,2024-08-15,1,1243.34,143.11,1386.45
7349,RSV00008666,2025-05-26,2025-05-30,4,643.68,153.12,796.8
7350,RSV00008667,2026-06-04,2026-06-09,5,1307.1,99.32,1406.42
7351,RSV00008668,2026-06-22,2026-06-23,1,734.58,34.68,769.26
7352,RSV00008669,2025-02-03,2025-02-07,4,1248.29,36.13,1284.42
7353,RSV00008670,2025-03-23,2025-03-30,7,699.77,83.43,783.2
7354,RSV00008671,2024-07-13,2024-07-14,1,1284.04,140.63,1424.67
7355,RSV00008672,2025-03-26,2025-03-31,5,557.88,104.3,662.18
7356,RSV00008673,2025-04-22,2025-04-25,3,1327.93,98.49,1426.42
7357,RSV00008674,2024-09-26,2024-09-30,4,257.19,227.5,484.69
7358,RSV00008675,2025-12-16,2025-12-20,4,1270.0,30.13,1300.13
7359,RSV00008676,2024-12-11,2024-12-13,2,1431.45,47.07,1478.52
7360,RSV00008677,2025-01-27,2025-01-29,2,1248.52,53.86,1302.38
7361,RSV00008678,2024-10-12,2024-10-14,2,295.71,177.06,472.77
7362,RSV00008679,2025-09-12,2025-09-18,6,568.72,236.55,805.27
7363,RSV00008680,2025-03-28,2025-03-30,2,711.11,191.43,902.54
7364,RSV00008681,2024-07-16,2024-07-18,2,600.39,180.08,780.47
7365,RSV00008682,2025-03-02,2025-03-08,6,1087.39,1.6,1088.99
7366,RSV00008684,2024-08-09,2024-08-11,2,585.3,73.65,658.95
7367,RSV00008685,2024-11-25,2024-12-02,7,262.76,12.58,275.34
7368,RSV00008686,2025-12-11,2025-12-18,7,196.15,24.69,220.84
7369,RSV00008687,2025-07-23,2025-07-25,2,1316.97,107.5,1424.47
7370,RSV00008688,2025-06-17,2025-06-21,4,427.45,124.85,552.3
7371,RSV00008691,2025-11-26,2025-11-29,3,291.06,122.49,413.55
7372,RSV00008692,2024-09-18,2024-09-21,3,597.49,59.16,656.65
7373,RSV00008693,2024-10-17,2024-10-21,4,147.04,130.53,277.57
7374,RSV00008694,2025-02-10,2025-02-15,5,862.97,228.11,1091.08
7375,RSV00008695,2025-06-22,2025-06-27,5,1422.98,239.73,1662.71
7376,RSV00008696,2025-10-26,2025-11-02,7,1332.04,197.6,1529.64
7377,RSV00008697,2026-02-05,2026-02-11,6,1372.71,183.46,1556.17
7378,RSV00008698,2024-09-05,2024-09-10,5,827.31,42.63,869.94
7379,RSV00008699,2026-03-31,2026-04-01,1,581.78,184.64,766.42
7380,RSV00008700,2024-11-20,2024-11-27,7,414.22,34.31,448.53
7381,RSV00008701,2024-08-04,2024-08-06,2,591.37,4.57,595.94
7382,RSV00008702,2024-10-13,2024-10-18,5,340.79,107.24,448.03
7383,RSV00008703,2025-08-13,2025-08-20,7,1363.86,239.25,1603.11
7384,RSV00008704,2025-11-20,2025-11-24,4,520.44,206.82,727.26
7385,RSV00008705,2025-11-06,2025-11-09,3,995.3,90.88,1086.18
7386,RSV00008707,2024-07-06,2024-07-08,2,847.74,72.92,920.66
7387,RSV00008708,2026-03-21,2026-03-27,6,775.87,129.81,905.68
7388,RSV00008709,2024-10-16,2024-10-20,4,1109.65,191.23,1300.88
7389,RSV00008710,2024-07-09,2024-07-16,7,842.91,183.61,1026.52
7390,RSV00008711,2025-11-25,2025-11-30,5,499.39,153.68,653.07
7391,RSV00008712,2025-05-11,2025-05-14,3,1256.92,243.55,1500.47
7392,RSV00008713,2025-09-20,2025-09-26,6,1335.62,219.27,1554.89
7393,RSV00008714,2025-11-04,2025-11-07,3,778.16,152.87,931.03
7394,RSV00008715,2024-11-22,2024-11-28,6,912.81,174.32,1087.13
7395,RSV00008718,2025-12-09,2025-12-12,3,274.03,9.64,283.67
7396,RSV00008719,2024-11-28,2024-12-05,7,1023.18,175.46,1198.64
7397,RSV00008720,2026-04-18,2026-04-22,4,257.19,232.5,489.69
7398,RSV00008721,2026-01-10,2026-01-12,2,666.23,231.28,897.51
7399,RSV00008722,2025-11-17,2025-11-18,1,148.96,239.25,388.21
7400,RSV00008723,2024-08-09,2024-08-11,2,1198.67,94.57,1293.24
7401,RSV00008724,2025-05-13,2025-05-18,5,337.4,85.71,423.11
7402,RSV00008725,2024-10-25,2024-10-29,4,318.61,136.12,454.73
7403,RSV00008726,2024-07-15,2024-07-20,5,258.54,89.25,347.79
7404,RSV00008727,2024-07-29,2024-08-03,5,670.86,210.5,881.36
7405,RSV00008728,2025-03-22,2025-03-29,7,760.54,39.34,799.88
7406,RSV00008729,2024-10-06,2024-10-11,5,1399.68,242.04,1641.72
7407,RSV00008730,2025-08-25,2025-08-31,6,458.95,119.19,578.14
7408,RSV00008731,2024-11-28,2024-11-29,1,1133.27,155.07,1288.34
7409,RSV00008733,2025-05-15,2025-05-22,7,913.25,133.41,1046.66
7410,RSV00008734,2024-08-08,2024-08-15,7,409.34,45.74,455.08
7411,RSV00008735,2025-03-16,2025-03-17,1,1454.2,128.16,1582.36
7412,RSV00008736,2025-12-28,2025-12-29,1,385.83,229.17,615.0
7413,RSV00008737,2025-04-27,2025-05-03,6,490.55,95.13,585.68
7414,RSV00008738,2026-03-29,2026-04-04,6,1034.22,154.66,1188.88
7415,RSV00008739,2025-03-14,2025-03-19,5,446.33,72.87,519.2
7416,RSV00008741,2025-10-24,2025-10-27,3,692.71,238.77,931.48
7417,RSV00008742,2026-06-22,2026-06-24,2,1009.1,13.25,1022.35
7418,RSV00008743,2025-05-04,2025-05-05,1,1049.16,198.87,1248.03
7419,RSV00008745,2026-05-03,2026-05-05,2,592.36,128.52,720.88
7420,RSV00008747,2026-05-03,2026-05-07,4,724.54,225.62,950.16
7421,RSV00008748,2024-07-28,2024-08-03,6,1055.55,66.08,1121.63
7422,RSV00008749,2026-02-26,2026-03-04,6,389.18,101.43,490.61
7423,RSV00008750,2025-07-30,2025-08-03,4,218.16,145.54,363.7
7424,RSV00008751,2024-12-21,2024-12-22,1,1257.52,39.63,1297.15
7425,RSV00008752,2024-09-15,2024-09-22,7,736.34,121.79,858.13
7426,RSV00008753,2025-04-25,2025-04-30,5,852.21,230.19,1082.4
7427,RSV00008754,2025-08-01,2025-08-04,3,1406.74,143.08,1549.82
7428,RSV00008755,2026-04-26,2026-04-29,3,880.33,91.66,971.99
7429,RSV00008757,2025-09-23,2025-09-28,5,1109.13,33.66,1142.79
7430,RSV00008758,2026-05-14,2026-05-21,7,401.98,152.34,554.32
7431,RSV00008759,2024-11-05,2024-11-12,7,1083.05,204.2,1287.25
7432,RSV00008760,2024-12-05,2024-12-11,6,88.06,213.5,301.56
7433,RSV00008762,2024-06-18,2024-06-19,1,1161.94,100.25,1262.19
7434,RSV00008763,2025-04-23,2025-04-29,6,568.04,12.57,580.61
7435,RSV00008764,2025-07-03,2025-07-04,1,774.72,184.33,959.05
7436,RSV00008765,2025-01-17,2025-01-23,6,536.2,195.92,732.12
7437,RSV00008766,2024-09-09,2024-09-16,7,317.04,212.03,529.07
7438,RSV00008767,2026-04-24,2026-05-01,7,1406.62,171.02,1577.64
7439,RSV00008768,2025-05-29,2025-06-04,6,375.91,187.82,563.73
7440,RSV00008769,2024-10-23,2024-10-28,5,374.73,16.46,391.19
7441,RSV00008770,2024-10-25,2024-10-26,1,247.52,35.36,282.88
7442,RSV00008771,2025-04-25,2025-04-30,5,439.54,158.97,598.51
7443,RSV00008772,2026-04-28,2026-05-01,3,819.05,41.64,860.69
7444,RSV00008773,2025-02-06,2025-02-09,3,1362.02,153.23,1515.25
7445,RSV00008775,2025-10-08,2025-10-15,7,500.87,236.15,737.02
7446,RSV00008776,2025-10-04,2025-10-06,2,235.0,57.35,292.35
7447,RSV00008777,2025-06-23,2025-06-30,7,855.62,172.59,1028.21
7448,RSV00008778,2024-12-06,2024-12-07,1,955.75,101.47,1057.22
7449,RSV00008779,2026-02-11,2026-02-18,7,1025.03,158.41,1183.44
7450,RSV00008780,2026-04-13,2026-04-16,3,440.67,192.33,633.0
7451,RSV00008782,2025-05-09,2025-05-13,4,1116.65,5.93,1122.58
7452,RSV00008783,2025-09-03,2025-09-04,1,713.51,222.09,935.6
7453,RSV00008784,2025-01-17,2025-01-18,1,939.89,61.37,1001.26
7454,RSV00008785,2026-03-03,2026-03-07,4,350.03,1.96,351.99
7455,RSV00008786,2025-12-06,2025-12-10,4,464.3,59.73,524.03
7456,RSV00008787,2026-06-08,2026-06-12,4,919.74,211.92,1131.66
7457,RSV00008788,2025-07-08,2025-07-10,2,312.33,53.54,365.87
7458,RSV00008789,2024-12-22,2024-12-25,3,1112.96,172.82,1285.78
7459,RSV00008790,2024-10-28,2024-11-04,7,354.62,189.06,543.68
7460,RSV00008791,2025-01-19,2025-01-23,4,262.33,167.67,430.0
7461,RSV00008792,2024-12-25,2024-12-31,6,963.21,170.21,1133.42
7462,RSV00008793,2026-01-23,2026-01-27,4,238.48,52.33,290.81
7463,RSV00008794,2026-03-19,2026-03-24,5,203.72,235.31,439.03
7464,RSV00008795,2026-06-10,2026-06-16,6,1456.65,39.9,1496.55
7465,RSV00008796,2025-05-20,2025-05-22,2,827.86,92.64,920.5
7466,RSV00008798,2024-09-09,2024-09-15,6,190.42,119.1,309.52
7467,RSV00008799,2026-02-26,2026-03-01,3,197.39,44.11,241.5
7468,RSV00008800,2026-05-20,2026-05-23,3,165.76,135.09,300.85
7469,RSV00008801,2025-04-07,2025-04-13,6,1369.74,40.52,1410.26
7470,RSV00008802,2026-03-18,2026-03-24,6,406.4,126.78,533.18
7471,RSV00008803,2024-10-28,2024-10-31,3,1106.5,180.88,1287.38
7472,RSV00008805,2026-05-29,2026-05-30,1,878.74,44.66,923.4
7473,RSV00008807,2024-10-23,2024-10-24,1,966.37,226.29,1192.66
7474,RSV00008808,2025-03-05,2025-03-11,6,1407.44,145.09,1552.53
7475,RSV00008809,2026-02-09,2026-02-10,1,346.32,50.73,397.05
7476,RSV00008810,2024-11-30,2024-12-02,2,214.37,73.71,288.08
7477,RSV00008811,2026-04-28,2026-04-30,2,366.06,220.98,587.04
7478,RSV00008812,2025-07-14,2025-07-17,3,1072.89,133.04,1205.93
7479,RSV00008814,2024-12-01,2024-12-07,6,1333.69,60.58,1394.27
7480,RSV00008815,2026-02-10,2026-02-16,6,782.45,151.74,934.19
7481,RSV00008816,2025-01-21,2025-01-27,6,973.08,144.26,1117.34
7482,RSV00008817,2025-12-29,2026-01-03,5,164.78,135.57,300.35
7483,RSV00008818,2026-05-15,2026-05-19,4,736.02,27.41,763.43
7484,RSV00008819,2024-11-09,2024-11-15,6,1097.74,96.36,1194.1
7485,RSV00008820,2026-04-03,2026-04-04,1,943.39,244.94,1188.33
7486,RSV00008821,2024-10-18,2024-10-23,5,564.62,221.66,786.28
7487,RSV00008822,2025-01-06,2025-01-09,3,841.81,152.04,993.85
7488,RSV00008823,2026-01-09,2026-01-16,7,426.82,216.21,643.03
7489,RSV00008824,2025-01-10,2025-01-11,1,164.26,54.53,218.79
7490,RSV00008825,2025-08-30,2025-09-02,3,694.02,49.0,743.02
7491,RSV00008826,2026-02-12,2026-02-15,3,1491.98,150.46,1642.44
7492,RSV00008828,2026-06-08,2026-06-15,7,1243.2,45.13,1288.33
7493,RSV00008829,2024-08-21,2024-08-27,6,935.94,197.1,1133.04
7494,RSV00008830,2025-12-15,2025-12-19,4,732.4,101.02,833.42
7495,RSV00008831,2025-03-04,2025-03-11,7,1113.3,228.54,1341.84
7496,RSV00008832,2025-12-20,2025-12-26,6,647.35,169.16,816.51
7497,RSV00008833,2025-05-07,2025-05-12,5,124.8,93.52,218.32
7498,RSV00008834,2025-10-25,2025-10-28,3,1045.6,223.48,1269.08
7499,RSV00008835,2026-04-03,2026-04-05,2,926.99,249.68,1176.67
7500,RSV00008836,2026-03-18,2026-03-22,4,1143.63,72.57,1216.2
7501,RSV00008837,2024-09-30,2024-10-06,6,608.55,114.77,723.32
7502,RSV00008838,2026-03-29,2026-04-02,4,746.69,215.44,962.13
7503,RSV00008839,2025-12-25,2025-12-31,6,383.03,223.57,606.6
7504,RSV00008841,2025-10-23,2025-10-26,3,822.45,155.73,978.18
7505,RSV00008843,2025-08-06,2025-08-11,5,1269.53,228.2,1497.73
7506,RSV00008844,2025-07-02,2025-07-09,7,715.87,242.81,958.68
7507,RSV00008845,2025-12-15,2025-12-16,1,745.58,91.48,837.06
7508,RSV00008846,2026-02-25,2026-03-04,7,352.83,30.26,383.09
7509,RSV00008847,2024-07-30,2024-08-03,4,1485.94,212.24,1698.18
7510,RSV00008848,2026-02-09,2026-02-16,7,544.67,11.3,555.97
7511,RSV00008849,2024-11-04,2024-11-09,5,839.4,248.08,1087.48
7512,RSV00008850,2026-03-20,2026-03-25,5,1034.36,198.62,1232.98
7513,RSV00008851,2024-06-12,2024-06-16,4,115.55,225.16,340.71
7514,RSV00008852,2026-07-08,2026-07-09,1,419.52,69.87,489.39
7515,RSV00008853,2024-11-25,2024-11-29,4,1499.99,11.75,1511.74
7516,RSV00008855,2026-01-24,2026-01-26,2,1160.71,220.86,1381.57
7517,RSV00008856,2025-05-21,2025-05-26,5,1301.96,235.55,1537.51
7518,RSV00008858,2025-09-29,2025-10-05,6,225.71,175.04,400.75
7519,RSV00008859,2025-09-03,2025-09-10,7,610.29,23.94,634.23
7520,RSV00008860,2026-04-17,2026-04-19,2,1096.58,124.99,1221.57
7521,RSV00008861,2026-05-15,2026-05-20,5,932.24,151.32,1083.56
7522,RSV00008862,2025-08-26,2025-08-28,2,178.55,202.73,381.28
7523,RSV00008863,2026-05-15,2026-05-22,7,227.09,74.1,301.19
7524,RSV00008864,2026-01-22,2026-01-23,1,1192.21,156.23,1348.44
7525,RSV00008865,2025-04-17,2025-04-24,7,486.34,44.58,530.92
7526,RSV00008866,2024-09-28,2024-09-29,1,602.59,196.7,799.29
7527,RSV00008867,2024-08-25,2024-08-31,6,1485.69,54.15,1539.84
7528,RSV00008868,2024-09-13,2024-09-19,6,921.18,35.12,956.3
7529,RSV00008869,2026-02-07,2026-02-11,4,658.53,108.36,766.89
7530,RSV00008870,2026-01-20,2026-01-23,3,1082.95,134.71,1217.66
7531,RSV00008871,2024-12-22,2024-12-29,7,614.75,69.73,684.48
7532,RSV00008872,2025-02-08,2025-02-12,4,567.75,246.96,814.71
7533,RSV00008873,2025-04-28,2025-05-01,3,274.55,67.74,342.29
7534,RSV00008874,2025-05-02,2025-05-05,3,1396.5,177.6,1574.1
7535,RSV00008875,2024-12-11,2024-12-14,3,1073.41,151.75,1225.16
7536,RSV00008877,2024-07-11,2024-07-17,6,783.72,238.63,1022.35
7537,RSV00008879,2025-10-05,2025-10-08,3,143.95,179.0,322.95
7538,RSV00008881,2025-01-20,2025-01-21,1,976.56,95.26,1071.82
7539,RSV00008882,2025-05-20,2025-05-23,3,1461.91,180.26,1642.17
7540,RSV00008883,2026-04-17,2026-04-20,3,879.69,133.23,1012.92
7541,RSV00008884,2025-02-20,2025-02-21,1,770.21,131.98,902.19
7542,RSV00008885,2024-10-03,2024-10-10,7,304.66,182.18,486.84
7543,RSV00008886,2024-10-01,2024-10-07,6,385.55,28.65,414.2
7544,RSV00008888,2025-10-08,2025-10-14,6,971.67,131.77,1103.44
7545,RSV00008889,2024-10-26,2024-10-29,3,1375.06,11.15,1386.21
7546,RSV00008890,2025-12-19,2025-12-22,3,669.13,190.58,859.71
7547,RSV00008891,2026-06-12,2026-06-13,1,553.21,212.28,765.49
7548,RSV00008892,2026-01-02,2026-01-05,3,714.69,93.1,807.79
7549,RSV00008893,2024-11-20,2024-11-23,3,382.49,162.31,544.8
7550,RSV00008894,2025-01-07,2025-01-14,7,531.79,133.49,665.28
7551,RSV00008895,2025-08-25,2025-08-29,4,493.29,168.7,661.99
7552,RSV00008897,2024-06-29,2024-07-04,5,240.11,65.1,305.21
7553,RSV00008898,2026-05-19,2026-05-21,2,1101.4,14.18,1115.58
7554,RSV00008899,2026-03-15,2026-03-19,4,674.01,241.86,915.87
7555,RSV00008900,2025-12-09,2025-12-15,6,1030.58,249.7,1280.28
7556,RSV00008901,2026-05-14,2026-05-20,6,1175.46,6.2,1181.66
7557,RSV00008902,2025-01-25,2025-01-26,1,850.63,101.35,951.98
7558,RSV00008904,2024-09-11,2024-09-16,5,254.14,96.66,350.8
7559,RSV00008905,2024-12-18,2024-12-25,7,565.7,2.72,568.42
7560,RSV00008906,2024-10-17,2024-10-24,7,477.49,106.43,583.92
7561,RSV00008907,2025-09-21,2025-09-24,3,528.85,192.62,721.47
7562,RSV00008908,2025-10-04,2025-10-09,5,222.73,7.2,229.93
7563,RSV00008909,2024-11-28,2024-11-30,2,1457.66,39.54,1497.2
7564,RSV00008910,2025-07-21,2025-07-28,7,864.4,15.15,879.55
7565,RSV00008911,2025-12-26,2026-01-01,6,314.13,201.59,515.72
7566,RSV00008912,2026-02-13,2026-02-17,4,572.5,56.83,629.33
7567,RSV00008913,2024-07-06,2024-07-12,6,855.75,156.22,1011.97
7568,RSV00008914,2025-03-19,2025-03-25,6,374.86,248.05,622.91
7569,RSV00008916,2025-01-07,2025-01-08,1,1421.5,195.59,1617.09
7570,RSV00008918,2025-04-20,2025-04-22,2,855.15,54.27,909.42
7571,RSV00008919,2024-12-06,2024-12-08,2,1088.83,173.82,1262.65
7572,RSV00008920,2026-01-09,2026-01-16,7,661.0,141.18,802.18
7573,RSV00008921,2025-01-17,2025-01-18,1,292.26,131.72,423.98
7574,RSV00008923,2025-04-28,2025-05-02,4,546.26,106.94,653.2
7575,RSV00008924,2025-11-05,2025-11-10,5,1185.19,53.5,1238.69
7576,RSV00008925,2024-09-02,2024-09-07,5,1096.88,229.62,1326.5
7577,RSV00008926,2026-02-02,2026-02-04,2,191.14,218.28,409.42
7578,RSV00008927,2026-05-12,2026-05-16,4,627.04,207.18,834.22
7579,RSV00008928,2026-02-01,2026-02-02,1,174.03,216.8,390.83
7580,RSV00008930,2025-06-20,2025-06-26,6,132.51,220.72,353.23
7581,RSV00008931,2024-12-08,2024-12-12,4,352.77,135.68,488.45
7582,RSV00008933,2025-08-13,2025-08-20,7,1005.31,105.53,1110.84
7583,RSV00008934,2024-07-20,2024-07-26,6,1311.49,135.84,1447.33
7584,RSV00008935,2026-02-07,2026-02-09,2,166.64,84.13,250.77
7585,RSV00008937,2024-11-03,2024-11-05,2,1139.96,27.27,1167.23
7586,RSV00008938,2025-03-20,2025-03-23,3,1306.22,58.95,1365.17
7587,RSV00008939,2025-01-22,2025-01-25,3,163.06,216.72,379.78
7588,RSV00008940,2026-02-25,2026-03-01,4,444.29,188.81,633.1
7589,RSV00008941,2024-07-02,2024-07-09,7,1242.23,190.2,1432.43
7590,RSV00008942,2025-05-14,2025-05-16,2,937.27,228.0,1165.27
7591,RSV00008944,2025-03-27,2025-03-31,4,356.48,168.57,525.05
7592,RSV00008945,2026-04-30,2026-05-02,2,574.89,44.91,619.8
7593,RSV00008946,2026-06-01,2026-06-08,7,343.82,85.18,429.0
7594,RSV00008947,2025-03-26,2025-03-30,4,386.96,119.28,506.24
7595,RSV00008948,2025-09-03,2025-09-06,3,600.62,97.9,698.52
7596,RSV00008949,2026-01-29,2026-01-31,2,882.45,211.51,1093.96
7597,RSV00008950,2024-11-16,2024-11-22,6,647.91,228.97,876.88
7598,RSV00008951,2026-03-10,2026-03-11,1,817.47,73.64,891.11
7599,RSV00008952,2026-05-22,2026-05-25,3,307.48,161.15,468.63
7600,RSV00008954,2025-11-05,2025-11-12,7,711.19,91.69,802.88
7601,RSV00008956,2024-07-18,2024-07-22,4,116.28,178.71,294.99
7602,RSV00008957,2026-02-05,2026-02-10,5,1230.46,136.35,1366.81
7603,RSV00008958,2025-12-25,2025-12-31,6,1244.31,88.46,1332.77
7604,RSV00008959,2026-03-23,2026-03-25,2,762.22,159.14,921.36
7605,RSV00008960,2025-08-28,2025-09-04,7,628.34,160.07,788.41
7606,RSV00008961,2025-04-21,2025-04-23,2,1064.79,138.29,1203.08
7607,RSV00008963,2026-01-07,2026-01-13,6,109.98,186.45,296.43
7608,RSV00008964,2025-03-10,2025-03-14,4,809.78,187.53,997.31
7609,RSV00008966,2025-03-12,2025-03-15,3,377.25,180.52,557.77
7610,RSV00008967,2025-01-01,2025-01-05,4,761.82,189.69,951.51
7611,RSV00008969,2025-01-09,2025-01-12,3,655.03,166.03,821.06
7612,RSV00008970,2026-07-06,2026-07-09,3,462.33,28.98,491.31
7613,RSV00008971,2025-03-18,2025-03-19,1,1114.08,132.8,1246.88
7614,RSV00008972,2025-05-22,2025-05-26,4,1324.99,211.39,1536.38
7615,RSV00008974,2024-11-12,2024-11-19,7,1174.38,61.27,1235.65
7616,RSV00008975,2024-12-07,2024-12-10,3,654.4,35.79,690.19
7617,RSV00008976,2024-08-11,2024-08-18,7,985.54,10.9,996.44
7618,RSV00008979,2026-04-01,2026-04-04,3,1083.65,21.59,1105.24
7619,RSV00008980,2025-05-17,2025-05-22,5,417.0,198.86,615.86
7620,RSV00008981,2025-06-23,2025-06-27,4,1126.47,1.49,1127.96
7621,RSV00008983,2025-10-25,2025-10-28,3,563.35,48.75,612.1
7622,RSV00008984,2025-01-15,2025-01-16,1,881.76,68.5,950.26
7623,RSV00008985,2024-11-01,2024-11-04,3,284.33,134.25,418.58
7624,RSV00008986,2026-02-03,2026-02-07,4,1419.21,205.84,1625.05
7625,RSV00008987,2024-10-04,2024-10-10,6,1267.17,234.71,1501.88
7626,RSV00008988,2025-01-23,2025-01-28,5,269.93,120.24,390.17
7627,RSV00008989,2025-05-19,2025-05-23,4,715.42,4.53,719.95
7628,RSV00008990,2024-10-20,2024-10-21,1,82.31,33.14,115.45
7629,RSV00008991,2025-06-23,2025-06-28,5,961.13,108.51,1069.64
7630,RSV00008992,2025-03-21,2025-03-25,4,675.84,6.01,681.85
7631,RSV00008993,2025-04-01,2025-04-04,3,1128.72,55.79,1184.51
7632,RSV00008995,2025-07-14,2025-07-20,6,567.68,163.49,731.17
7633,RSV00008998,2026-04-26,2026-04-29,3,88.1,161.74,249.84
7634,RSV00008999,2025-11-11,2025-11-18,7,854.28,104.5,958.78
7635,RSV00009000,2024-09-28,2024-10-05,7,201.78,0.89,202.67
7636,RSV00009001,2026-04-28,2026-04-29,1,661.27,158.73,820.0
7637,RSV00009002,2025-04-10,2025-04-13,3,1257.06,248.13,1505.19
7638,RSV00009004,2026-01-20,2026-01-23,3,192.43,19.3,211.73
7639,RSV00009005,2025-04-02,2025-04-03,1,457.95,218.27,676.22
7640,RSV00009007,2026-06-05,2026-06-08,3,1337.12,150.11,1487.23
7641,RSV00009008,2025-01-08,2025-01-12,4,360.64,187.73,548.37
7642,RSV00009009,2025-08-13,2025-08-16,3,1297.76,232.98,1530.74
7643,RSV00009010,2025-12-24,2025-12-25,1,794.23,49.21,843.44
7644,RSV00009011,2024-07-23,2024-07-30,7,690.21,13.63,703.84
7645,RSV00009012,2024-10-16,2024-10-20,4,1369.67,89.49,1459.16
7646,RSV00009013,2026-04-05,2026-04-12,7,1246.65,167.71,1414.36
7647,RSV00009014,2025-05-09,2025-05-12,3,998.45,108.48,1106.93
7648,RSV00009015,2024-12-25,2024-12-27,2,459.2,221.73,680.93
7649,RSV00009016,2025-02-15,2025-02-21,6,316.72,83.75,400.47
7650,RSV00009017,2025-07-21,2025-07-28,7,297.92,128.65,426.57
7651,RSV00009018,2024-08-23,2024-08-24,1,1175.61,180.65,1356.26
7652,RSV00009019,2026-05-25,2026-05-29,4,1201.5,93.99,1295.49
7653,RSV00009020,2025-07-17,2025-07-24,7,808.83,189.65,998.48
7654,RSV00009021,2026-03-30,2026-04-02,3,201.98,29.32,231.3
7655,RSV00009022,2024-06-24,2024-06-29,5,621.17,164.49,785.66
7656,RSV00009023,2025-11-28,2025-11-30,2,1108.81,38.63,1147.44
7657,RSV00009024,2025-07-03,2025-07-04,1,418.98,16.15,435.13
7658,RSV00009025,2025-05-07,2025-05-12,5,779.42,75.62,855.04
7659,RSV00009026,2025-08-31,2025-09-07,7,453.19,65.81,519.0
7660,RSV00009027,2025-05-26,2025-05-29,3,256.55,185.84,442.39
7661,RSV00009028,2025-01-13,2025-01-17,4,1061.38,95.49,1156.87
7662,RSV00009029,2025-03-26,2025-03-29,3,1425.07,190.42,1615.49
7663,RSV00009030,2024-10-03,2024-10-07,4,815.67,167.89,983.56
7664,RSV00009031,2025-04-05,2025-04-11,6,1055.83,23.01,1078.84
7665,RSV00009032,2025-09-17,2025-09-19,2,677.79,229.71,907.5
7666,RSV00009033,2024-11-28,2024-12-05,7,1137.09,33.77,1170.86
7667,RSV00009034,2025-12-23,2025-12-28,5,1456.3,117.56,1573.86
7668,RSV00009035,2025-09-11,2025-09-13,2,1044.77,159.82,1204.59
7669,RSV00009036,2025-02-01,2025-02-04,3,132.94,90.25,223.19
7670,RSV00009037,2026-02-03,2026-02-05,2,1196.65,16.76,1213.41
7671,RSV00009038,2024-06-30,2024-07-01,1,351.06,117.49,468.55
7672,RSV00009039,2025-10-11,2025-10-16,5,847.35,14.43,861.78
7673,RSV00009040,2025-02-18,2025-02-24,6,388.97,108.03,497.0
7674,RSV00009041,2024-10-28,2024-11-01,4,622.76,229.29,852.05
7675,RSV00009042,2024-11-13,2024-11-19,6,1115.46,207.19,1322.65
7676,RSV00009044,2025-02-19,2025-02-21,2,1484.26,12.96,1497.22
7677,RSV00009045,2026-04-19,2026-04-26,7,811.5,129.84,941.34
7678,RSV00009046,2025-03-04,2025-03-05,1,807.24,234.57,1041.81
7679,RSV00009047,2025-12-28,2025-12-31,3,1194.25,41.99,1236.24
7680,RSV00009048,2025-12-23,2025-12-29,6,667.14,19.17,686.31
7681,RSV00009049,2025-02-11,2025-02-14,3,1200.64,22.44,1223.08
7682,RSV00009050,2024-08-22,2024-08-28,6,1129.71,213.98,1343.69
7683,RSV00009051,2025-06-04,2025-06-07,3,709.6,140.92,850.52
7684,RSV00009052,2025-11-16,2025-11-17,1,1456.07,133.43,1589.5
7685,RSV00009054,2025-02-16,2025-02-20,4,674.37,119.13,793.5
7686,RSV00009055,2024-11-17,2024-11-20,3,797.04,45.07,842.11
7687,RSV00009056,2024-07-28,2024-07-29,1,1263.48,131.55,1395.03
7688,RSV00009057,2024-07-01,2024-07-05,4,1303.13,90.9,1394.03
7689,RSV00009058,2024-08-07,2024-08-10,3,401.96,185.59,587.55
7690,RSV00009059,2025-01-19,2025-01-21,2,295.84,23.52,319.36
7691,RSV00009060,2025-01-15,2025-01-21,6,557.32,12.2,569.52
7692,RSV00009061,2024-09-30,2024-10-01,1,249.33,206.25,455.58
7693,RSV00009062,2026-03-21,2026-03-23,2,1197.81,244.53,1442.34
7694,RSV00009063,2025-09-01,2025-09-07,6,1356.41,156.81,1513.22
7695,RSV00009064,2026-05-14,2026-05-16,2,487.13,111.04,598.17
7696,RSV00009065,2024-08-22,2024-08-25,3,483.91,20.19,504.1
7697,RSV00009066,2024-11-02,2024-11-07,5,1293.23,129.79,1423.02
7698,RSV00009067,2025-05-10,2025-05-17,7,707.79,9.91,717.7
7699,RSV00009068,2025-10-22,2025-10-26,4,88.77,83.81,172.58
7700,RSV00009069,2025-07-13,2025-07-17,4,969.83,47.41,1017.24
7701,RSV00009071,2026-03-30,2026-04-05,6,1469.92,164.39,1634.31
7702,RSV00009072,2024-10-04,2024-10-05,1,802.24,175.67,977.91
7703,RSV00009073,2025-02-25,2025-03-03,6,352.15,102.12,454.27
7704,RSV00009075,2025-10-14,2025-10-15,1,756.26,249.24,1005.5
7705,RSV00009076,2025-04-11,2025-04-13,2,945.11,31.51,976.62
7706,RSV00009077,2026-06-10,2026-06-11,1,1299.96,188.64,1488.6
7707,RSV00009078,2026-05-16,2026-05-22,6,87.51,81.59,169.1
7708,RSV00009079,2026-02-17,2026-02-18,1,774.04,77.97,852.01
7709,RSV00009081,2024-07-23,2024-07-30,7,405.4,42.38,447.78
7710,RSV00009082,2025-02-02,2025-02-08,6,489.95,206.79,696.74
7711,RSV00009083,2024-09-13,2024-09-20,7,1347.87,151.62,1499.49
7712,RSV00009084,2025-10-04,2025-10-09,5,903.07,134.15,1037.22
7713,RSV00009085,2025-02-02,2025-02-08,6,1288.52,160.48,1449.0
7714,RSV00009086,2026-01-02,2026-01-08,6,1130.54,90.12,1220.66
7715,RSV00009087,2025-01-14,2025-01-16,2,1424.06,172.52,1596.58
7716,RSV00009089,2025-07-24,2025-07-27,3,1028.74,98.21,1126.95
7717,RSV00009090,2024-11-06,2024-11-10,4,1137.41,187.7,1325.11
7718,RSV00009091,2025-12-15,2025-12-18,3,152.58,241.18,393.76
7719,RSV00009092,2025-01-28,2025-02-04,7,1337.44,111.16,1448.6
7720,RSV00009094,2024-05-28,2024-06-03,6,1163.93,21.51,1185.44
7721,RSV00009095,2024-07-14,2024-07-19,5,568.21,225.72,793.93
7722,RSV00009096,2025-12-12,2025-12-17,5,1466.92,19.18,1486.1
7723,RSV00009097,2024-11-20,2024-11-25,5,865.51,69.46,934.97
7724,RSV00009098,2025-08-20,2025-08-21,1,753.21,188.53,941.74
7725,RSV00009099,2026-02-17,2026-02-24,7,592.95,91.48,684.43
7726,RSV00009101,2025-01-20,2025-01-26,6,1079.74,183.85,1263.59
7727,RSV00009102,2024-07-18,2024-07-21,3,656.9,222.22,879.12
7728,RSV00009103,2024-12-11,2024-12-18,7,926.65,32.59,959.24
7729,RSV00009104,2025-09-11,2025-09-12,1,355.56,159.13,514.69
7730,RSV00009105,2026-01-24,2026-01-31,7,876.48,175.81,1052.29
7731,RSV00009106,2025-05-24,2025-05-27,3,144.71,126.16,270.87
7732,RSV00009107,2026-03-07,2026-03-08,1,533.76,134.34,668.1
7733,RSV00009108,2025-01-21,2025-01-26,5,358.59,144.08,502.67
7734,RSV00009109,2024-09-27,2024-09-29,2,1445.04,87.64,1532.68
7735,RSV00009111,2026-03-08,2026-03-09,1,516.67,78.13,594.8
7736,RSV00009113,2024-06-20,2024-06-26,6,342.26,170.74,513.0
7737,RSV00009117,2025-10-20,2025-10-21,1,682.86,78.74,761.6
7738,RSV00009118,2024-12-28,2025-01-02,5,702.33,209.81,912.14
7739,RSV00009119,2025-02-03,2025-02-05,2,201.24,221.65,422.89
7740,RSV00009121,2025-12-30,2026-01-03,4,346.28,107.59,453.87
7741,RSV00009122,2024-11-14,2024-11-21,7,472.22,98.14,570.36
7742,RSV00009123,2026-04-09,2026-04-14,5,1305.65,56.3,1361.95
7743,RSV00009124,2024-06-13,2024-06-20,7,1232.87,72.06,1304.93
7744,RSV00009125,2024-09-20,2024-09-24,4,1163.87,35.42,1199.29
7745,RSV00009126,2026-01-25,2026-01-27,2,1430.55,227.41,1657.96
7746,RSV00009127,2024-12-23,2024-12-29,6,1093.92,127.58,1221.5
7747,RSV00009128,2024-07-15,2024-07-18,3,595.94,50.44,646.38
7748,RSV00009129,2025-04-06,2025-04-09,3,1461.43,89.44,1550.87
7749,RSV00009130,2025-07-04,2025-07-11,7,988.52,241.13,1229.65
7750,RSV00009131,2026-02-09,2026-02-11,2,854.55,189.51,1044.06
7751,RSV00009132,2024-12-11,2024-12-12,1,946.63,99.94,1046.57
7752,RSV00009133,2024-12-22,2024-12-26,4,1361.57,85.38,1446.95
7753,RSV00009134,2024-12-28,2024-12-31,3,401.7,85.14,486.84
7754,RSV00009135,2025-02-14,2025-02-19,5,693.63,74.74,768.37
7755,RSV00009136,2026-03-21,2026-03-22,1,80.82,95.15,175.97
7756,RSV00009137,2025-01-15,2025-01-20,5,973.15,113.66,1086.81
7757,RSV00009138,2025-07-24,2025-07-25,1,1252.43,194.41,1446.84
7758,RSV00009139,2025-09-22,2025-09-26,4,286.3,55.96,342.26
7759,RSV00009141,2025-03-29,2025-04-01,3,269.59,151.64,421.23
7760,RSV00009143,2024-10-15,2024-10-20,5,358.03,0.28,358.31
7761,RSV00009144,2025-08-11,2025-08-12,1,1197.05,68.11,1265.16
7762,RSV00009145,2024-08-15,2024-08-21,6,866.24,13.79,880.03
7763,RSV00009146,2024-07-19,2024-07-26,7,352.01,206.0,558.01
7764,RSV00009147,2025-01-27,2025-02-01,5,1220.42,149.02,1369.44
7765,RSV00009148,2025-09-15,2025-09-22,7,1243.38,231.66,1475.04
7766,RSV00009149,2026-01-15,2026-01-21,6,784.34,137.02,921.36
7767,RSV00009151,2024-11-29,2024-12-05,6,1409.82,139.42,1549.24
7768,RSV00009152,2026-06-09,2026-06-16,7,1179.56,15.44,1195.0
7769,RSV00009153,2026-01-04,2026-01-05,1,1422.04,135.53,1557.57
7770,RSV00009154,2025-02-22,2025-02-24,2,848.52,158.52,1007.04
7771,RSV00009155,2024-08-22,2024-08-26,4,832.32,3.01,835.33
7772,RSV00009156,2024-06-16,2024-06-19,3,1087.05,32.62,1119.67
7773,RSV00009157,2025-02-08,2025-02-11,3,1071.94,112.22,1184.16
7774,RSV00009158,2026-03-07,2026-03-12,5,684.6,77.61,762.21
7775,RSV00009159,2025-06-14,2025-06-15,1,765.08,206.09,971.17
7776,RSV00009160,2026-03-21,2026-03-23,2,233.86,236.25,470.11
7777,RSV00009161,2024-10-28,2024-10-29,1,574.47,184.95,759.42
7778,RSV00009162,2025-01-14,2025-01-17,3,1155.75,195.71,1351.46
7779,RSV00009163,2024-08-03,2024-08-07,4,278.3,28.9,307.2
7780,RSV00009164,2025-03-11,2025-03-16,5,739.75,43.62,783.37
7781,RSV00009166,2024-07-02,2024-07-05,3,686.45,160.78,847.23
7782,RSV00009167,2026-05-15,2026-05-19,4,1133.03,78.89,1211.92
7783,RSV00009168,2024-08-30,2024-09-02,3,130.56,204.18,334.74
7784,RSV00009169,2024-11-06,2024-11-13,7,1188.4,151.43,1339.83
7785,RSV00009170,2025-11-22,2025-11-24,2,1233.71,109.14,1342.85
7786,RSV00009171,2024-06-30,2024-07-06,6,1039.01,74.9,1113.91
7787,RSV00009172,2025-09-21,2025-09-26,5,673.08,146.48,819.56
7788,RSV00009173,2025-12-10,2025-12-12,2,642.72,120.31,763.03
7789,RSV00009174,2025-01-07,2025-01-09,2,912.71,148.91,1061.62
7790,RSV00009175,2024-09-11,2024-09-15,4,736.51,152.97,889.48
7791,RSV00009176,2026-04-22,2026-04-23,1,1057.1,83.67,1140.77
7792,RSV00009177,2025-06-03,2025-06-08,5,1174.49,186.6,1361.09
7793,RSV00009178,2026-01-15,2026-01-18,3,731.48,49.95,781.43
7794,RSV00009179,2024-10-17,2024-10-24,7,391.88,119.7,511.58
7795,RSV00009181,2026-03-03,2026-03-08,5,1378.22,164.96,1543.18
7796,RSV00009182,2025-12-05,2025-12-09,4,742.01,212.15,954.16
7797,RSV00009183,2024-08-07,2024-08-12,5,384.21,27.07,411.28
7798,RSV00009184,2026-01-17,2026-01-21,4,967.21,212.2,1179.41
7799,RSV00009185,2025-10-16,2025-10-21,5,326.81,99.56,426.37
7800,RSV00009186,2025-06-08,2025-06-10,2,1041.26,92.06,1133.32
7801,RSV00009188,2024-07-16,2024-07-23,7,1136.68,96.96,1233.64
7802,RSV00009189,2025-04-22,2025-04-24,2,356.62,36.68,393.3
7803,RSV00009190,2025-08-08,2025-08-10,2,149.44,32.84,182.28
7804,RSV00009191,2025-08-03,2025-08-04,1,307.65,71.02,378.67
7805,RSV00009192,2024-12-19,2024-12-24,5,544.65,161.78,706.43
7806,RSV00009193,2025-12-09,2025-12-10,1,1493.47,26.7,1520.17
7807,RSV00009194,2026-02-07,2026-02-10,3,676.25,135.6,811.85
7808,RSV00009195,2024-11-07,2024-11-11,4,1264.56,70.97,1335.53
7809,RSV00009197,2025-03-14,2025-03-21,7,558.85,65.77,624.62
7810,RSV00009198,2026-01-25,2026-01-31,6,998.38,142.95,1141.33
7811,RSV00009199,2025-12-14,2025-12-15,1,544.52,69.32,613.84
7812,RSV00009200,2025-07-23,2025-07-25,2,1089.93,29.47,1119.4
7813,RSV00009201,2025-08-08,2025-08-15,7,945.24,200.32,1145.56
7814,RSV00009202,2026-01-15,2026-01-17,2,1278.52,171.81,1450.33
7815,RSV00009203,2025-02-20,2025-02-21,1,112.26,171.04,283.3
7816,RSV00009205,2026-03-10,2026-03-12,2,923.59,159.63,1083.22
7817,RSV00009206,2026-01-03,2026-01-05,2,769.93,125.15,895.08
7818,RSV00009207,2025-07-21,2025-07-25,4,335.23,156.05,491.28
7819,RSV00009209,2024-11-28,2024-11-30,2,707.73,89.07,796.8
7820,RSV00009210,2025-01-19,2025-01-25,6,426.59,94.5,521.09
7821,RSV00009211,2025-03-26,2025-03-27,1,829.76,203.76,1033.52
7822,RSV00009212,2025-10-17,2025-10-24,7,965.31,8.45,973.76
7823,RSV00009213,2024-12-25,2024-12-30,5,819.98,46.7,866.68
7824,RSV00009214,2025-08-13,2025-08-14,1,272.24,23.39,295.63
7825,RSV00009215,2025-01-10,2025-01-13,3,1488.07,246.73,1734.8
7826,RSV00009216,2026-01-22,2026-01-27,5,359.01,49.18,408.19
7827,RSV00009217,2026-06-08,2026-06-09,1,1298.35,67.11,1365.46
7828,RSV00009218,2026-02-03,2026-02-08,5,860.51,179.22,1039.73
7829,RSV00009221,2026-02-02,2026-02-07,5,1023.17,93.31,1116.48
7830,RSV00009222,2025-09-25,2025-09-30,5,1465.83,149.54,1615.37
7831,RSV00009223,2025-08-18,2025-08-24,6,1451.14,166.64,1617.78
7832,RSV00009224,2025-12-02,2025-12-04,2,931.12,136.98,1068.1
7833,RSV00009225,2025-10-06,2025-10-09,3,320.89,85.34,406.23
7834,RSV00009226,2024-08-15,2024-08-17,2,478.93,71.2,550.13
7835,RSV00009227,2024-12-02,2024-12-04,2,695.46,227.21,922.67
7836,RSV00009228,2025-01-17,2025-01-24,7,221.22,123.03,344.25
7837,RSV00009229,2025-08-29,2025-09-05,7,242.31,172.01,414.32
7838,RSV00009230,2025-08-07,2025-08-13,6,1095.11,167.64,1262.75
7839,RSV00009231,2024-10-15,2024-10-18,3,249.56,212.94,462.5
7840,RSV00009233,2025-01-08,2025-01-14,6,540.48,76.12,616.6
7841,RSV00009234,2024-08-27,2024-08-28,1,1343.83,174.12,1517.95
7842,RSV00009235,2025-08-11,2025-08-15,4,1152.99,3.74,1156.73
7843,RSV00009236,2025-06-10,2025-06-12,2,990.05,243.72,1233.77
7844,RSV00009237,2025-09-02,2025-09-08,6,962.93,22.62,985.55
7845,RSV00009238,2024-09-29,2024-10-06,7,1013.19,153.11,1166.3
7846,RSV00009239,2026-04-12,2026-04-17,5,1056.73,64.48,1121.21
7847,RSV00009240,2025-02-24,2025-03-02,6,1094.71,83.54,1178.25
7848,RSV00009242,2024-12-21,2024-12-24,3,1006.19,164.37,1170.56
7849,RSV00009244,2025-07-13,2025-07-14,1,1011.6,114.29,1125.89
7850,RSV00009246,2026-06-01,2026-06-05,4,713.67,207.54,921.21
7851,RSV00009247,2024-11-19,2024-11-25,6,1248.28,157.41,1405.69
7852,RSV00009248,2025-09-16,2025-09-18,2,895.36,82.41,977.77
7853,RSV00009249,2026-05-25,2026-05-30,5,1308.1,224.84,1532.94
7854,RSV00009250,2025-08-18,2025-08-24,6,906.53,66.04,972.57
7855,RSV00009251,2025-12-03,2025-12-08,5,756.06,104.9,860.96
7856,RSV00009252,2026-04-01,2026-04-07,6,989.56,127.92,1117.48
7857,RSV00009253,2025-09-13,2025-09-17,4,805.17,39.96,845.13
7858,RSV00009255,2026-03-15,2026-03-19,4,859.9,33.03,892.93
7859,RSV00009256,2025-10-13,2025-10-19,6,1095.36,62.39,1157.75
7860,RSV00009257,2026-02-14,2026-02-18,4,688.62,234.38,923.0
7861,RSV00009258,2026-02-01,2026-02-04,3,761.73,193.21,954.94
7862,RSV00009260,2025-04-01,2025-04-05,4,1070.91,110.26,1181.17
7863,RSV00009261,2024-10-26,2024-10-30,4,446.64,246.52,693.16
7864,RSV00009262,2025-09-07,2025-09-13,6,163.73,162.07,325.8
7865,RSV00009263,2024-08-07,2024-08-09,2,217.59,83.23,300.82
7866,RSV00009264,2024-12-30,2025-01-06,7,527.17,152.5,679.67
7867,RSV00009266,2025-12-27,2025-12-31,4,298.96,171.04,470.0
7868,RSV00009268,2025-12-21,2025-12-25,4,785.16,209.98,995.14
7869,RSV00009269,2025-10-25,2025-10-26,1,127.85,10.73,138.58
7870,RSV00009270,2025-06-11,2025-06-12,1,926.74,139.67,1066.41
7871,RSV00009271,2024-09-10,2024-09-17,7,1006.09,49.27,1055.36
7872,RSV00009272,2025-05-17,2025-05-18,1,1276.75,199.57,1476.32
7873,RSV00009273,2025-08-06,2025-08-10,4,1391.46,185.21,1576.67
7874,RSV00009274,2026-04-18,2026-04-25,7,1137.36,73.32,1210.68
7875,RSV00009275,2024-06-21,2024-06-23,2,1195.98,118.59,1314.57
7876,RSV00009277,2025-06-16,2025-06-18,2,1246.41,147.29,1393.7
7877,RSV00009278,2025-01-15,2025-01-21,6,855.46,104.11,959.57
7878,RSV00009279,2025-02-09,2025-02-14,5,461.28,45.54,506.82
7879,RSV00009280,2024-11-03,2024-11-07,4,1270.55,102.09,1372.64
7880,RSV00009281,2024-09-30,2024-10-05,5,1070.74,196.91,1267.65
7881,RSV00009282,2025-05-14,2025-05-21,7,401.16,22.32,423.48
7882,RSV00009283,2024-07-13,2024-07-16,3,763.59,195.41,959.0
7883,RSV00009284,2026-07-18,2026-07-22,4,1041.68,205.23,1246.91
7884,RSV00009285,2026-02-07,2026-02-09,2,1197.78,119.89,1317.67
7885,RSV00009286,2024-08-01,2024-08-06,5,250.13,168.21,418.34
7886,RSV00009287,2025-06-14,2025-06-19,5,1417.22,239.25,1656.47
7887,RSV00009288,2024-12-10,2024-12-14,4,415.19,10.76,425.95
7888,RSV00009289,2025-02-09,2025-02-10,1,1303.18,96.18,1399.36
7889,RSV00009290,2025-05-14,2025-05-21,7,323.87,203.59,527.46
7890,RSV00009292,2024-10-11,2024-10-14,3,189.04,195.27,384.31
7891,RSV00009294,2024-07-14,2024-07-16,2,1047.41,124.92,1172.33
7892,RSV00009295,2025-07-25,2025-07-30,5,1438.63,14.97,1453.6
7893,RSV00009296,2025-08-03,2025-08-04,1,953.6,165.39,1118.99
7894,RSV00009297,2024-09-05,2024-09-12,7,402.14,210.21,612.35
7895,RSV00009298,2024-11-21,2024-11-28,7,692.64,107.5,800.14
7896,RSV00009299,2025-08-19,2025-08-22,3,212.45,25.76,238.21
7897,RSV00009300,2025-11-01,2025-11-06,5,334.64,219.2,553.84
7898,RSV00009301,2026-05-26,2026-05-31,5,632.03,100.76,732.79
7899,RSV00009303,2026-03-30,2026-04-03,4,961.37,209.57,1170.94
7900,RSV00009305,2025-07-11,2025-07-17,6,578.48,184.11,762.59
7901,RSV00009306,2025-08-25,2025-08-26,1,606.55,99.11,705.66
7902,RSV00009307,2025-02-22,2025-02-26,4,434.35,57.45,491.8
7903,RSV00009308,2025-06-25,2025-07-02,7,605.84,105.84,711.68
7904,RSV00009309,2025-02-28,2025-03-04,4,1387.4,34.77,1422.17
7905,RSV00009310,2025-06-21,2025-06-28,7,476.82,96.12,572.94
7906,RSV00009312,2026-01-30,2026-02-04,5,633.14,116.52,749.66
7907,RSV00009313,2025-08-02,2025-08-05,3,1317.96,149.89,1467.85
7908,RSV00009314,2026-07-11,2026-07-17,6,1144.77,64.01,1208.78
7909,RSV00009316,2025-09-19,2025-09-25,6,1094.65,199.01,1293.66
7910,RSV00009317,2024-07-03,2024-07-04,1,1117.63,54.58,1172.21
7911,RSV00009318,2024-10-20,2024-10-21,1,120.65,207.51,328.16
7912,RSV00009319,2025-09-17,2025-09-21,4,670.39,237.12,907.51
7913,RSV00009320,2026-03-19,2026-03-22,3,400.27,135.77,536.04
7914,RSV00009321,2025-01-07,2025-01-08,1,1123.6,102.26,1225.86
7915,RSV00009322,2025-01-05,2025-01-09,4,1483.08,39.64,1522.72
7916,RSV00009323,2026-01-25,2026-01-29,4,202.54,103.96,306.5
7917,RSV00009324,2026-05-26,2026-05-30,4,656.05,142.39,798.44
7918,RSV00009325,2026-02-24,2026-03-01,5,1467.31,89.91,1557.22
7919,RSV00009326,2025-11-19,2025-11-24,5,1454.1,74.9,1529.0
7920,RSV00009327,2024-08-13,2024-08-17,4,1425.97,56.82,1482.79
7921,RSV00009328,2025-09-14,2025-09-19,5,904.39,169.22,1073.61
7922,RSV00009329,2025-02-02,2025-02-07,5,1159.97,80.24,1240.21
7923,RSV00009330,2026-01-09,2026-01-16,7,1416.81,40.69,1457.5
7924,RSV00009331,2025-10-18,2025-10-19,1,684.55,223.66,908.21
7925,RSV00009332,2024-11-22,2024-11-24,2,182.53,39.37,221.9
7926,RSV00009333,2025-09-14,2025-09-18,4,972.77,22.71,995.48
7927,RSV00009335,2025-07-27,2025-08-02,6,295.64,158.18,453.82
7928,RSV00009337,2025-03-19,2025-03-24,5,829.75,188.53,1018.28
7929,RSV00009338,2024-07-07,2024-07-10,3,921.71,83.46,1005.17
7930,RSV00009340,2024-07-10,2024-07-16,6,373.76,148.1,521.86
7931,RSV00009341,2025-05-19,2025-05-26,7,1238.9,49.11,1288.01
7932,RSV00009342,2026-04-27,2026-05-04,7,1167.74,57.23,1224.97
7933,RSV00009344,2026-04-10,2026-04-15,5,914.54,7.75,922.29
7934,RSV00009345,2025-01-05,2025-01-06,1,1302.92,34.64,1337.56
7935,RSV00009346,2025-09-28,2025-10-01,3,704.84,62.82,767.66
7936,RSV00009347,2026-04-10,2026-04-12,2,653.36,150.86,804.22
7937,RSV00009348,2025-03-13,2025-03-17,4,1106.36,200.57,1306.93
7938,RSV00009349,2026-02-14,2026-02-18,4,827.66,2.43,830.09
7939,RSV00009350,2026-05-21,2026-05-22,1,186.66,31.0,217.66
7940,RSV00009352,2025-06-30,2025-07-01,1,984.15,128.52,1112.67
7941,RSV00009353,2026-07-12,2026-07-13,1,314.88,118.58,433.46
7942,RSV00009354,2024-11-19,2024-11-26,7,1404.08,172.13,1576.21
7943,RSV00009355,2025-10-22,2025-10-23,1,170.42,229.08,399.5
7944,RSV00009356,2024-07-09,2024-07-12,3,108.53,107.09,215.62
7945,RSV00009357,2026-06-08,2026-06-14,6,873.13,88.37,961.5
7946,RSV00009358,2025-04-08,2025-04-09,1,1005.22,82.03,1087.25
7947,RSV00009359,2025-04-12,2025-04-15,3,1151.51,116.81,1268.32
7948,RSV00009360,2025-04-07,2025-04-11,4,1454.48,124.73,1579.21
7949,RSV00009362,2024-10-14,2024-10-18,4,633.5,69.6,703.1
7950,RSV00009363,2025-09-21,2025-09-27,6,1245.55,201.06,1446.61
7951,RSV00009364,2024-07-30,2024-07-31,1,929.12,126.54,1055.66
7952,RSV00009365,2025-04-24,2025-04-28,4,876.95,247.45,1124.4
7953,RSV00009366,2026-02-11,2026-02-12,1,1482.28,98.2,1580.48
7954,RSV00009367,2025-11-27,2025-12-03,6,600.88,133.32,734.2
7955,RSV00009368,2026-06-11,2026-06-13,2,981.03,62.21,1043.24
7956,RSV00009369,2024-08-28,2024-08-30,2,1241.16,188.48,1429.64
7957,RSV00009370,2024-09-01,2024-09-08,7,269.56,148.15,417.71
7958,RSV00009371,2024-11-26,2024-12-03,7,129.56,99.59,229.15
7959,RSV00009372,2025-12-10,2025-12-12,2,163.15,171.8,334.95
7960,RSV00009373,2026-02-14,2026-02-16,2,837.43,153.21,990.64
7961,RSV00009374,2025-11-25,2025-11-26,1,1280.84,152.83,1433.67
7962,RSV00009375,2026-03-30,2026-04-05,6,1491.61,197.65,1689.26
7963,RSV00009376,2025-03-08,2025-03-15,7,1388.37,112.52,1500.89
7964,RSV00009377,2024-09-22,2024-09-28,6,1402.29,136.51,1538.8
7965,RSV00009378,2024-07-09,2024-07-10,1,543.68,36.48,580.16
7966,RSV00009379,2026-05-07,2026-05-12,5,404.46,150.24,554.7
7967,RSV00009380,2025-12-05,2025-12-06,1,687.98,1.18,689.16
7968,RSV00009381,2025-05-07,2025-05-10,3,157.11,242.54,399.65
7969,RSV00009382,2024-11-01,2024-11-08,7,106.02,89.45,195.47
7970,RSV00009383,2025-03-22,2025-03-28,6,765.14,3.13,768.27
7971,RSV00009384,2025-05-30,2025-05-31,1,461.32,96.98,558.3
7972,RSV00009385,2025-02-01,2025-02-03,2,1002.2,173.67,1175.87
7973,RSV00009386,2026-02-21,2026-02-28,7,729.71,218.85,948.56
7974,RSV00009387,2024-08-06,2024-08-09,3,962.38,83.72,1046.1
7975,RSV00009389,2024-12-07,2024-12-10,3,974.67,195.01,1169.68
7976,RSV00009391,2025-12-16,2025-12-17,1,356.74,23.88,380.62
7977,RSV00009393,2025-05-11,2025-05-16,5,587.36,232.45,819.81
7978,RSV00009394,2025-05-18,2025-05-24,6,846.73,101.5,948.23
7979,RSV00009395,2024-09-05,2024-09-06,1,1360.24,209.02,1569.26
7980,RSV00009397,2024-11-04,2024-11-10,6,387.39,148.6,535.99
7981,RSV00009398,2025-12-18,2025-12-23,5,672.89,194.21,867.1
7982,RSV00009399,2024-12-03,2024-12-09,6,1486.76,230.66,1717.42
7983,RSV00009400,2025-07-19,2025-07-22,3,483.55,229.77,713.32
7984,RSV00009401,2025-07-22,2025-07-26,4,798.78,222.22,1021.0
7985,RSV00009402,2026-03-20,2026-03-26,6,546.22,228.57,774.79
7986,RSV00009404,2025-03-08,2025-03-11,3,462.47,201.61,664.08
7987,RSV00009405,2024-11-09,2024-11-13,4,438.18,64.18,502.36
7988,RSV00009406,2024-06-15,2024-06-21,6,1301.69,132.35,1434.04
7989,RSV00009408,2025-06-10,2025-06-14,4,572.14,131.39,703.53
7990,RSV00009410,2024-06-03,2024-06-05,2,260.34,163.92,424.26
7991,RSV00009411,2026-03-26,2026-04-01,6,706.1,144.79,850.89
7992,RSV00009412,2025-05-02,2025-05-06,4,841.38,23.54,864.92
7993,RSV00009414,2025-08-26,2025-08-29,3,1441.55,96.96,1538.51
7994,RSV00009415,2024-08-30,2024-09-06,7,372.35,82.29,454.64
7995,RSV00009416,2025-03-28,2025-04-01,4,204.78,133.07,337.85
7996,RSV00009417,2024-08-07,2024-08-12,5,191.66,213.92,405.58
7997,RSV00009418,2025-12-25,2025-12-28,3,255.43,76.67,332.1
7998,RSV00009419,2026-01-15,2026-01-16,1,1027.68,87.67,1115.35
7999,RSV00009421,2024-11-21,2024-11-26,5,1194.91,42.87,1237.78
8000,RSV00009422,2024-12-31,2025-01-04,4,218.81,110.49,329.3
8001,RSV00009423,2025-08-05,2025-08-09,4,1405.63,122.89,1528.52
8002,RSV00009425,2026-04-13,2026-04-16,3,718.26,13.18,731.44
8003,RSV00009426,2026-02-20,2026-02-21,1,823.88,24.38,848.26
8004,RSV00009427,2026-02-20,2026-02-24,4,386.41,102.69,489.1
8005,RSV00009428,2025-10-31,2025-11-01,1,577.8,19.99,597.79
8006,RSV00009429,2025-04-07,2025-04-10,3,765.97,123.76,889.73
8007,RSV00009430,2024-06-12,2024-06-19,7,401.04,135.45,536.49
8008,RSV00009431,2024-09-22,2024-09-29,7,802.51,55.38,857.89
8009,RSV00009432,2025-07-02,2025-07-09,7,590.11,34.61,624.72
8010,RSV00009433,2026-05-17,2026-05-18,1,1493.38,157.79,1651.17
8011,RSV00009434,2026-01-09,2026-01-10,1,1167.03,165.79,1332.82
8012,RSV00009435,2025-07-29,2025-08-01,3,227.69,50.55,278.24
8013,RSV00009437,2026-06-06,2026-06-12,6,1056.19,62.07,1118.26
8014,RSV00009438,2025-10-28,2025-11-03,6,690.14,131.52,821.66
8015,RSV00009439,2026-01-05,2026-01-06,1,838.52,140.88,979.4
8016,RSV00009440,2026-05-16,2026-05-19,3,319.98,42.87,362.85
8017,RSV00009441,2026-04-10,2026-04-15,5,1082.82,2.24,1085.06
8018,RSV00009442,2026-02-20,2026-02-26,6,252.9,139.36,392.26
8019,RSV00009443,2025-06-25,2025-06-28,3,340.66,244.33,584.99
8020,RSV00009444,2026-06-29,2026-07-04,5,1449.27,0.17,1449.44
8021,RSV00009445,2024-12-04,2024-12-07,3,1146.08,232.01,1378.09
8022,RSV00009446,2024-07-31,2024-08-03,3,963.02,148.57,1111.59
8023,RSV00009447,2025-09-24,2025-10-01,7,374.44,122.38,496.82
8024,RSV00009448,2026-02-21,2026-02-28,7,617.65,93.95,711.6
8025,RSV00009449,2025-11-27,2025-12-02,5,393.82,146.61,540.43
8026,RSV00009450,2025-03-24,2025-03-30,6,1483.88,184.73,1668.61
8027,RSV00009452,2026-07-01,2026-07-05,4,784.91,213.84,998.75
8028,RSV00009455,2025-09-23,2025-09-28,5,516.2,101.73,617.93
8029,RSV00009456,2026-03-05,2026-03-06,1,1448.76,96.54,1545.3
8030,RSV00009457,2025-02-06,2025-02-07,1,884.83,136.55,1021.38
8031,RSV00009458,2025-09-05,2025-09-06,1,862.25,15.8,878.05
8032,RSV00009459,2026-04-16,2026-04-22,6,460.03,67.61,527.64
8033,RSV00009460,2026-03-26,2026-03-29,3,544.92,102.2,647.12
8034,RSV00009461,2026-04-24,2026-04-28,4,1149.51,236.69,1386.2
8035,RSV00009462,2025-10-16,2025-10-21,5,82.69,123.37,206.06
8036,RSV00009463,2025-05-26,2025-05-30,4,257.51,79.64,337.15
8037,RSV00009464,2025-05-13,2025-05-16,3,538.09,159.87,697.96
8038,RSV00009465,2026-01-26,2026-02-01,6,830.68,227.01,1057.69
8039,RSV00009466,2024-12-19,2024-12-24,5,465.2,172.67,637.87
8040,RSV00009467,2026-05-16,2026-05-21,5,103.35,142.56,245.91
8041,RSV00009469,2024-07-30,2024-08-01,2,814.99,178.14,993.13
8042,RSV00009470,2025-09-16,2025-09-23,7,883.45,41.31,924.76
8043,RSV00009472,2024-12-19,2024-12-25,6,788.79,246.74,1035.53
8044,RSV00009473,2024-06-05,2024-06-06,1,896.3,128.28,1024.58
8045,RSV00009474,2024-09-07,2024-09-13,6,313.56,27.33,340.89
8046,RSV00009475,2025-01-28,2025-01-30,2,1263.69,50.65,1314.34
8047,RSV00009476,2025-02-15,2025-02-22,7,588.81,118.59,707.4
8048,RSV00009477,2026-03-22,2026-03-25,3,1370.78,178.29,1549.07
8049,RSV00009478,2025-05-13,2025-05-17,4,406.07,70.77,476.84
8050,RSV00009479,2025-01-10,2025-01-17,7,1027.54,137.46,1165.0
8051,RSV00009480,2024-09-10,2024-09-16,6,749.04,139.57,888.61
8052,RSV00009481,2026-03-17,2026-03-23,6,1427.27,176.47,1603.74
8053,RSV00009482,2025-03-07,2025-03-10,3,1155.85,59.16,1215.01
8054,RSV00009483,2025-05-01,2025-05-06,5,117.67,46.5,164.17
8055,RSV00009484,2024-12-26,2024-12-28,2,1424.09,9.35,1433.44
8056,RSV00009486,2025-02-25,2025-02-28,3,217.32,196.3,413.62
8057,RSV00009487,2026-02-23,2026-02-25,2,1272.47,203.35,1475.82
8058,RSV00009488,2025-09-05,2025-09-11,6,678.69,29.77,708.46
8059,RSV00009489,2025-07-03,2025-07-09,6,1262.73,207.99,1470.72
8060,RSV00009490,2025-03-25,2025-03-29,4,1026.48,75.2,1101.68
8061,RSV00009491,2024-07-18,2024-07-19,1,1348.36,214.69,1563.05
8062,RSV00009492,2025-10-05,2025-10-07,2,1496.91,81.8,1578.71
8063,RSV00009493,2024-06-12,2024-06-19,7,1038.45,149.59,1188.04
8064,RSV00009494,2026-02-28,2026-03-02,2,188.85,234.81,423.66
8065,RSV00009496,2025-07-11,2025-07-13,2,1482.69,248.52,1731.21
8066,RSV00009497,2026-03-09,2026-03-11,2,791.9,35.63,827.53
8067,RSV00009498,2025-10-05,2025-10-12,7,116.72,170.97,287.69
8068,RSV00009499,2024-10-22,2024-10-23,1,1172.85,77.78,1250.63
8069,RSV00009501,2025-12-26,2025-12-27,1,640.27,66.83,707.1
8070,RSV00009502,2025-07-19,2025-07-22,3,765.36,56.66,822.02
8071,RSV00009503,2024-08-20,2024-08-21,1,247.24,168.68,415.92
8072,RSV00009504,2025-02-15,2025-02-17,2,1301.88,73.59,1375.47
8073,RSV00009505,2025-11-19,2025-11-22,3,869.15,27.39,896.54
8074,RSV00009506,2026-03-15,2026-03-17,2,297.45,1.83,299.28
8075,RSV00009508,2025-03-17,2025-03-18,1,427.9,145.88,573.78
8076,RSV00009509,2024-08-31,2024-09-06,6,1082.52,156.03,1238.55
8077,RSV00009510,2025-10-23,2025-10-26,3,662.4,103.24,765.64
8078,RSV00009511,2026-02-21,2026-02-23,2,717.58,48.36,765.94
8079,RSV00009512,2025-12-20,2025-12-22,2,295.6,130.25,425.85
8080,RSV00009513,2024-11-21,2024-11-25,4,774.51,221.43,995.94
8081,RSV00009514,2024-06-20,2024-06-27,7,579.55,17.57,597.12
8082,RSV00009515,2025-01-14,2025-01-18,4,350.18,77.65,427.83
8083,RSV00009517,2025-04-15,2025-04-21,6,611.61,217.72,829.33
8084,RSV00009518,2026-04-18,2026-04-21,3,434.85,83.31,518.16
8085,RSV00009520,2025-09-30,2025-10-03,3,1345.76,73.63,1419.39
8086,RSV00009521,2025-09-20,2025-09-23,3,1303.15,21.1,1324.25
8087,RSV00009522,2026-04-06,2026-04-07,1,1321.27,94.15,1415.42
8088,RSV00009524,2024-06-13,2024-06-16,3,717.45,18.22,735.67
8089,RSV00009526,2025-09-12,2025-09-17,5,1271.3,177.53,1448.83
8090,RSV00009527,2025-07-06,2025-07-12,6,421.7,136.26,557.96
8091,RSV00009528,2025-08-02,2025-08-08,6,430.23,51.63,481.86
8092,RSV00009530,2025-09-13,2025-09-20,7,1193.67,12.26,1205.93
8093,RSV00009532,2025-06-10,2025-06-12,2,636.07,46.16,682.23
8094,RSV00009533,2024-11-05,2024-11-08,3,333.94,48.7,382.64
8095,RSV00009534,2026-02-02,2026-02-06,4,805.7,148.22,953.92
8096,RSV00009535,2025-08-28,2025-08-31,3,99.46,117.37,216.83
8097,RSV00009536,2026-01-28,2026-02-03,6,1201.65,97.91,1299.56
8098,RSV00009537,2026-06-22,2026-06-23,1,233.79,76.59,310.38
8099,RSV00009538,2025-12-01,2025-12-06,5,889.77,203.64,1093.41
8100,RSV00009540,2025-08-11,2025-08-13,2,118.05,134.93,252.98
8101,RSV00009542,2025-05-16,2025-05-23,7,1258.5,125.72,1384.22
8102,RSV00009543,2025-08-13,2025-08-18,5,1414.79,38.29,1453.08
8103,RSV00009545,2025-07-08,2025-07-12,4,1465.26,236.22,1701.48
8104,RSV00009547,2025-06-23,2025-06-30,7,1164.43,105.17,1269.6
8105,RSV00009548,2025-10-11,2025-10-12,1,422.57,105.57,528.14
8106,RSV00009549,2025-03-04,2025-03-09,5,1293.54,122.65,1416.19
8107,RSV00009551,2024-10-07,2024-10-12,5,1372.67,178.76,1551.43
8108,RSV00009552,2026-06-02,2026-06-06,4,1096.01,203.0,1299.01
8109,RSV00009553,2025-04-09,2025-04-10,1,575.27,185.98,761.25
8110,RSV00009555,2024-09-29,2024-10-06,7,283.05,47.66,330.71
8111,RSV00009557,2026-01-26,2026-01-29,3,1108.7,232.8,1341.5
8112,RSV00009558,2025-03-13,2025-03-18,5,1215.93,172.85,1388.78
8113,RSV00009560,2024-11-07,2024-11-12,5,1083.45,74.09,1157.54
8114,RSV00009561,2026-01-14,2026-01-16,2,1105.11,165.0,1270.11
8115,RSV00009562,2024-07-11,2024-07-12,1,712.81,110.39,823.2
8116,RSV00009563,2024-12-11,2024-12-15,4,93.97,153.59,247.56
8117,RSV00009564,2026-03-14,2026-03-18,4,161.16,142.37,303.53
8118,RSV00009565,2026-03-30,2026-04-05,6,500.18,80.78,580.96
8119,RSV00009567,2024-06-23,2024-06-30,7,778.25,164.58,942.83
8120,RSV00009568,2024-12-03,2024-12-06,3,737.63,238.39,976.02
8121,RSV00009569,2025-09-01,2025-09-07,6,809.06,224.44,1033.5
8122,RSV00009570,2024-09-11,2024-09-18,7,180.59,182.92,363.51
8123,RSV00009572,2025-11-09,2025-11-13,4,1390.51,205.02,1595.53
8124,RSV00009574,2025-02-10,2025-02-13,3,1414.7,212.67,1627.37
8125,RSV00009576,2025-02-06,2025-02-09,3,804.46,238.97,1043.43
8126,RSV00009577,2024-07-16,2024-07-23,7,1336.07,19.71,1355.78
8127,RSV00009578,2025-12-20,2025-12-22,2,1351.49,50.42,1401.91
8128,RSV00009579,2024-11-23,2024-11-29,6,1353.51,240.54,1594.05
8129,RSV00009581,2025-01-29,2025-01-31,2,934.05,87.12,1021.17
8130,RSV00009582,2026-04-17,2026-04-18,1,869.21,185.71,1054.92
8131,RSV00009583,2025-05-11,2025-05-14,3,539.79,128.96,668.75
8132,RSV00009584,2025-08-31,2025-09-07,7,436.17,142.25,578.42
8133,RSV00009585,2026-06-28,2026-06-29,1,1107.47,222.49,1329.96
8134,RSV00009588,2026-04-13,2026-04-19,6,1481.63,235.2,1716.83
8135,RSV00009589,2025-07-21,2025-07-23,2,849.71,226.55,1076.26
8136,RSV00009590,2025-06-02,2025-06-04,2,1189.07,245.35,1434.42
8137,RSV00009591,2026-06-01,2026-06-03,2,1498.94,93.95,1592.89
8138,RSV00009592,2026-02-11,2026-02-14,3,1068.38,80.73,1149.11
8139,RSV00009593,2025-11-26,2025-12-03,7,910.15,170.51,1080.66
8140,RSV00009594,2024-07-17,2024-07-24,7,1381.14,106.38,1487.52
8141,RSV00009595,2026-02-24,2026-03-01,5,464.9,94.74,559.64
8142,RSV00009596,2025-10-23,2025-10-29,6,114.47,117.06,231.53
8143,RSV00009597,2026-04-03,2026-04-07,4,599.27,56.19,655.46
8144,RSV00009598,2026-01-02,2026-01-08,6,266.75,134.22,400.97
8145,RSV00009599,2026-01-03,2026-01-09,6,750.37,185.63,936.0
8146,RSV00009600,2025-08-29,2025-08-31,2,1296.44,203.12,1499.56
8147,RSV00009601,2025-07-26,2025-07-31,5,1009.24,120.62,1129.86
8148,RSV00009602,2025-01-30,2025-02-06,7,437.14,70.48,507.62
8149,RSV00009603,2024-11-11,2024-11-14,3,783.37,206.66,990.03
8150,RSV00009604,2024-10-26,2024-10-30,4,242.39,100.58,342.97
8151,RSV00009605,2025-09-28,2025-10-03,5,651.33,161.1,812.43
8152,RSV00009606,2026-01-31,2026-02-04,4,792.86,53.96,846.82
8153,RSV00009607,2026-05-20,2026-05-23,3,1328.77,198.4,1527.17
8154,RSV00009608,2025-08-24,2025-08-27,3,953.14,222.41,1175.55
8155,RSV00009609,2024-12-23,2024-12-29,6,203.39,144.64,348.03
8156,RSV00009612,2025-01-26,2025-02-02,7,417.82,229.81,647.63
8157,RSV00009613,2025-08-23,2025-08-25,2,788.73,90.73,879.46
8158,RSV00009614,2026-03-13,2026-03-19,6,1498.1,74.62,1572.72
8159,RSV00009616,2024-10-11,2024-10-12,1,165.63,225.31,390.94
8160,RSV00009618,2026-01-17,2026-01-22,5,181.57,196.82,378.39
8161,RSV00009619,2026-05-15,2026-05-16,1,302.34,67.96,370.3
8162,RSV00009620,2024-11-26,2024-11-29,3,249.3,149.35,398.65
8163,RSV00009622,2024-11-04,2024-11-07,3,268.26,249.72,517.98
8164,RSV00009623,2026-04-13,2026-04-18,5,1478.79,104.46,1583.25
8165,RSV00009624,2025-03-09,2025-03-13,4,358.96,239.91,598.87
8166,RSV00009625,2025-11-03,2025-11-05,2,1491.79,249.83,1741.62
8167,RSV00009626,2025-08-18,2025-08-22,4,738.62,203.93,942.55
8168,RSV00009627,2025-02-26,2025-03-04,6,211.28,14.1,225.38
8169,RSV00009628,2025-10-09,2025-10-16,7,940.71,111.19,1051.9
8170,RSV00009629,2025-07-06,2025-07-07,1,1455.08,6.96,1462.04
8171,RSV00009633,2025-01-06,2025-01-10,4,203.75,82.19,285.94
8172,RSV00009635,2026-03-28,2026-03-31,3,1063.56,91.54,1155.1
8173,RSV00009636,2025-03-03,2025-03-05,2,274.58,90.16,364.74
8174,RSV00009638,2025-01-15,2025-01-16,1,866.09,32.96,899.05
8175,RSV00009639,2025-08-08,2025-08-09,1,873.92,13.99,887.91
8176,RSV00009640,2026-01-21,2026-01-22,1,956.68,156.84,1113.52
8177,RSV00009641,2026-03-01,2026-03-06,5,176.98,164.32,341.3
8178,RSV00009642,2025-03-20,2025-03-22,2,392.3,151.58,543.88
8179,RSV00009643,2025-12-08,2025-12-12,4,392.88,110.53,503.41
8180,RSV00009644,2024-11-25,2024-11-28,3,1192.95,114.22,1307.17
8181,RSV00009645,2024-11-17,2024-11-23,6,815.11,209.64,1024.75
8182,RSV00009647,2024-10-27,2024-11-03,7,241.02,59.75,300.77
8183,RSV00009648,2026-01-20,2026-01-22,2,216.09,154.46,370.55
8184,RSV00009649,2025-09-10,2025-09-16,6,1123.71,207.45,1331.16
8185,RSV00009650,2026-04-04,2026-04-11,7,1002.59,200.89,1203.48
8186,RSV00009651,2025-01-24,2025-01-26,2,293.61,185.47,479.08
8187,RSV00009652,2025-01-28,2025-01-30,2,372.7,172.94,545.64
8188,RSV00009653,2025-11-21,2025-11-23,2,1341.0,49.59,1390.59
8189,RSV00009654,2024-12-04,2024-12-10,6,1107.68,149.45,1257.13
8190,RSV00009656,2025-12-12,2025-12-17,5,647.42,37.76,685.18
8191,RSV00009657,2026-02-02,2026-02-08,6,715.68,1.1,716.78
8192,RSV00009658,2025-07-14,2025-07-16,2,1450.99,124.01,1575.0
8193,RSV00009659,2026-04-09,2026-04-14,5,268.91,234.06,502.97
8194,RSV00009660,2024-09-03,2024-09-10,7,1373.22,13.38,1386.6
8195,RSV00009661,2026-01-18,2026-01-24,6,939.34,177.33,1116.67
8196,RSV00009662,2026-04-09,2026-04-15,6,1189.76,43.9,1233.66
8197,RSV00009663,2025-11-15,2025-11-19,4,1038.47,213.75,1252.22
8198,RSV00009664,2025-02-07,2025-02-11,4,1326.33,145.78,1472.11
8199,RSV00009665,2024-10-05,2024-10-11,6,809.32,97.64,906.96
8200,RSV00009666,2026-05-07,2026-05-08,1,255.23,154.97,410.2
8201,RSV00009667,2025-11-04,2025-11-10,6,638.16,91.53,729.69
8202,RSV00009668,2026-01-11,2026-01-13,2,569.96,83.49,653.45
8203,RSV00009670,2025-12-03,2025-12-07,4,1457.21,82.01,1539.22
8204,RSV00009672,2026-06-09,2026-06-13,4,826.44,208.97,1035.41
8205,RSV00009673,2025-11-10,2025-11-15,5,993.43,70.74,1064.17
8206,RSV00009675,2025-07-03,2025-07-06,3,338.84,201.99,540.83
8207,RSV00009676,2024-10-03,2024-10-08,5,1328.96,1.21,1330.17
8208,RSV00009677,2025-12-20,2025-12-24,4,336.17,165.0,501.17
8209,RSV00009678,2025-12-02,2025-12-09,7,91.63,140.52,232.15
8210,RSV00009679,2026-01-24,2026-01-25,1,1267.89,150.49,1418.38
8211,RSV00009680,2025-04-26,2025-05-01,5,902.34,16.38,918.72
8212,RSV00009681,2025-08-13,2025-08-17,4,1463.9,197.56,1661.46
8213,RSV00009682,2025-04-08,2025-04-14,6,397.75,171.69,569.44
8214,RSV00009683,2026-04-11,2026-04-14,3,1014.49,81.29,1095.78
8215,RSV00009686,2025-02-19,2025-02-26,7,221.19,94.8,315.99
8216,RSV00009687,2024-07-05,2024-07-09,4,1152.84,246.79,1399.63
8217,RSV00009688,2026-06-04,2026-06-05,1,885.67,65.37,951.04
8218,RSV00009689,2025-11-17,2025-11-24,7,1272.52,178.81,1451.33
8219,RSV00009690,2026-02-08,2026-02-15,7,259.18,211.3,470.48
8220,RSV00009691,2025-01-19,2025-01-22,3,687.94,192.79,880.73
8221,RSV00009692,2025-06-27,2025-07-01,4,1467.11,84.31,1551.42
8222,RSV00009693,2024-08-23,2024-08-29,6,964.2,53.41,1017.61
8223,RSV00009695,2025-02-06,2025-02-08,2,677.42,81.44,758.86
8224,RSV00009696,2025-03-26,2025-03-30,4,639.35,37.96,677.31
8225,RSV00009697,2025-08-14,2025-08-21,7,324.96,209.86,534.82
8226,RSV00009698,2024-07-13,2024-07-17,4,276.96,116.56,393.52
8227,RSV00009699,2025-12-26,2025-12-29,3,282.41,237.25,519.66
8228,RSV00009700,2025-06-08,2025-06-15,7,491.18,14.87,506.05
8229,RSV00009701,2025-10-15,2025-10-20,5,1047.19,239.61,1286.8
8230,RSV00009702,2024-12-09,2024-12-13,4,1172.7,5.03,1177.73
8231,RSV00009703,2025-08-27,2025-09-02,6,933.97,229.69,1163.66
8232,RSV00009704,2026-04-23,2026-04-27,4,1404.04,95.21,1499.25
8233,RSV00009705,2025-02-25,2025-02-26,1,672.67,146.51,819.18
8234,RSV00009706,2024-09-08,2024-09-12,4,674.99,11.12,686.11
8235,RSV00009707,2025-11-11,2025-11-15,4,683.88,110.78,794.66
8236,RSV00009708,2025-01-15,2025-01-22,7,1109.26,119.77,1229.03
8237,RSV00009709,2024-11-26,2024-11-27,1,1458.4,113.33,1571.73
8238,RSV00009710,2026-01-22,2026-01-28,6,1496.64,234.88,1731.52
8239,RSV00009711,2025-02-16,2025-02-21,5,1214.1,203.95,1418.05
8240,RSV00009712,2025-12-16,2025-12-20,4,1052.61,239.74,1292.35
8241,RSV00009713,2024-10-15,2024-10-20,5,231.54,140.01,371.55
8242,RSV00009714,2025-04-23,2025-04-26,3,1407.85,40.96,1448.81
8243,RSV00009716,2024-07-27,2024-07-29,2,1490.33,47.68,1538.01
8244,RSV00009717,2026-04-18,2026-04-20,2,1362.96,60.17,1423.13
8245,RSV00009718,2024-12-08,2024-12-09,1,455.34,13.12,468.46
8246,RSV00009719,2025-01-01,2025-01-04,3,516.24,113.26,629.5
8247,RSV00009720,2026-01-01,2026-01-07,6,1496.03,70.44,1566.47
8248,RSV00009721,2025-06-05,2025-06-10,5,1444.3,13.54,1457.84
8249,RSV00009722,2025-08-22,2025-08-26,4,1043.27,38.57,1081.84
8250,RSV00009723,2024-07-02,2024-07-03,1,1423.77,19.39,1443.16
8251,RSV00009724,2025-06-28,2025-07-02,4,750.07,37.05,787.12
8252,RSV00009725,2025-01-20,2025-01-27,7,1082.74,123.3,1206.04
8253,RSV00009727,2026-04-26,2026-05-02,6,258.75,145.33,404.08
8254,RSV00009728,2025-10-20,2025-10-21,1,508.28,69.83,578.11
8255,RSV00009729,2026-04-19,2026-04-20,1,681.91,120.29,802.2
8256,RSV00009730,2025-11-21,2025-11-27,6,1315.97,233.64,1549.61
8257,RSV00009731,2024-10-31,2024-11-07,7,750.65,136.96,887.61
8258,RSV00009732,2025-08-30,2025-09-04,5,1152.8,7.12,1159.92
8259,RSV00009733,2024-09-09,2024-09-12,3,834.63,242.67,1077.3
8260,RSV00009734,2025-06-26,2025-06-30,4,1213.09,213.53,1426.62
8261,RSV00009735,2025-06-23,2025-06-25,2,1246.74,55.0,1301.74
8262,RSV00009736,2025-02-12,2025-02-18,6,1157.88,47.8,1205.68
8263,RSV00009737,2024-09-05,2024-09-08,3,1345.08,163.39,1508.47
8264,RSV00009738,2025-08-05,2025-08-07,2,378.23,175.43,553.66
8265,RSV00009740,2025-01-13,2025-01-19,6,251.87,217.5,469.37
8266,RSV00009741,2026-05-21,2026-05-24,3,1398.49,62.43,1460.92
8267,RSV00009742,2025-11-25,2025-12-02,7,1476.86,247.32,1724.18
8268,RSV00009743,2025-04-22,2025-04-25,3,154.94,122.07,277.01
8269,RSV00009744,2025-01-06,2025-01-12,6,553.33,224.11,777.44
8270,RSV00009745,2025-08-08,2025-08-09,1,500.36,227.93,728.29
8271,RSV00009746,2026-01-24,2026-01-30,6,1024.28,77.79,1102.07
8272,RSV00009747,2025-03-20,2025-03-25,5,1005.49,109.5,1114.99
8273,RSV00009748,2026-05-22,2026-05-27,5,1350.66,106.84,1457.5
8274,RSV00009749,2025-07-22,2025-07-27,5,1002.08,14.78,1016.86
8275,RSV00009750,2026-01-19,2026-01-22,3,754.55,10.33,764.88
8276,RSV00009751,2025-06-14,2025-06-16,2,1247.98,31.96,1279.94
8277,RSV00009752,2025-09-03,2025-09-10,7,90.33,175.1,265.43
8278,RSV00009753,2025-08-29,2025-09-03,5,1267.07,67.21,1334.28
8279,RSV00009754,2025-08-02,2025-08-05,3,1409.71,0.44,1410.15
8280,RSV00009755,2025-11-16,2025-11-20,4,141.16,234.28,375.44
8281,RSV00009756,2025-03-05,2025-03-11,6,320.86,10.03,330.89
8282,RSV00009757,2026-06-25,2026-06-26,1,1384.21,93.29,1477.5
8283,RSV00009758,2025-06-18,2025-06-24,6,1121.32,101.96,1223.28
8284,RSV00009759,2025-12-24,2025-12-26,2,1073.4,52.82,1126.22
8285,RSV00009761,2025-04-05,2025-04-12,7,216.19,24.06,240.25
8286,RSV00009762,2024-07-29,2024-08-05,7,879.7,64.74,944.44
8287,RSV00009763,2026-04-28,2026-04-29,1,600.57,12.97,613.54
8288,RSV00009764,2025-02-11,2025-02-14,3,652.96,219.72,872.68
8289,RSV00009765,2025-01-25,2025-01-27,2,1304.79,113.03,1417.82
8290,RSV00009766,2024-07-12,2024-07-16,4,1368.88,156.19,1525.07
8291,RSV00009767,2026-06-26,2026-06-28,2,626.13,14.87,641.0
8292,RSV00009768,2024-11-22,2024-11-25,3,238.62,44.18,282.8
8293,RSV00009769,2025-05-31,2025-06-02,2,431.42,237.94,669.36
8294,RSV00009770,2025-05-07,2025-05-09,2,844.56,141.97,986.53
8295,RSV00009771,2024-08-24,2024-08-31,7,1431.28,184.99,1616.27
8296,RSV00009772,2025-10-31,2025-11-05,5,1007.77,66.75,1074.52
8297,RSV00009773,2025-03-31,2025-04-04,4,986.95,219.79,1206.74
8298,RSV00009774,2024-10-05,2024-10-07,2,375.55,117.98,493.53
8299,RSV00009775,2026-06-12,2026-06-17,5,633.52,116.61,750.13
8300,RSV00009776,2024-10-10,2024-10-14,4,996.99,91.43,1088.42
8301,RSV00009778,2025-04-03,2025-04-06,3,424.63,54.2,478.83
8302,RSV00009779,2024-08-08,2024-08-14,6,334.01,234.23,568.24
8303,RSV00009780,2025-10-15,2025-10-22,7,190.87,143.94,334.81
8304,RSV00009781,2025-03-24,2025-03-31,7,695.68,115.0,810.68
8305,RSV00009782,2026-04-13,2026-04-20,7,758.26,94.45,852.71
8306,RSV00009783,2025-07-27,2025-07-31,4,938.74,234.62,1173.36
8307,RSV00009784,2026-06-11,2026-06-16,5,1454.92,187.4,1642.32
8308,RSV00009785,2024-11-14,2024-11-16,2,121.85,52.83,174.68
8309,RSV00009787,2025-10-01,2025-10-06,5,1102.77,243.29,1346.06
8310,RSV00009788,2024-07-12,2024-07-17,5,1389.49,118.19,1507.68
8311,RSV00009789,2024-07-22,2024-07-28,6,879.45,36.59,916.04
8312,RSV00009790,2025-02-03,2025-02-04,1,1095.52,14.88,1110.4
8313,RSV00009792,2025-03-31,2025-04-05,5,1342.22,145.94,1488.16
8314,RSV00009793,2025-09-14,2025-09-18,4,309.3,5.67,314.97
8315,RSV00009794,2025-09-18,2025-09-25,7,1273.99,219.8,1493.79
8316,RSV00009795,2024-11-26,2024-11-29,3,1479.14,47.69,1526.83
8317,RSV00009797,2025-01-17,2025-01-19,2,1212.53,170.25,1382.78
8318,RSV00009799,2025-05-09,2025-05-10,1,1180.62,57.78,1238.4
8319,RSV00009800,2025-03-17,2025-03-19,2,848.15,160.64,1008.79
8320,RSV00009801,2026-01-08,2026-01-09,1,205.37,21.73,227.1
8321,RSV00009802,2024-11-13,2024-11-20,7,120.33,80.11,200.44
8322,RSV00009803,2025-01-25,2025-01-28,3,477.83,143.06,620.89
8323,RSV00009804,2025-09-28,2025-10-05,7,327.92,207.4,535.32
8324,RSV00009805,2026-04-28,2026-05-03,5,772.84,76.7,849.54
8325,RSV00009806,2024-07-01,2024-07-06,5,1260.52,239.32,1499.84
8326,RSV00009807,2024-07-22,2024-07-28,6,397.21,217.82,615.03
8327,RSV00009808,2026-02-11,2026-02-14,3,258.2,140.2,398.4
8328,RSV00009809,2026-04-14,2026-04-21,7,820.11,174.52,994.63
8329,RSV00009810,2026-01-20,2026-01-26,6,1224.82,194.13,1418.95
8330,RSV00009811,2024-11-26,2024-12-02,6,259.87,150.83,410.7
8331,RSV00009812,2025-06-06,2025-06-13,7,651.5,27.57,679.07
8332,RSV00009813,2025-08-11,2025-08-15,4,1431.26,28.52,1459.78
8333,RSV00009815,2026-03-19,2026-03-25,6,838.85,8.99,847.84
8334,RSV00009816,2026-01-04,2026-01-11,7,1418.47,211.68,1630.15
8335,RSV00009817,2025-08-13,2025-08-15,2,1123.2,162.52,1285.72
8336,RSV00009818,2025-09-03,2025-09-10,7,594.14,125.96,720.1
8337,RSV00009819,2025-07-16,2025-07-19,3,427.99,105.94,533.93
8338,RSV00009820,2025-04-22,2025-04-25,3,621.1,140.93,762.03
8339,RSV00009821,2026-05-29,2026-06-02,4,797.25,208.28,1005.53
8340,RSV00009822,2025-08-23,2025-08-28,5,941.15,31.55,972.7
8341,RSV00009824,2025-06-15,2025-06-21,6,1384.63,48.54,1433.17
8342,RSV00009825,2025-09-06,2025-09-11,5,1465.05,192.8,1657.85
8343,RSV00009826,2025-09-08,2025-09-10,2,1174.57,122.36,1296.93
8344,RSV00009827,2024-10-29,2024-11-05,7,1376.37,203.07,1579.44
8345,RSV00009828,2025-06-21,2025-06-28,7,855.34,102.53,957.87
8346,RSV00009829,2025-12-31,2026-01-03,3,1399.22,42.81,1442.03
8347,RSV00009830,2024-11-03,2024-11-06,3,1058.01,229.45,1287.46
8348,RSV00009832,2025-05-06,2025-05-10,4,433.91,33.94,467.85
8349,RSV00009833,2026-04-15,2026-04-20,5,563.57,249.79,813.36
8350,RSV00009834,2026-03-25,2026-03-26,1,336.28,76.81,413.09
8351,RSV00009835,2026-03-18,2026-03-19,1,359.98,21.84,381.82
8352,RSV00009836,2025-08-23,2025-08-27,4,1414.95,186.27,1601.22
8353,RSV00009837,2026-02-18,2026-02-25,7,1010.65,171.09,1181.74
8354,RSV00009839,2025-03-25,2025-03-29,4,520.2,48.21,568.41
8355,RSV00009840,2025-10-20,2025-10-26,6,361.33,164.45,525.78
8356,RSV00009841,2024-07-15,2024-07-19,4,925.6,249.25,1174.85
8357,RSV00009842,2024-10-09,2024-10-12,3,867.73,135.98,1003.71
8358,RSV00009844,2025-09-20,2025-09-27,7,1284.43,192.4,1476.83
8359,RSV00009847,2024-08-18,2024-08-23,5,752.29,103.1,855.39
8360,RSV00009848,2025-10-16,2025-10-22,6,1432.16,133.26,1565.42
8361,RSV00009849,2024-10-30,2024-11-02,3,448.05,138.05,586.1
8362,RSV00009850,2025-08-07,2025-08-14,7,387.43,233.73,621.16
8363,RSV00009851,2024-08-07,2024-08-08,1,1045.23,68.82,1114.05
8364,RSV00009852,2026-02-28,2026-03-03,3,863.48,29.68,893.16
8365,RSV00009853,2026-05-28,2026-06-01,4,366.49,220.95,587.44
8366,RSV00009855,2024-11-10,2024-11-13,3,1373.76,224.9,1598.66
8367,RSV00009856,2026-06-25,2026-06-30,5,332.0,118.97,450.97
8368,RSV00009857,2026-01-07,2026-01-11,4,796.33,56.42,852.75
8369,RSV00009858,2024-10-13,2024-10-19,6,347.55,151.25,498.8
8370,RSV00009859,2026-01-05,2026-01-12,7,123.02,22.18,145.2
8371,RSV00009860,2025-11-30,2025-12-04,4,150.25,92.58,242.83
8372,RSV00009861,2025-02-04,2025-02-05,1,601.27,238.66,839.93
8373,RSV00009862,2025-09-05,2025-09-11,6,1123.3,161.15,1284.45
8374,RSV00009863,2026-01-11,2026-01-18,7,633.24,45.16,678.4
8375,RSV00009864,2025-12-13,2025-12-17,4,480.01,21.95,501.96
8376,RSV00009865,2024-12-16,2024-12-17,1,827.64,79.1,906.74
8377,RSV00009866,2025-10-22,2025-10-24,2,193.18,64.34,257.52
8378,RSV00009867,2024-11-29,2024-12-04,5,105.58,156.26,261.84
8379,RSV00009868,2024-12-31,2025-01-01,1,141.32,206.33,347.65
8380,RSV00009869,2025-11-28,2025-12-03,5,854.79,146.58,1001.37
8381,RSV00009870,2026-04-20,2026-04-23,3,216.79,164.53,381.32
8382,RSV00009871,2026-05-20,2026-05-22,2,1418.57,3.16,1421.73
8383,RSV00009872,2026-06-27,2026-07-04,7,775.96,225.55,1001.51
8384,RSV00009873,2025-01-28,2025-02-03,6,1341.73,81.93,1423.66
8385,RSV00009874,2026-03-12,2026-03-15,3,206.88,37.37,244.25
8386,RSV00009875,2025-11-09,2025-11-12,3,862.7,149.4,1012.1
8387,RSV00009876,2024-10-25,2024-10-28,3,897.96,56.62,954.58
8388,RSV00009878,2025-12-27,2025-12-28,1,1114.51,201.72,1316.23
8389,RSV00009881,2025-06-14,2025-06-19,5,235.6,152.92,388.52
8390,RSV00009882,2025-10-29,2025-10-31,2,1139.27,208.9,1348.17
8391,RSV00009883,2026-05-09,2026-05-12,3,775.37,117.04,892.41
8392,RSV00009884,2025-05-30,2025-06-04,5,974.68,214.33,1189.01
8393,RSV00009885,2026-06-03,2026-06-06,3,1100.74,42.48,1143.22
8394,RSV00009886,2025-02-18,2025-02-25,7,122.65,120.74,243.39
8395,RSV00009887,2025-10-11,2025-10-15,4,399.84,114.15,513.99
8396,RSV00009888,2025-06-23,2025-06-25,2,1085.35,246.97,1332.32
8397,RSV00009889,2025-03-05,2025-03-07,2,1313.12,159.91,1473.03
8398,RSV00009890,2025-05-27,2025-05-31,4,395.49,244.67,640.16
8399,RSV00009891,2026-04-16,2026-04-21,5,1172.28,229.9,1402.18
8400,RSV00009892,2025-04-21,2025-04-27,6,786.99,84.03,871.02
8401,RSV00009893,2025-12-06,2025-12-10,4,555.89,176.09,731.98
8402,RSV00009894,2025-10-26,2025-10-31,5,1192.91,143.44,1336.35
8403,RSV00009896,2024-09-16,2024-09-22,6,1135.28,88.74,1224.02
8404,RSV00009897,2025-06-16,2025-06-19,3,220.04,136.71,356.75
8405,RSV00009898,2024-07-06,2024-07-07,1,814.17,84.81,898.98
8406,RSV00009900,2024-12-01,2024-12-02,1,1486.17,53.12,1539.29
8407,RSV00009901,2025-09-11,2025-09-17,6,306.51,148.5,455.01
8408,RSV00009903,2026-02-15,2026-02-22,7,935.82,217.09,1152.91
8409,RSV00009904,2025-01-21,2025-01-24,3,1044.46,114.93,1159.39
8410,RSV00009905,2025-03-22,2025-03-23,1,322.11,222.44,544.55
8411,RSV00009906,2026-05-04,2026-05-06,2,588.52,26.07,614.59
8412,RSV00009907,2026-05-31,2026-06-04,4,575.29,236.96,812.25
8413,RSV00009908,2024-12-10,2024-12-15,5,687.94,174.37,862.31
8414,RSV00009909,2026-04-07,2026-04-12,5,667.55,249.96,917.51
8415,RSV00009910,2024-11-16,2024-11-22,6,448.66,127.29,575.95
8416,RSV00009911,2024-07-25,2024-08-01,7,1025.1,160.53,1185.63
8417,RSV00009912,2024-12-22,2024-12-27,5,1334.01,83.51,1417.52
8418,RSV00009913,2025-03-31,2025-04-01,1,696.69,86.02,782.71
8419,RSV00009914,2024-10-29,2024-10-31,2,400.88,179.02,579.9
8420,RSV00009915,2026-06-13,2026-06-15,2,449.19,203.58,652.77
8421,RSV00009916,2025-06-22,2025-06-28,6,1013.1,157.18,1170.28
8422,RSV00009917,2024-10-20,2024-10-23,3,1203.67,175.43,1379.1
8423,RSV00009918,2025-04-06,2025-04-09,3,571.31,50.34,621.65
8424,RSV00009919,2025-08-19,2025-08-26,7,1252.63,98.63,1351.26
8425,RSV00009920,2025-07-07,2025-07-13,6,1239.82,1.38,1241.2
8426,RSV00009921,2026-05-01,2026-05-06,5,952.4,19.35,971.75
8427,RSV00009922,2024-11-01,2024-11-02,1,941.06,118.64,1059.7
8428,RSV00009923,2025-08-10,2025-08-13,3,1074.38,166.58,1240.96
8429,RSV00009924,2024-12-29,2024-12-31,2,1027.92,175.35,1203.27
8430,RSV00009925,2026-04-23,2026-04-30,7,1312.96,95.22,1408.18
8431,RSV00009926,2025-07-20,2025-07-25,5,907.17,110.45,1017.62
8432,RSV00009927,2026-03-27,2026-04-02,6,857.91,190.8,1048.71
8433,RSV00009928,2025-10-31,2025-11-06,6,1413.4,195.6,1609.0
8434,RSV00009929,2025-02-21,2025-02-22,1,286.61,245.98,532.59
8435,RSV00009930,2025-08-13,2025-08-15,2,174.61,183.8,358.41
8436,RSV00009931,2025-03-13,2025-03-16,3,344.19,139.23,483.42
8437,RSV00009932,2025-06-24,2025-06-28,4,275.5,2.96,278.46
8438,RSV00009933,2024-09-06,2024-09-07,1,1259.94,9.12,1269.06
8439,RSV00009934,2026-04-06,2026-04-09,3,1386.85,25.12,1411.97
8440,RSV00009935,2025-02-03,2025-02-05,2,694.93,114.03,808.96
8441,RSV00009936,2026-03-12,2026-03-17,5,1163.72,234.88,1398.6
8442,RSV00009937,2026-01-18,2026-01-22,4,704.13,83.44,787.57
8443,RSV00009938,2025-07-10,2025-07-12,2,762.78,94.62,857.4
8444,RSV00009939,2026-06-17,2026-06-23,6,1324.6,180.95,1505.55
8445,RSV00009940,2025-04-28,2025-05-01,3,1457.91,74.55,1532.46
8446,RSV00009941,2025-11-22,2025-11-24,2,280.32,145.26,425.58
8447,RSV00009942,2025-10-01,2025-10-02,1,432.39,4.8,437.19
8448,RSV00009943,2026-01-07,2026-01-11,4,1386.7,217.2,1603.9
8449,RSV00009945,2025-01-01,2025-01-07,6,1218.71,65.5,1284.21
8450,RSV00009946,2024-11-24,2024-11-30,6,380.71,68.39,449.1
8451,RSV00009948,2026-03-17,2026-03-24,7,1438.13,182.67,1620.8
8452,RSV00009949,2024-10-08,2024-10-10,2,1131.98,221.01,1352.99
8453,RSV00009951,2025-12-27,2025-12-30,3,1109.78,150.49,1260.27
8454,RSV00009952,2025-08-01,2025-08-08,7,300.46,51.32,351.78
8455,RSV00009953,2025-08-27,2025-09-03,7,723.01,127.43,850.44
8456,RSV00009954,2024-12-26,2024-12-30,4,492.25,134.64,626.89
8457,RSV00009955,2024-08-05,2024-08-09,4,1353.72,76.04,1429.76
8458,RSV00009956,2024-08-03,2024-08-09,6,365.23,66.16,431.39
8459,RSV00009957,2025-10-09,2025-10-16,7,415.81,61.99,477.8
8460,RSV00009958,2024-10-11,2024-10-18,7,1152.07,170.37,1322.44
8461,RSV00009959,2024-10-05,2024-10-10,5,1345.55,209.57,1555.12
8462,RSV00009960,2026-03-14,2026-03-17,3,297.54,135.27,432.81
8463,RSV00009961,2025-01-29,2025-01-31,2,293.7,31.78,325.48
8464,RSV00009962,2025-03-17,2025-03-23,6,958.44,199.92,1158.36
8465,RSV00009963,2024-08-10,2024-08-12,2,357.31,195.78,553.09
8466,RSV00009964,2025-02-24,2025-02-27,3,1307.54,29.61,1337.15
8467,RSV00009965,2025-10-24,2025-10-27,3,1184.61,203.71,1388.32
8468,RSV00009966,2025-11-01,2025-11-04,3,1219.07,40.14,1259.21
8469,RSV00009967,2025-08-18,2025-08-19,1,664.14,231.62,895.76
8470,RSV00009968,2025-08-28,2025-09-01,4,937.4,58.86,996.26
8471,RSV00009970,2025-06-21,2025-06-23,2,1425.04,99.7,1524.74
8472,RSV00009972,2025-10-02,2025-10-03,1,276.43,68.47,344.9
8473,RSV00009973,2025-10-06,2025-10-08,2,650.03,249.23,899.26
8474,RSV00009976,2024-12-06,2024-12-12,6,1106.75,99.98,1206.73
8475,RSV00009977,2024-11-30,2024-12-05,5,199.73,197.93,397.66
8476,RSV00009979,2024-11-01,2024-11-06,5,1088.71,234.4,1323.11
8477,RSV00009980,2026-02-07,2026-02-11,4,1353.27,197.17,1550.44
8478,RSV00009981,2025-04-28,2025-04-29,1,1124.67,54.4,1179.07
8479,RSV00009982,2025-06-25,2025-06-27,2,1405.64,212.84,1618.48
8480,RSV00009983,2024-07-31,2024-08-04,4,828.24,75.69,903.93
8481,RSV00009984,2024-12-31,2025-01-07,7,560.85,67.98,628.83
8482,RSV00009985,2024-08-19,2024-08-23,4,572.5,21.83,594.33
8483,RSV00009986,2026-02-12,2026-02-18,6,114.33,195.57,309.9
8484,RSV00009987,2026-03-26,2026-03-30,4,357.78,223.07,580.85
8485,RSV00009989,2025-05-11,2025-05-18,7,1137.62,217.13,1354.75
8486,RSV00009990,2024-12-10,2024-12-13,3,668.98,166.59,835.57
8487,RSV00009991,2025-01-10,2025-01-17,7,995.93,237.39,1233.32
8488,RSV00009993,2026-03-08,2026-03-11,3,1443.75,204.11,1647.86
8489,RSV00009994,2025-10-24,2025-10-29,5,1446.24,179.3,1625.54
8490,RSV00009996,2026-02-13,2026-02-17,4,1483.33,153.21,1636.54
8491,RSV00009998,2025-05-28,2025-05-30,2,748.62,104.54,853.16
8492,RSV00009999,2026-06-03,2026-06-08,5,1058.96,74.39,1133.35
8493,RSV00010000,2025-03-12,2025-03-14,2,836.85,178.82,1015.67
8494,RSV00010001,2025-02-28,2025-03-06,6,398.06,67.83,465.89
8495,RSV00010002,2024-09-21,2024-09-25,4,1261.76,230.17,1491.93
8496,RSV00010003,2026-02-23,2026-02-27,4,391.57,69.93,461.5
8497,RSV00010004,2025-02-23,2025-02-26,3,877.59,162.74,1040.33
8498,RSV00010005,2026-04-13,2026-04-16,3,743.97,65.19,809.16
8499,RSV00010006,2025-02-10,2025-02-12,2,199.61,18.13,217.74
8500,RSV00010007,2026-03-22,2026-03-28,6,1453.92,69.85,1523.77
8501,RSV00010008,2025-11-03,2025-11-06,3,265.46,207.04,472.5
8502,RSV00010009,2026-01-13,2026-01-17,4,406.31,113.08,519.39
8503,RSV00010010,2025-08-30,2025-09-03,4,248.94,180.2,429.14
8504,RSV00010011,2026-02-08,2026-02-13,5,1057.43,245.66,1303.09
8505,RSV00010012,2024-10-08,2024-10-09,1,517.98,180.34,698.32
8506,RSV00010013,2025-03-21,2025-03-27,6,960.51,206.26,1166.77
8507,RSV00010014,2024-07-08,2024-07-09,1,635.9,70.32,706.22
8508,RSV00010015,2025-03-24,2025-03-30,6,1093.95,55.26,1149.21
8509,RSV00010016,2025-10-16,2025-10-23,7,962.61,109.0,1071.61
8510,RSV00010017,2025-12-01,2025-12-08,7,1441.05,127.32,1568.37
8511,RSV00010018,2025-04-25,2025-04-28,3,1256.71,171.07,1427.78
8512,RSV00010019,2025-01-07,2025-01-14,7,1342.42,126.92,1469.34
8513,RSV00010020,2026-05-27,2026-06-01,5,771.47,177.02,948.49
8514,RSV00010021,2024-12-01,2024-12-07,6,1105.42,167.99,1273.41
8515,RSV00010022,2026-03-30,2026-03-31,1,836.63,97.9,934.53
8516,RSV00010023,2024-11-15,2024-11-22,7,1209.33,143.9,1353.23
8517,RSV00010024,2025-11-25,2025-12-01,6,415.29,25.8,441.09
8518,RSV00010025,2024-09-30,2024-10-04,4,112.74,246.2,358.94
8519,RSV00010026,2025-11-30,2025-12-02,2,416.45,177.41,593.86
8520,RSV00010027,2025-06-27,2025-07-04,7,635.8,151.8,787.6
8521,RSV00010028,2024-10-06,2024-10-11,5,447.02,86.97,533.99
8522,RSV00010029,2024-10-13,2024-10-15,2,1463.3,162.85,1626.15
8523,RSV00010030,2025-07-04,2025-07-08,4,1179.08,2.38,1181.46
8524,RSV00010031,2025-02-19,2025-02-25,6,417.41,43.42,460.83
8525,RSV00010032,2025-02-19,2025-02-20,1,1374.63,249.51,1624.14
8526,RSV00010034,2026-01-24,2026-01-27,3,116.77,92.13,208.9
8527,RSV00010035,2024-10-03,2024-10-04,1,104.15,87.53,191.68
8528,RSV00010036,2026-04-28,2026-04-30,2,774.33,23.95,798.28
8529,RSV00010037,2025-10-28,2025-10-30,2,1092.15,243.2,1335.35
8530,RSV00010038,2025-12-20,2025-12-27,7,468.96,240.64,709.6
8531,RSV00010039,2024-09-06,2024-09-12,6,262.48,205.5,467.98
8532,RSV00010040,2024-07-04,2024-07-09,5,1406.93,41.4,1448.33
8533,RSV00010041,2025-09-03,2025-09-10,7,677.27,93.47,770.74
8534,RSV00010042,2025-03-07,2025-03-10,3,157.6,95.8,253.4
8535,RSV00010043,2025-06-17,2025-06-20,3,1160.74,137.94,1298.68
8536,RSV00010044,2025-07-23,2025-07-24,1,1155.19,74.99,1230.18
8537,RSV00010045,2025-05-07,2025-05-12,5,347.78,19.37,367.15
8538,RSV00010046,2025-11-11,2025-11-15,4,690.02,227.29,917.31
8539,RSV00010047,2025-01-25,2025-01-30,5,388.41,42.41,430.82
8540,RSV00010048,2025-06-07,2025-06-11,4,555.49,69.8,625.29
8541,RSV00010049,2024-10-23,2024-10-29,6,741.86,153.3,895.16
8542,RSV00010050,2025-11-12,2025-11-18,6,1022.01,113.38,1135.39
8543,RSV00010051,2024-11-24,2024-11-30,6,1109.66,170.51,1280.17
8544,RSV00010053,2025-08-13,2025-08-16,3,1090.06,74.28,1164.34
8545,RSV00010056,2025-08-19,2025-08-24,5,217.46,97.29,314.75
8546,RSV00010057,2025-01-11,2025-01-18,7,427.94,213.4,641.34
8547,RSV00010058,2024-12-13,2024-12-16,3,1450.88,244.96,1695.84
8548,RSV00010059,2025-07-26,2025-07-29,3,1403.6,231.82,1635.42
8549,RSV00010060,2025-02-25,2025-02-26,1,1190.9,28.67,1219.57
8550,RSV00010061,2025-06-16,2025-06-17,1,1035.6,49.52,1085.12
8551,RSV00010062,2026-06-05,2026-06-09,4,323.17,194.98,518.15
8552,RSV00010063,2025-02-25,2025-03-04,7,1360.51,72.1,1432.61
8553,RSV00010064,2025-03-18,2025-03-24,6,191.05,111.65,302.7
8554,RSV00010065,2025-10-01,2025-10-06,5,1130.04,215.9,1345.94
8555,RSV00010066,2024-10-25,2024-10-31,6,187.93,144.28,332.21
8556,RSV00010067,2026-03-17,2026-03-18,1,467.87,153.53,621.4
8557,RSV00010068,2025-07-05,2025-07-07,2,731.79,233.39,965.18
8558,RSV00010069,2026-05-16,2026-05-18,2,1370.84,72.12,1442.96
8559,RSV00010070,2025-06-25,2025-06-30,5,1043.47,59.44,1102.91
8560,RSV00010071,2025-11-11,2025-11-17,6,691.87,164.42,856.29
8561,RSV00010072,2025-05-02,2025-05-04,2,1288.01,100.17,1388.18
8562,RSV00010073,2024-12-03,2024-12-10,7,970.65,16.52,987.17
8563,RSV00010074,2024-10-22,2024-10-25,3,447.03,152.94,599.97
8564,RSV00010075,2024-06-19,2024-06-20,1,99.92,217.52,317.44
8565,RSV00010076,2024-07-26,2024-08-02,7,1107.07,130.98,1238.05
8566,RSV00010077,2025-12-17,2025-12-20,3,1075.2,25.0,1100.2
8567,RSV00010079,2025-08-19,2025-08-20,1,1433.19,117.06,1550.25
8568,RSV00010080,2026-04-01,2026-04-04,3,433.05,46.97,480.02
8569,RSV00010081,2025-03-12,2025-03-13,1,1085.07,142.99,1228.06
8570,RSV00010082,2025-11-18,2025-11-25,7,912.79,68.49,981.28
8571,RSV00010083,2025-08-04,2025-08-07,3,942.84,114.52,1057.36
8572,RSV00010084,2025-11-27,2025-11-30,3,483.25,82.97,566.22
8573,RSV00010087,2025-05-28,2025-06-03,6,1028.53,8.73,1037.26
8574,RSV00010088,2024-12-10,2024-12-15,5,1073.42,143.86,1217.28
8575,RSV00010089,2025-05-03,2025-05-05,2,615.29,231.42,846.71
8576,RSV00010090,2024-10-10,2024-10-16,6,576.44,44.15,620.59
8577,RSV00010091,2025-03-13,2025-03-20,7,1186.14,212.94,1399.08
8578,RSV00010092,2026-06-07,2026-06-11,4,575.91,132.34,708.25
8579,RSV00010093,2026-03-18,2026-03-20,2,540.19,159.16,699.35
8580,RSV00010094,2024-11-23,2024-11-26,3,842.09,47.28,889.37
8581,RSV00010095,2025-02-27,2025-03-06,7,1225.1,224.4,1449.5
8582,RSV00010096,2025-08-13,2025-08-20,7,201.27,205.72,406.99
8583,RSV00010097,2025-07-06,2025-07-12,6,160.01,11.73,171.74
8584,RSV00010098,2024-09-26,2024-10-03,7,1271.53,22.35,1293.88
8585,RSV00010099,2026-05-22,2026-05-24,2,790.12,28.98,819.1
8586,RSV00010100,2026-04-22,2026-04-25,3,410.22,94.95,505.17
8587,RSV00010101,2024-12-11,2024-12-16,5,912.95,1.62,914.57
8588,RSV00010103,2025-08-19,2025-08-26,7,1303.88,68.55,1372.43
8589,RSV00010104,2026-01-11,2026-01-16,5,288.1,129.47,417.57
8590,RSV00010105,2024-08-03,2024-08-06,3,418.73,156.34,575.07
8591,RSV00010106,2025-04-27,2025-05-01,4,287.85,60.28,348.13
8592,RSV00010108,2025-09-22,2025-09-27,5,253.29,47.7,300.99
8593,RSV00010109,2024-09-01,2024-09-08,7,171.84,161.1,332.94
8594,RSV00010110,2024-07-29,2024-08-04,6,320.15,34.36,354.51
8595,RSV00010111,2025-07-23,2025-07-27,4,356.97,134.0,490.97
8596,RSV00010112,2024-12-07,2024-12-08,1,487.46,110.31,597.77
8597,RSV00010113,2024-11-19,2024-11-26,7,1338.32,145.99,1484.31
8598,RSV00010114,2025-06-30,2025-07-07,7,377.04,89.13,466.17
8599,RSV00010115,2025-02-15,2025-02-18,3,119.63,5.01,124.64
8600,RSV00010116,2025-01-11,2025-01-15,4,1134.63,151.45,1286.08
8601,RSV00010117,2024-08-15,2024-08-22,7,1047.83,44.18,1092.01
8602,RSV00010118,2026-01-23,2026-01-28,5,658.81,207.63,866.44
8603,RSV00010119,2024-10-29,2024-11-03,5,493.36,185.89,679.25
8604,RSV00010120,2024-09-25,2024-09-30,5,486.91,106.16,593.07
8605,RSV00010122,2025-12-21,2025-12-23,2,521.61,141.92,663.53
8606,RSV00010123,2025-01-15,2025-01-19,4,324.23,245.0,569.23
8607,RSV00010124,2025-06-30,2025-07-07,7,1212.71,129.11,1341.82
8608,RSV00010126,2024-09-02,2024-09-03,1,1306.7,66.48,1373.18
8609,RSV00010127,2025-07-23,2025-07-27,4,131.58,193.04,324.62
8610,RSV00010128,2024-07-19,2024-07-21,2,1287.72,110.26,1397.98
8611,RSV00010129,2025-06-19,2025-06-23,4,978.39,243.87,1222.26
8612,RSV00010130,2024-09-29,2024-10-04,5,925.84,168.81,1094.65
8613,RSV00010132,2025-03-31,2025-04-07,7,742.94,167.7,910.64
8614,RSV00010133,2025-03-03,2025-03-05,2,863.15,5.26,868.41
8615,RSV00010134,2026-01-15,2026-01-20,5,937.47,189.44,1126.91
8616,RSV00010135,2025-06-12,2025-06-18,6,451.39,54.56,505.95
8617,RSV00010136,2025-10-25,2025-10-31,6,152.47,41.05,193.52
8618,RSV00010137,2025-03-07,2025-03-12,5,1284.17,104.75,1388.92
8619,RSV00010138,2026-01-04,2026-01-07,3,129.21,99.41,228.62
8620,RSV00010139,2026-03-14,2026-03-21,7,460.72,86.98,547.7
8621,RSV00010140,2024-09-25,2024-10-01,6,179.35,118.58,297.93
8622,RSV00010141,2026-05-13,2026-05-16,3,790.39,153.54,943.93
8623,RSV00010142,2025-03-13,2025-03-18,5,1282.3,32.27,1314.57
8624,RSV00010146,2026-05-03,2026-05-09,6,472.33,43.11,515.44
8625,RSV00010147,2025-09-30,2025-10-04,4,563.23,53.03,616.26
8626,RSV00010148,2025-04-19,2025-04-25,6,468.22,92.44,560.66
8627,RSV00010150,2025-01-26,2025-01-28,2,819.59,80.06,899.65
8628,RSV00010151,2025-04-09,2025-04-15,6,898.28,86.6,984.88
8629,RSV00010152,2025-11-07,2025-11-13,6,557.06,167.44,724.5
8630,RSV00010153,2024-10-14,2024-10-17,3,177.19,5.66,182.85
8631,RSV00010155,2024-11-08,2024-11-14,6,1236.56,233.59,1470.15
8632,RSV00010156,2025-10-08,2025-10-14,6,732.77,52.69,785.46
8633,RSV00010157,2025-08-17,2025-08-18,1,329.37,7.95,337.32
8634,RSV00010158,2025-08-31,2025-09-05,5,1234.66,186.56,1421.22
8635,RSV00010159,2025-12-03,2025-12-04,1,1096.27,109.91,1206.18
8636,RSV00010160,2024-10-04,2024-10-06,2,1033.3,30.76,1064.06
8637,RSV00010161,2026-02-07,2026-02-13,6,1296.28,183.36,1479.64
8638,RSV00010162,2025-05-29,2025-06-04,6,885.2,94.36,979.56
8639,RSV00010163,2025-06-08,2025-06-10,2,1037.92,13.73,1051.65
8640,RSV00010164,2024-09-18,2024-09-20,2,1342.38,177.6,1519.98
8641,RSV00010165,2025-11-14,2025-11-20,6,1189.49,6.76,1196.25
8642,RSV00010167,2024-11-25,2024-12-01,6,249.26,30.11,279.37
8643,RSV00010168,2025-05-24,2025-05-25,1,192.79,207.33,400.12
8644,RSV00010169,2025-05-12,2025-05-15,3,355.32,81.67,436.99
8645,RSV00010170,2026-05-15,2026-05-19,4,97.66,0.85,98.51
8646,RSV00010173,2025-10-07,2025-10-13,6,888.42,180.63,1069.05
8647,RSV00010174,2026-06-10,2026-06-12,2,1236.37,38.1,1274.47
8648,RSV00010175,2024-10-28,2024-11-01,4,1495.45,17.76,1513.21
8649,RSV00010176,2025-08-12,2025-08-16,4,846.8,180.28,1027.08
8650,RSV00010177,2025-05-29,2025-06-02,4,1468.92,25.09,1494.01
8651,RSV00010178,2025-05-16,2025-05-22,6,375.21,202.48,577.69
8652,RSV00010179,2025-06-16,2025-06-22,6,206.6,150.27,356.87
8653,RSV00010180,2026-04-06,2026-04-09,3,480.63,18.73,499.36
8654,RSV00010181,2025-09-12,2025-09-19,7,621.4,93.51,714.91
8655,RSV00010182,2025-06-07,2025-06-08,1,564.62,172.7,737.32
8656,RSV00010183,2025-06-18,2025-06-22,4,817.71,209.07,1026.78
8657,RSV00010184,2024-10-09,2024-10-16,7,297.42,51.52,348.94
8658,RSV00010185,2025-08-17,2025-08-19,2,1499.51,140.88,1640.39
8659,RSV00010186,2025-12-29,2026-01-03,5,859.69,168.59,1028.28
8660,RSV00010187,2025-11-06,2025-11-11,5,100.94,234.25,335.19
8661,RSV00010188,2024-11-25,2024-11-27,2,222.47,146.81,369.28
8662,RSV00010189,2025-03-05,2025-03-11,6,1407.42,180.24,1587.66
8663,RSV00010190,2026-01-22,2026-01-25,3,377.71,198.93,576.64
8664,RSV00010191,2025-07-19,2025-07-21,2,1253.89,0.94,1254.83
8665,RSV00010193,2026-02-09,2026-02-16,7,122.04,158.28,280.32
8666,RSV00010194,2024-07-03,2024-07-05,2,1428.29,162.21,1590.5
8667,RSV00010195,2024-08-05,2024-08-06,1,497.25,236.19,733.44
8668,RSV00010196,2025-09-26,2025-09-28,2,656.59,57.42,714.01
8669,RSV00010198,2025-11-15,2025-11-20,5,347.3,127.12,474.42
8670,RSV00010199,2025-07-01,2025-07-02,1,526.59,177.47,704.06
8671,RSV00010200,2024-11-16,2024-11-19,3,1145.43,20.85,1166.28
8672,RSV00010201,2025-08-19,2025-08-25,6,403.61,197.14,600.75
8673,RSV00010202,2024-12-29,2025-01-01,3,374.97,148.33,523.3
8674,RSV00010203,2026-05-16,2026-05-20,4,531.98,181.51,713.49
8675,RSV00010204,2025-09-11,2025-09-18,7,390.75,19.74,410.49
8676,RSV00010206,2026-05-26,2026-05-27,1,186.32,108.08,294.4
8677,RSV00010207,2026-01-29,2026-01-31,2,1346.66,184.42,1531.08
8678,RSV00010208,2024-11-08,2024-11-10,2,176.84,100.22,277.06
8679,RSV00010210,2025-01-08,2025-01-14,6,1423.38,45.0,1468.38
8680,RSV00010211,2026-05-10,2026-05-17,7,1203.54,193.62,1397.16
8681,RSV00010212,2025-02-27,2025-03-04,5,1359.63,29.23,1388.86
8682,RSV00010213,2025-10-10,2025-10-11,1,1212.5,67.22,1279.72
8683,RSV00010214,2025-03-16,2025-03-19,3,1374.86,162.74,1537.6
8684,RSV00010215,2025-02-12,2025-02-16,4,905.55,49.57,955.12
8685,RSV00010216,2025-12-06,2025-12-13,7,1450.6,41.05,1491.65
8686,RSV00010217,2024-10-14,2024-10-21,7,1225.96,154.93,1380.89
8687,RSV00010218,2025-07-06,2025-07-13,7,1036.52,114.36,1150.88
8688,RSV00010219,2026-04-25,2026-04-26,1,645.05,23.5,668.55
8689,RSV00010220,2025-12-27,2026-01-03,7,1069.72,68.99,1138.71
8690,RSV00010222,2024-09-18,2024-09-22,4,603.75,176.18,779.93
8691,RSV00010223,2025-01-04,2025-01-07,3,870.63,30.58,901.21
8692,RSV00010224,2025-04-28,2025-05-04,6,668.44,219.11,887.55
8693,RSV00010225,2026-04-10,2026-04-15,5,1446.95,241.39,1688.34
8694,RSV00010226,2025-06-13,2025-06-16,3,1314.85,56.66,1371.51
8695,RSV00010227,2025-07-09,2025-07-16,7,575.36,146.99,722.35
8696,RSV00010228,2026-04-16,2026-04-19,3,842.62,122.82,965.44
8697,RSV00010229,2024-06-23,2024-06-29,6,1049.21,15.89,1065.1
8698,RSV00010232,2026-05-30,2026-06-02,3,875.87,18.56,894.43
8699,RSV00010234,2025-10-31,2025-11-06,6,218.39,23.23,241.62
8700,RSV00010235,2025-09-02,2025-09-09,7,1257.91,202.6,1460.51
8701,RSV00010236,2025-04-06,2025-04-08,2,817.83,71.41,889.24
8702,RSV00010238,2025-06-09,2025-06-14,5,252.16,50.29,302.45
8703,RSV00010239,2025-10-01,2025-10-08,7,627.22,167.63,794.85
8704,RSV00010240,2025-11-24,2025-11-26,2,859.49,135.81,995.3
8705,RSV00010241,2025-07-22,2025-07-29,7,555.42,88.22,643.64
8706,RSV00010242,2024-09-26,2024-09-28,2,225.49,23.06,248.55
8707,RSV00010243,2025-01-26,2025-01-28,2,1002.94,158.13,1161.07
8708,RSV00010244,2025-09-17,2025-09-18,1,505.75,56.71,562.46
8709,RSV00010245,2025-06-04,2025-06-06,2,362.62,170.68,533.3
8710,RSV00010246,2024-11-21,2024-11-24,3,1172.34,245.28,1417.62
8711,RSV00010247,2025-01-27,2025-01-29,2,1323.23,25.52,1348.75
8712,RSV00010248,2024-07-16,2024-07-22,6,340.76,222.09,562.85
8713,RSV00010249,2025-10-21,2025-10-26,5,1407.22,9.78,1417.0
8714,RSV00010250,2024-09-08,2024-09-15,7,1080.72,104.64,1185.36
8715,RSV00010251,2025-03-16,2025-03-17,1,1338.53,74.69,1413.22
8716,RSV00010252,2024-07-05,2024-07-08,3,1165.46,29.59,1195.05
8717,RSV00010253,2024-11-17,2024-11-19,2,679.6,133.57,813.17
8718,RSV00010254,2025-10-08,2025-10-15,7,1343.99,163.56,1507.55
8719,RSV00010255,2025-07-28,2025-07-29,1,1498.65,238.34,1736.99
8720,RSV00010257,2024-08-01,2024-08-03,2,256.25,234.69,490.94
8721,RSV00010258,2025-12-29,2026-01-03,5,1190.73,227.85,1418.58
8722,RSV00010259,2025-06-30,2025-07-02,2,663.0,99.31,762.31
8723,RSV00010260,2024-06-15,2024-06-22,7,1451.62,147.23,1598.85
8724,RSV00010261,2026-04-07,2026-04-08,1,287.71,225.11,512.82
8725,RSV00010262,2025-11-10,2025-11-13,3,1071.34,108.46,1179.8
8726,RSV00010264,2025-01-26,2025-02-02,7,1496.76,130.91,1627.67
8727,RSV00010265,2024-12-27,2024-12-29,2,183.48,34.19,217.67
8728,RSV00010266,2025-01-21,2025-01-26,5,249.4,186.58,435.98
8729,RSV00010267,2024-07-10,2024-07-15,5,1025.08,78.78,1103.86
8730,RSV00010268,2025-10-06,2025-10-08,2,1315.08,13.08,1328.16
8731,RSV00010269,2025-10-26,2025-10-28,2,1497.15,143.09,1640.24
8732,RSV00010270,2025-01-06,2025-01-07,1,105.59,161.09,266.68
8733,RSV00010271,2026-05-27,2026-05-29,2,874.8,58.29,933.09
8734,RSV00010272,2025-09-03,2025-09-09,6,216.17,144.83,361.0
8735,RSV00010273,2026-02-17,2026-02-18,1,573.39,45.78,619.17
8736,RSV00010274,2025-01-12,2025-01-15,3,667.55,208.8,876.35
8737,RSV00010275,2025-12-01,2025-12-08,7,1022.08,89.51,1111.59
8738,RSV00010276,2025-08-30,2025-09-01,2,449.92,22.04,471.96
8739,RSV00010279,2026-04-17,2026-04-20,3,401.12,186.98,588.1
8740,RSV00010280,2026-06-05,2026-06-10,5,369.4,74.77,444.17
8741,RSV00010281,2025-07-29,2025-08-04,6,271.7,107.61,379.31
8742,RSV00010282,2026-06-29,2026-07-03,4,652.79,224.37,877.16
8743,RSV00010283,2025-07-08,2025-07-14,6,967.9,60.38,1028.28
8744,RSV00010284,2026-05-16,2026-05-18,2,1080.69,29.22,1109.91
8745,RSV00010285,2026-05-18,2026-05-25,7,383.95,232.95,616.9
8746,RSV00010286,2024-10-12,2024-10-15,3,228.84,137.27,366.11
8747,RSV00010287,2025-11-20,2025-11-26,6,495.0,3.01,498.01
8748,RSV00010288,2025-10-14,2025-10-20,6,663.31,197.08,860.39
8749,RSV00010289,2024-06-19,2024-06-22,3,418.17,182.47,600.64
8750,RSV00010290,2025-02-04,2025-02-07,3,1277.61,37.98,1315.59
8751,RSV00010292,2025-07-16,2025-07-18,2,1463.4,195.72,1659.12
8752,RSV00010293,2025-11-06,2025-11-08,2,613.71,65.34,679.05
8753,RSV00010294,2026-03-23,2026-03-24,1,631.62,181.76,813.38
8754,RSV00010295,2025-04-01,2025-04-02,1,1406.74,226.08,1632.82
8755,RSV00010296,2025-06-23,2025-06-29,6,1277.3,35.56,1312.86
8756,RSV00010297,2026-03-25,2026-03-29,4,319.55,232.29,551.84
8757,RSV00010298,2025-10-14,2025-10-15,1,622.51,162.58,785.09
8758,RSV00010299,2024-09-10,2024-09-14,4,1331.08,197.68,1528.76
8759,RSV00010301,2025-12-23,2025-12-29,6,1143.03,34.7,1177.73
8760,RSV00010302,2025-09-06,2025-09-08,2,481.43,60.11,541.54
8761,RSV00010303,2026-01-02,2026-01-04,2,876.44,150.48,1026.92
8762,RSV00010304,2025-12-12,2025-12-17,5,1499.92,89.05,1588.97
8763,RSV00010305,2025-07-13,2025-07-14,1,510.58,130.52,641.1
8764,RSV00010306,2024-11-09,2024-11-10,1,1390.61,104.69,1495.3
8765,RSV00010307,2026-03-04,2026-03-09,5,1175.12,110.85,1285.97
8766,RSV00010309,2026-02-23,2026-02-26,3,985.36,176.48,1161.84
8767,RSV00010310,2026-03-17,2026-03-18,1,1451.64,234.29,1685.93
8768,RSV00010311,2024-08-08,2024-08-09,1,106.14,94.78,200.92
8769,RSV00010313,2025-03-07,2025-03-13,6,1357.7,142.0,1499.7
8770,RSV00010314,2024-08-23,2024-08-29,6,1092.27,175.81,1268.08
8771,RSV00010315,2025-12-17,2025-12-18,1,1334.2,15.73,1349.93
8772,RSV00010317,2025-12-02,2025-12-07,5,1481.48,230.59,1712.07
8773,RSV00010318,2026-03-16,2026-03-17,1,524.96,66.59,591.55
8774,RSV00010319,2024-10-03,2024-10-07,4,832.3,219.38,1051.68
8775,RSV00010320,2025-04-14,2025-04-20,6,520.84,102.22,623.06
8776,RSV00010322,2024-11-18,2024-11-24,6,687.23,163.68,850.91
8777,RSV00010323,2025-06-01,2025-06-07,6,1420.42,218.24,1638.66
8778,RSV00010325,2024-12-11,2024-12-18,7,1492.67,0.12,1492.79
8779,RSV00010326,2024-10-23,2024-10-26,3,482.44,168.99,651.43
8780,RSV00010327,2025-06-03,2025-06-05,2,1316.61,71.78,1388.39
8781,RSV00010328,2026-04-05,2026-04-12,7,1492.89,96.78,1589.67
8782,RSV00010329,2026-04-26,2026-05-03,7,138.87,62.77,201.64
8783,RSV00010330,2025-09-09,2025-09-11,2,652.61,112.76,765.37
8784,RSV00010331,2025-03-23,2025-03-28,5,1309.51,115.98,1425.49
8785,RSV00010332,2025-12-04,2025-12-06,2,958.98,236.92,1195.9
8786,RSV00010333,2025-08-27,2025-09-02,6,659.1,91.91,751.01
8787,RSV00010335,2026-05-09,2026-05-12,3,396.54,120.71,517.25
8788,RSV00010336,2025-07-08,2025-07-10,2,80.37,45.28,125.65
8789,RSV00010337,2024-10-01,2024-10-07,6,650.34,106.21,756.55
8790,RSV00010338,2024-06-27,2024-07-01,4,1071.11,162.66,1233.77
8791,RSV00010339,2025-05-28,2025-05-31,3,107.07,178.93,286.0
8792,RSV00010340,2025-02-17,2025-02-19,2,1412.68,27.57,1440.25
8793,RSV00010341,2025-11-10,2025-11-13,3,225.38,135.92,361.3
8794,RSV00010342,2026-01-02,2026-01-04,2,1267.05,187.41,1454.46
8795,RSV00010345,2024-09-22,2024-09-24,2,1012.74,244.24,1256.98
8796,RSV00010346,2024-10-12,2024-10-14,2,1030.55,139.81,1170.36
8797,RSV00010347,2025-11-16,2025-11-20,4,1058.43,222.43,1280.86
8798,RSV00010348,2026-07-09,2026-07-13,4,778.36,59.03,837.39
8799,RSV00010349,2025-04-10,2025-04-11,1,721.43,125.82,847.25
8800,RSV00010350,2026-06-08,2026-06-15,7,622.14,71.93,694.07
8801,RSV00010351,2025-04-07,2025-04-13,6,664.23,168.54,832.77
8802,RSV00010352,2026-01-20,2026-01-22,2,635.0,85.91,720.91
8803,RSV00010353,2025-06-05,2025-06-09,4,1381.49,6.11,1387.6
8804,RSV00010354,2024-06-25,2024-07-01,6,618.23,160.02,778.25
8805,RSV00010355,2025-01-18,2025-01-25,7,520.73,156.37,677.1
8806,RSV00010357,2025-03-28,2025-03-30,2,1367.2,201.17,1568.37
8807,RSV00010358,2024-12-23,2024-12-24,1,719.7,226.58,946.28
8808,RSV00010359,2025-11-12,2025-11-18,6,339.56,106.37,445.93
8809,RSV00010360,2024-08-26,2024-08-27,1,909.25,247.57,1156.82
8810,RSV00010361,2024-11-08,2024-11-10,2,1480.92,193.65,1674.57
8811,RSV00010362,2025-02-03,2025-02-10,7,908.77,204.43,1113.2
8812,RSV00010363,2025-06-19,2025-06-24,5,1418.31,228.15,1646.46
8813,RSV00010364,2024-09-08,2024-09-09,1,131.68,191.54,323.22
8814,RSV00010365,2025-04-01,2025-04-07,6,698.62,205.96,904.58
8815,RSV00010366,2025-07-25,2025-07-28,3,1359.91,177.55,1537.46
8816,RSV00010367,2025-03-25,2025-03-27,2,840.55,108.72,949.27
8817,RSV00010368,2026-03-23,2026-03-24,1,958.44,116.17,1074.61
8818,RSV00010369,2024-09-23,2024-09-26,3,749.69,4.17,753.86
8819,RSV00010370,2025-03-03,2025-03-10,7,702.28,178.65,880.93
8820,RSV00010371,2026-05-23,2026-05-25,2,1331.14,43.08,1374.22
8821,RSV00010372,2025-10-26,2025-10-30,4,1095.55,167.3,1262.85
8822,RSV00010374,2026-02-06,2026-02-08,2,351.32,7.05,358.37
8823,RSV00010375,2024-09-12,2024-09-17,5,1212.69,164.58,1377.27
8824,RSV00010377,2024-06-01,2024-06-06,5,721.14,110.35,831.49
8825,RSV00010378,2025-02-11,2025-02-18,7,85.6,165.48,251.08
8826,RSV00010380,2026-03-10,2026-03-17,7,106.23,104.77,211.0
8827,RSV00010381,2025-05-22,2025-05-24,2,240.54,133.41,373.95
8828,RSV00010382,2025-09-01,2025-09-03,2,991.61,70.96,1062.57
8829,RSV00010383,2024-09-01,2024-09-02,1,749.57,69.82,819.39
8830,RSV00010384,2025-07-09,2025-07-11,2,1465.94,230.11,1696.05
8831,RSV00010385,2025-01-22,2025-01-26,4,1379.33,243.48,1622.81
8832,RSV00010386,2025-07-08,2025-07-12,4,205.91,192.61,398.52
8833,RSV00010387,2024-09-18,2024-09-21,3,751.27,162.4,913.67
8834,RSV00010389,2025-07-09,2025-07-14,5,144.42,98.56,242.98
8835,RSV00010391,2024-08-01,2024-08-03,2,1387.62,188.23,1575.85
8836,RSV00010393,2025-09-22,2025-09-26,4,125.46,119.02,244.48
8837,RSV00010394,2025-02-23,2025-02-25,2,505.33,89.28,594.61
8838,RSV00010395,2025-10-11,2025-10-15,4,1469.84,211.55,1681.39
8839,RSV00010396,2025-07-21,2025-07-27,6,1157.15,191.54,1348.69
8840,RSV00010397,2026-03-17,2026-03-21,4,1331.58,205.8,1537.38
8841,RSV00010398,2024-08-15,2024-08-21,6,1224.76,158.89,1383.65
8842,RSV00010399,2025-11-18,2025-11-19,1,1018.79,152.06,1170.85
8843,RSV00010400,2025-09-10,2025-09-13,3,398.71,62.64,461.35
8844,RSV00010402,2025-05-10,2025-05-14,4,728.52,75.01,803.53
8845,RSV00010403,2025-07-23,2025-07-27,4,404.89,91.73,496.62
8846,RSV00010404,2025-07-06,2025-07-12,6,464.96,118.56,583.52
8847,RSV00010405,2025-01-28,2025-01-31,3,306.47,100.43,406.9
8848,RSV00010406,2025-02-21,2025-02-22,1,352.78,67.7,420.48
8849,RSV00010407,2025-09-07,2025-09-08,1,861.71,169.16,1030.87
8850,RSV00010408,2026-06-21,2026-06-28,7,102.38,150.06,252.44
8851,RSV00010409,2024-09-21,2024-09-28,7,583.91,229.16,813.07
8852,RSV00010410,2025-01-06,2025-01-11,5,971.38,6.37,977.75
8853,RSV00010411,2024-09-04,2024-09-07,3,881.7,45.08,926.78
8854,RSV00010412,2025-03-18,2025-03-22,4,679.33,88.92,768.25
8855,RSV00010413,2025-09-29,2025-10-06,7,1087.96,131.95,1219.91
8856,RSV00010414,2026-06-05,2026-06-08,3,270.0,181.79,451.79
8857,RSV00010415,2026-07-19,2026-07-21,2,966.32,145.83,1112.15
8858,RSV00010416,2025-08-07,2025-08-13,6,1289.45,205.79,1495.24
8859,RSV00010417,2025-04-13,2025-04-19,6,912.17,20.37,932.54
8860,RSV00010418,2025-01-28,2025-01-30,2,508.67,243.11,751.78
8861,RSV00010419,2026-02-11,2026-02-15,4,715.58,5.63,721.21
8862,RSV00010420,2024-10-14,2024-10-19,5,1027.89,153.82,1181.71
8863,RSV00010421,2024-10-04,2024-10-11,7,675.38,247.36,922.74
8864,RSV00010422,2025-09-18,2025-09-24,6,1314.0,39.36,1353.36
8865,RSV00010424,2024-07-03,2024-07-09,6,720.24,235.28,955.52
8866,RSV00010425,2025-11-29,2025-12-05,6,757.35,133.12,890.47
8867,RSV00010426,2024-09-20,2024-09-23,3,188.3,212.32,400.62
8868,RSV00010427,2025-12-29,2026-01-01,3,310.56,220.13,530.69
8869,RSV00010428,2025-04-07,2025-04-13,6,700.65,2.74,703.39
8870,RSV00010429,2024-06-01,2024-06-06,5,1224.63,160.59,1385.22
8871,RSV00010431,2026-01-23,2026-01-28,5,776.49,77.68,854.17
8872,RSV00010432,2025-05-04,2025-05-10,6,211.35,25.91,237.26
8873,RSV00010433,2026-05-20,2026-05-27,7,796.81,103.65,900.46
8874,RSV00010434,2024-12-28,2024-12-29,1,961.42,153.67,1115.09
8875,RSV00010435,2025-04-04,2025-04-09,5,1199.7,158.46,1358.16
8876,RSV00010437,2026-01-29,2026-02-03,5,1485.53,15.92,1501.45
8877,RSV00010438,2024-12-05,2024-12-09,4,360.17,167.32,527.49
8878,RSV00010439,2026-01-20,2026-01-26,6,1342.14,81.91,1424.05
8879,RSV00010440,2024-08-02,2024-08-05,3,895.83,208.53,1104.36
8880,RSV00010441,2024-07-13,2024-07-18,5,101.0,140.42,241.42
8881,RSV00010442,2025-04-15,2025-04-19,4,1329.15,10.18,1339.33
8882,RSV00010444,2024-08-21,2024-08-27,6,1001.58,12.13,1013.71
8883,RSV00010445,2026-04-19,2026-04-22,3,333.93,134.95,468.88
8884,RSV00010446,2026-02-09,2026-02-13,4,358.37,128.42,486.79
8885,RSV00010447,2025-12-28,2026-01-02,5,1483.7,236.0,1719.7
8886,RSV00010448,2025-01-14,2025-01-19,5,1140.18,69.86,1210.04
8887,RSV00010449,2025-07-10,2025-07-16,6,925.1,210.62,1135.72
8888,RSV00010450,2025-02-15,2025-02-17,2,1226.99,177.9,1404.89
8889,RSV00010451,2026-02-12,2026-02-13,1,161.17,166.47,327.64
8890,RSV00010452,2025-04-06,2025-04-09,3,1103.6,246.28,1349.88
8891,RSV00010453,2025-01-20,2025-01-25,5,705.29,215.98,921.27
8892,RSV00010454,2025-01-26,2025-01-31,5,372.79,65.76,438.55
8893,RSV00010455,2026-04-07,2026-04-14,7,1381.23,167.45,1548.68
8894,RSV00010456,2025-09-17,2025-09-20,3,1336.78,29.73,1366.51
8895,RSV00010457,2026-04-04,2026-04-11,7,209.34,200.52,409.86
8896,RSV00010459,2024-10-09,2024-10-11,2,763.48,45.81,809.29
8897,RSV00010460,2025-08-01,2025-08-03,2,353.73,187.76,541.49
8898,RSV00010461,2024-12-16,2024-12-18,2,806.44,155.95,962.39
8899,RSV00010462,2025-08-20,2025-08-27,7,1446.41,2.26,1448.67
8900,RSV00010463,2026-04-04,2026-04-11,7,1489.49,75.23,1564.72
8901,RSV00010464,2024-12-06,2024-12-08,2,741.77,209.35,951.12
8902,RSV00010465,2025-01-11,2025-01-14,3,444.62,217.5,662.12
8903,RSV00010466,2025-06-30,2025-07-04,4,1450.21,147.02,1597.23
8904,RSV00010467,2025-09-05,2025-09-09,4,1217.83,52.88,1270.71
8905,RSV00010468,2026-01-14,2026-01-18,4,1075.07,49.64,1124.71
8906,RSV00010470,2025-05-24,2025-05-31,7,163.35,97.86,261.21
8907,RSV00010471,2024-11-24,2024-11-27,3,758.35,96.22,854.57
8908,RSV00010472,2025-06-07,2025-06-11,4,766.97,217.85,984.82
8909,RSV00010474,2024-12-02,2024-12-07,5,1273.38,96.87,1370.25
8910,RSV00010475,2024-06-27,2024-07-01,4,432.4,4.28,436.68
8911,RSV00010476,2025-07-17,2025-07-20,3,1456.08,195.92,1652.0
8912,RSV00010478,2025-12-31,2026-01-02,2,219.73,223.01,442.74
8913,RSV00010479,2025-09-03,2025-09-06,3,293.59,185.66,479.25
8914,RSV00010480,2024-09-10,2024-09-16,6,886.98,210.33,1097.31
8915,RSV00010481,2025-11-10,2025-11-16,6,1272.93,66.69,1339.62
8916,RSV00010482,2026-06-06,2026-06-11,5,530.12,73.61,603.73
8917,RSV00010483,2025-04-13,2025-04-17,4,1332.32,231.87,1564.19
8918,RSV00010485,2025-11-17,2025-11-18,1,1106.74,56.12,1162.86
8919,RSV00010486,2026-03-18,2026-03-22,4,261.53,178.79,440.32
8920,RSV00010487,2025-06-20,2025-06-26,6,578.94,148.7,727.64
8921,RSV00010488,2024-08-03,2024-08-06,3,1395.41,214.54,1609.95
8922,RSV00010489,2025-11-19,2025-11-20,1,1318.99,104.93,1423.92
8923,RSV00010490,2025-09-19,2025-09-21,2,891.5,78.96,970.46
8924,RSV00010492,2025-09-23,2025-09-26,3,311.0,5.8,316.8
8925,RSV00010493,2025-07-13,2025-07-14,1,874.54,239.17,1113.71
8926,RSV00010494,2025-08-07,2025-08-11,4,1416.71,19.7,1436.41
8927,RSV00010495,2026-03-08,2026-03-10,2,1463.67,178.82,1642.49
8928,RSV00010496,2026-05-22,2026-05-29,7,166.78,117.22,284.0
8929,RSV00010497,2026-04-07,2026-04-09,2,324.33,18.81,343.14
8930,RSV00010498,2025-10-27,2025-10-31,4,1014.99,2.45,1017.44
8931,RSV00010499,2024-08-20,2024-08-27,7,914.23,33.63,947.86
8932,RSV00010500,2024-09-20,2024-09-25,5,976.66,200.64,1177.3
8933,RSV00010501,2025-07-23,2025-07-26,3,1369.51,193.75,1563.26
8934,RSV00010502,2025-04-08,2025-04-09,1,472.08,137.82,609.9
8935,RSV00010503,2026-06-18,2026-06-23,5,760.42,51.2,811.62
8936,RSV00010504,2025-09-22,2025-09-24,2,770.49,99.87,870.36
8937,RSV00010505,2024-08-27,2024-08-28,1,528.92,17.93,546.85
8938,RSV00010506,2025-09-19,2025-09-23,4,1104.79,117.79,1222.58
8939,RSV00010507,2025-12-15,2025-12-21,6,174.38,61.08,235.46
8940,RSV00010508,2026-02-26,2026-02-27,1,1393.46,69.22,1462.68
8941,RSV00010509,2025-06-18,2025-06-23,5,1284.46,142.92,1427.38
8942,RSV00010510,2026-05-21,2026-05-27,6,970.05,67.3,1037.35
8943,RSV00010511,2024-08-12,2024-08-18,6,461.42,134.32,595.74
8944,RSV00010512,2025-10-07,2025-10-12,5,873.19,63.6,936.79
8945,RSV00010513,2024-06-04,2024-06-09,5,717.94,187.19,905.13
8946,RSV00010514,2026-06-17,2026-06-23,6,727.62,197.22,924.84
8947,RSV00010515,2025-03-19,2025-03-25,6,1407.18,18.54,1425.72
8948,RSV00010516,2025-10-15,2025-10-17,2,363.69,54.5,418.19
8949,RSV00010517,2025-07-26,2025-07-30,4,616.15,155.99,772.14
8950,RSV00010518,2024-08-12,2024-08-14,2,292.5,1.86,294.36
8951,RSV00010519,2025-04-25,2025-05-02,7,309.82,211.33,521.15
8952,RSV00010520,2026-05-12,2026-05-14,2,758.0,92.82,850.82
8953,RSV00010521,2025-02-04,2025-02-06,2,1275.37,113.67,1389.04
8954,RSV00010522,2025-10-15,2025-10-20,5,917.93,140.02,1057.95
8955,RSV00010523,2025-10-06,2025-10-12,6,1303.85,218.94,1522.79
8956,RSV00010524,2024-07-07,2024-07-09,2,970.55,9.1,979.65
8957,RSV00010525,2026-01-07,2026-01-12,5,386.06,67.44,453.5
8958,RSV00010526,2025-06-21,2025-06-26,5,493.09,198.68,691.77
8959,RSV00010527,2025-10-06,2025-10-07,1,1127.51,200.81,1328.32
8960,RSV00010529,2025-01-19,2025-01-25,6,1443.75,194.47,1638.22
8961,RSV00010530,2026-01-06,2026-01-09,3,128.91,165.29,294.2
8962,RSV00010531,2025-07-14,2025-07-19,5,107.68,89.47,197.15
8963,RSV00010532,2024-08-19,2024-08-21,2,1282.2,19.66,1301.86
8964,RSV00010534,2024-09-06,2024-09-08,2,1311.45,153.28,1464.73
8965,RSV00010535,2025-12-10,2025-12-13,3,268.41,213.46,481.87
8966,RSV00010536,2025-03-05,2025-03-10,5,605.39,38.59,643.98
8967,RSV00010538,2025-10-08,2025-10-12,4,1242.84,246.95,1489.79
8968,RSV00010539,2024-07-24,2024-07-26,2,1104.26,171.74,1276.0
8969,RSV00010540,2026-06-05,2026-06-11,6,1144.79,144.03,1288.82
8970,RSV00010541,2025-10-03,2025-10-10,7,1341.0,178.08,1519.08
8971,RSV00010542,2024-11-20,2024-11-27,7,1484.45,217.79,1702.24
8972,RSV00010543,2024-12-21,2024-12-28,7,1210.79,102.99,1313.78
8973,RSV00010544,2026-01-31,2026-02-02,2,791.25,105.42,896.67
8974,RSV00010545,2024-11-26,2024-11-30,4,320.63,170.74,491.37
8975,RSV00010546,2025-08-15,2025-08-20,5,297.17,249.32,546.49
8976,RSV00010547,2025-10-18,2025-10-19,1,614.24,113.04,727.28
8977,RSV00010548,2025-04-30,2025-05-07,7,470.64,237.91,708.55
8978,RSV00010549,2024-08-10,2024-08-15,5,358.18,119.34,477.52
8979,RSV00010551,2026-01-31,2026-02-02,2,514.82,170.44,685.26
8980,RSV00010552,2026-02-28,2026-03-05,5,158.73,209.78,368.51
8981,RSV00010553,2024-11-16,2024-11-20,4,159.19,44.29,203.48
8982,RSV00010554,2025-06-17,2025-06-24,7,1392.06,139.2,1531.26
8983,RSV00010555,2026-02-17,2026-02-21,4,144.24,177.12,321.36
8984,RSV00010556,2024-09-15,2024-09-18,3,578.64,195.73,774.37
8985,RSV00010557,2025-04-19,2025-04-20,1,1051.55,155.34,1206.89
8986,RSV00010558,2024-12-14,2024-12-19,5,1026.32,41.62,1067.94
8987,RSV00010559,2026-03-30,2026-04-01,2,859.45,234.31,1093.76
8988,RSV00010560,2024-12-12,2024-12-19,7,194.91,155.54,350.45
8989,RSV00010561,2025-01-03,2025-01-04,1,584.28,230.97,815.25
8990,RSV00010562,2025-06-20,2025-06-24,4,607.14,248.67,855.81
8991,RSV00010563,2025-09-08,2025-09-11,3,441.18,116.01,557.19
8992,RSV00010564,2025-01-11,2025-01-14,3,1108.54,113.3,1221.84
8993,RSV00010565,2024-08-03,2024-08-07,4,312.9,27.45,340.35
8994,RSV00010566,2025-12-02,2025-12-09,7,1410.85,214.92,1625.77
8995,RSV00010567,2026-02-21,2026-02-27,6,1331.03,9.36,1340.39
8996,RSV00010568,2025-08-21,2025-08-26,5,168.78,189.51,358.29
8997,RSV00010569,2026-06-09,2026-06-13,4,1115.65,128.19,1243.84
8998,RSV00010570,2025-11-15,2025-11-16,1,965.15,113.9,1079.05
8999,RSV00010571,2025-01-05,2025-01-09,4,121.33,209.51,330.84
9000,RSV00010572,2026-01-04,2026-01-05,1,1227.2,229.06,1456.26
9001,RSV00010574,2024-12-31,2025-01-04,4,169.58,13.56,183.14
9002,RSV00010575,2025-07-27,2025-07-29,2,1120.88,93.87,1214.75
9003,RSV00010576,2024-12-04,2024-12-06,2,152.62,157.38,310.0
9004,RSV00010577,2025-01-13,2025-01-18,5,1151.21,76.03,1227.24
9005,RSV00010578,2025-09-24,2025-09-26,2,820.56,245.09,1065.65
9006,RSV00010580,2026-03-06,2026-03-08,2,592.21,241.62,833.83
9007,RSV00010582,2024-11-02,2024-11-03,1,451.98,111.41,563.39
9008,RSV00010585,2026-06-08,2026-06-11,3,228.44,29.48,257.92
9009,RSV00010586,2025-11-22,2025-11-29,7,402.97,126.16,529.13
9010,RSV00010587,2026-04-18,2026-04-23,5,1356.27,207.87,1564.14
9011,RSV00010588,2025-12-01,2025-12-08,7,312.66,228.57,541.23
9012,RSV00010589,2026-05-14,2026-05-21,7,1192.06,242.57,1434.63
9013,RSV00010590,2025-05-06,2025-05-09,3,438.21,184.53,622.74
9014,RSV00010591,2024-11-12,2024-11-19,7,1330.29,131.83,1462.12
9015,RSV00010592,2025-08-15,2025-08-19,4,662.63,31.97,694.6
9016,RSV00010593,2024-12-29,2024-12-30,1,1105.96,86.79,1192.75
9017,RSV00010594,2024-09-15,2024-09-21,6,616.18,218.56,834.74
9018,RSV00010595,2026-04-25,2026-04-26,1,411.96,228.33,640.29
9019,RSV00010596,2025-12-24,2025-12-25,1,965.25,246.35,1211.6
9020,RSV00010597,2025-05-14,2025-05-17,3,648.89,77.21,726.1
9021,RSV00010598,2025-05-16,2025-05-21,5,324.26,23.76,348.02
9022,RSV00010599,2024-07-20,2024-07-27,7,645.66,76.84,722.5
9023,RSV00010600,2026-05-16,2026-05-21,5,1199.15,111.11,1310.26
9024,RSV00010601,2025-09-06,2025-09-11,5,648.34,217.34,865.68
9025,RSV00010603,2024-09-12,2024-09-17,5,1008.72,167.39,1176.11
9026,RSV00010604,2026-04-08,2026-04-14,6,1385.48,71.55,1457.03
9027,RSV00010605,2025-02-13,2025-02-20,7,1021.49,62.71,1084.2
9028,RSV00010606,2024-11-16,2024-11-20,4,734.58,200.64,935.22
9029,RSV00010607,2024-10-24,2024-10-31,7,645.79,180.83,826.62
9030,RSV00010608,2025-03-27,2025-04-03,7,1094.43,187.27,1281.7
9031,RSV00010610,2024-09-30,2024-10-05,5,182.0,59.81,241.81
9032,RSV00010611,2025-05-20,2025-05-23,3,1319.17,235.81,1554.98
9033,RSV00010612,2024-09-17,2024-09-23,6,705.06,203.96,909.02
9034,RSV00010613,2026-01-02,2026-01-03,1,672.76,82.4,755.16
9035,RSV00010614,2025-07-06,2025-07-08,2,545.02,58.25,603.27
9036,RSV00010615,2025-02-07,2025-02-12,5,1043.94,4.0,1047.94
9037,RSV00010616,2025-10-22,2025-10-27,5,524.6,228.37,752.97
9038,RSV00010618,2025-09-23,2025-09-28,5,1187.9,158.82,1346.72
9039,RSV00010619,2024-10-25,2024-11-01,7,373.82,128.26,502.08
9040,RSV00010620,2024-09-18,2024-09-22,4,431.11,113.73,544.84
9041,RSV00010621,2025-11-30,2025-12-06,6,796.16,36.58,832.74
9042,RSV00010622,2025-04-19,2025-04-24,5,1480.68,83.64,1564.32
9043,RSV00010623,2024-08-01,2024-08-02,1,256.47,237.37,493.84
9044,RSV00010624,2024-10-09,2024-10-14,5,1066.35,3.8,1070.15
9045,RSV00010625,2025-03-20,2025-03-26,6,440.5,31.4,471.9
9046,RSV00010626,2026-07-04,2026-07-07,3,848.82,173.87,1022.69
9047,RSV00010627,2024-08-01,2024-08-04,3,959.91,175.24,1135.15
9048,RSV00010628,2024-12-23,2024-12-30,7,227.23,201.64,428.87
9049,RSV00010629,2025-01-26,2025-01-28,2,238.64,45.27,283.91
9050,RSV00010631,2024-11-03,2024-11-09,6,1393.09,139.42,1532.51
9051,RSV00010633,2026-05-25,2026-06-01,7,609.46,225.11,834.57
9052,RSV00010634,2025-07-10,2025-07-13,3,336.96,23.27,360.23
9053,RSV00010635,2025-11-05,2025-11-07,2,493.01,85.24,578.25
9054,RSV00010636,2024-11-16,2024-11-20,4,1074.79,42.72,1117.51
9055,RSV00010638,2025-08-19,2025-08-23,4,297.83,181.5,479.33
9056,RSV00010639,2025-09-19,2025-09-20,1,1427.5,243.2,1670.7
9057,RSV00010641,2025-07-19,2025-07-20,1,238.02,127.95,365.97
9058,RSV00010642,2024-09-30,2024-10-06,6,1367.19,116.14,1483.33
9059,RSV00010643,2025-01-31,2025-02-07,7,378.79,228.69,607.48
9060,RSV00010644,2026-01-04,2026-01-06,2,454.63,93.63,548.26
9061,RSV00010645,2025-05-10,2025-05-11,1,1425.43,96.46,1521.89
9062,RSV00010647,2025-05-25,2025-05-29,4,798.28,8.35,806.63
9063,RSV00010648,2024-07-19,2024-07-26,7,883.1,73.62,956.72
9064,RSV00010649,2026-02-26,2026-03-03,5,1487.94,82.67,1570.61
9065,RSV00010650,2025-10-30,2025-11-02,3,435.97,15.03,451.0
9066,RSV00010651,2025-01-08,2025-01-10,2,393.31,175.33,568.64
9067,RSV00010652,2025-02-01,2025-02-03,2,510.6,13.79,524.39
9068,RSV00010653,2024-10-21,2024-10-26,5,1151.4,20.92,1172.32
9069,RSV00010654,2024-11-07,2024-11-08,1,1172.87,53.18,1226.05
9070,RSV00010655,2024-08-12,2024-08-18,6,259.7,88.44,348.14
9071,RSV00010656,2026-07-07,2026-07-11,4,126.63,179.25,305.88
9072,RSV00010657,2024-10-02,2024-10-05,3,581.36,12.8,594.16
9073,RSV00010658,2025-01-01,2025-01-08,7,289.89,28.27,318.16
9074,RSV00010659,2025-11-04,2025-11-08,4,1167.28,183.43,1350.71
9075,RSV00010662,2024-12-30,2024-12-31,1,722.4,72.57,794.97
9076,RSV00010663,2026-01-31,2026-02-04,4,1039.01,165.99,1205.0
9077,RSV00010664,2025-12-15,2025-12-19,4,972.03,231.52,1203.55
9078,RSV00010665,2025-01-25,2025-01-28,3,957.11,54.08,1011.19
9079,RSV00010666,2025-04-10,2025-04-11,1,1288.05,19.79,1307.84
9080,RSV00010667,2025-05-09,2025-05-15,6,1253.07,209.46,1462.53
9081,RSV00010669,2026-03-25,2026-03-31,6,1393.24,124.86,1518.1
9082,RSV00010670,2024-10-30,2024-10-31,1,1072.12,15.86,1087.98
9083,RSV00010671,2026-01-20,2026-01-25,5,1006.14,166.7,1172.84
9084,RSV00010672,2025-01-18,2025-01-19,1,190.43,237.85,428.28
9085,RSV00010673,2024-12-17,2024-12-19,2,1469.0,98.9,1567.9
9086,RSV00010674,2026-01-13,2026-01-17,4,667.45,146.67,814.12
9087,RSV00010675,2025-02-16,2025-02-17,1,1079.68,130.38,1210.06
9088,RSV00010677,2025-09-06,2025-09-09,3,1484.76,138.22,1622.98
9089,RSV00010678,2024-10-12,2024-10-19,7,813.39,189.22,1002.61
9090,RSV00010680,2025-12-26,2025-12-31,5,698.43,161.51,859.94
9091,RSV00010682,2026-04-23,2026-04-25,2,299.12,158.73,457.85
9092,RSV00010684,2025-09-20,2025-09-21,1,408.5,181.86,590.36
9093,RSV00010686,2025-06-27,2025-07-03,6,168.53,168.68,337.21
9094,RSV00010687,2025-05-04,2025-05-07,3,1190.14,90.69,1280.83
9095,RSV00010688,2024-06-24,2024-06-25,1,643.41,163.91,807.32
9096,RSV00010689,2024-10-12,2024-10-17,5,1001.11,241.85,1242.96
9097,RSV00010691,2025-12-29,2026-01-03,5,337.85,72.82,410.67
9098,RSV00010692,2025-10-03,2025-10-10,7,305.63,78.5,384.13
9099,RSV00010693,2026-01-26,2026-01-28,2,700.82,157.88,858.7
9100,RSV00010694,2025-12-25,2025-12-26,1,674.36,79.88,754.24
9101,RSV00010695,2024-09-05,2024-09-07,2,134.47,172.9,307.37
9102,RSV00010696,2026-03-14,2026-03-20,6,1259.61,207.86,1467.47
9103,RSV00010697,2026-01-19,2026-01-25,6,172.22,202.96,375.18
9104,RSV00010698,2026-04-21,2026-04-25,4,631.64,167.76,799.4
9105,RSV00010699,2026-05-09,2026-05-16,7,1129.71,143.03,1272.74
9106,RSV00010700,2025-03-17,2025-03-22,5,928.78,196.18,1124.96
9107,RSV00010702,2026-03-28,2026-03-31,3,664.79,249.63,914.42
9108,RSV00010706,2025-07-04,2025-07-08,4,199.42,24.8,224.22
9109,RSV00010707,2025-09-04,2025-09-10,6,890.33,236.32,1126.65
9110,RSV00010708,2025-04-19,2025-04-26,7,241.65,90.26,331.91
9111,RSV00010709,2025-10-11,2025-10-14,3,596.92,132.76,729.68
9112,RSV00010710,2026-04-13,2026-04-14,1,525.27,65.81,591.08
9113,RSV00010711,2025-01-24,2025-01-30,6,1016.77,210.96,1227.73
9114,RSV00010712,2026-01-26,2026-01-28,2,434.36,237.51,671.87
9115,RSV00010713,2024-11-04,2024-11-06,2,640.12,21.14,661.26
9116,RSV00010714,2026-02-13,2026-02-15,2,859.2,111.09,970.29
9117,RSV00010716,2026-03-02,2026-03-04,2,599.62,23.88,623.5
9118,RSV00010717,2025-11-30,2025-12-04,4,141.42,162.82,304.24
9119,RSV00010718,2026-05-13,2026-05-19,6,287.09,112.06,399.15
9120,RSV00010719,2026-04-30,2026-05-03,3,1339.51,56.24,1395.75
9121,RSV00010721,2026-01-08,2026-01-14,6,440.81,96.07,536.88
9122,RSV00010722,2025-08-31,2025-09-07,7,1418.48,227.78,1646.26
9123,RSV00010723,2025-08-18,2025-08-23,5,976.02,35.69,1011.71
9124,RSV00010724,2026-02-02,2026-02-08,6,673.86,106.41,780.27
9125,RSV00010725,2024-06-17,2024-06-22,5,1188.56,226.31,1414.87
9126,RSV00010726,2025-03-13,2025-03-17,4,1415.15,84.04,1499.19
9127,RSV00010727,2024-09-16,2024-09-22,6,943.94,37.52,981.46
9128,RSV00010728,2024-10-04,2024-10-11,7,1448.93,120.9,1569.83
9129,RSV00010729,2025-08-17,2025-08-21,4,1385.31,18.19,1403.5
9130,RSV00010730,2024-09-04,2024-09-06,2,285.51,73.63,359.14
9131,RSV00010731,2024-11-03,2024-11-07,4,1013.87,240.57,1254.44
9132,RSV00010732,2026-01-17,2026-01-18,1,96.26,217.7,313.96
9133,RSV00010734,2026-03-12,2026-03-17,5,838.5,56.46,894.96
9134,RSV00010735,2026-05-24,2026-05-25,1,1017.12,27.01,1044.13
9135,RSV00010736,2025-12-23,2025-12-28,5,209.36,159.59,368.95
9136,RSV00010737,2025-12-13,2025-12-17,4,427.1,243.08,670.18
9137,RSV00010738,2025-08-26,2025-09-02,7,1456.65,226.57,1683.22
9138,RSV00010739,2024-10-22,2024-10-27,5,518.0,153.02,671.02
9139,RSV00010740,2026-05-14,2026-05-21,7,492.7,106.73,599.43
9140,RSV00010742,2026-03-21,2026-03-28,7,1309.64,53.55,1363.19
9141,RSV00010743,2025-10-12,2025-10-16,4,221.48,228.68,450.16
9142,RSV00010745,2025-07-09,2025-07-15,6,519.12,116.05,635.17
9143,RSV00010746,2025-08-25,2025-08-30,5,513.12,190.58,703.7
9144,RSV00010747,2025-08-15,2025-08-16,1,1100.97,160.23,1261.2
9145,RSV00010748,2025-06-29,2025-07-01,2,834.27,1.82,836.09
9146,RSV00010749,2025-12-14,2025-12-20,6,1003.61,170.18,1173.79
9147,RSV00010750,2026-04-25,2026-04-29,4,1075.62,119.12,1194.74
9148,RSV00010751,2026-02-12,2026-02-19,7,563.85,137.59,701.44
9149,RSV00010752,2026-02-27,2026-03-02,3,134.35,1.24,135.59
9150,RSV00010753,2025-03-27,2025-04-02,6,1136.79,38.39,1175.18
9151,RSV00010754,2026-05-14,2026-05-18,4,789.21,190.97,980.18
9152,RSV00010755,2024-10-15,2024-10-17,2,1317.56,35.83,1353.39
9153,RSV00010756,2025-12-15,2025-12-20,5,344.13,26.37,370.5
9154,RSV00010758,2025-11-11,2025-11-17,6,324.81,119.87,444.68
9155,RSV00010759,2025-03-01,2025-03-07,6,98.5,167.59,266.09
9156,RSV00010760,2025-09-18,2025-09-23,5,891.93,88.67,980.6
9157,RSV00010761,2025-11-28,2025-12-04,6,1481.43,114.33,1595.76
9158,RSV00010762,2025-05-13,2025-05-17,4,783.88,154.37,938.25
9159,RSV00010763,2024-08-07,2024-08-13,6,240.88,174.92,415.8
9160,RSV00010764,2024-08-04,2024-08-08,4,1123.3,60.96,1184.26
9161,RSV00010766,2026-06-06,2026-06-13,7,1459.07,180.19,1639.26
9162,RSV00010767,2025-04-09,2025-04-12,3,978.01,228.61,1206.62
9163,RSV00010768,2025-02-02,2025-02-08,6,306.76,143.65,450.41
9164,RSV00010769,2024-10-27,2024-10-31,4,837.25,32.97,870.22
9165,RSV00010770,2026-03-25,2026-03-26,1,108.09,69.78,177.87
9166,RSV00010771,2024-12-13,2024-12-16,3,336.08,140.3,476.38
9167,RSV00010772,2024-08-09,2024-08-14,5,202.99,129.41,332.4
9168,RSV00010773,2026-03-24,2026-03-29,5,690.92,87.71,778.63
9169,RSV00010774,2025-08-31,2025-09-05,5,783.66,111.26,894.92
9170,RSV00010775,2025-04-23,2025-04-25,2,217.51,66.05,283.56
9171,RSV00010776,2026-06-12,2026-06-16,4,740.9,144.87,885.77
9172,RSV00010777,2025-01-30,2025-02-05,6,434.64,170.39,605.03
9173,RSV00010778,2026-01-27,2026-02-01,5,1431.05,105.97,1537.02
9174,RSV00010779,2025-02-27,2025-03-01,2,587.91,153.73,741.64
9175,RSV00010780,2025-05-08,2025-05-10,2,97.12,107.08,204.2
9176,RSV00010781,2025-11-04,2025-11-05,1,392.59,162.09,554.68
9177,RSV00010782,2024-08-08,2024-08-09,1,1465.71,39.03,1504.74
9178,RSV00010783,2025-02-10,2025-02-15,5,128.33,196.35,324.68
9179,RSV00010786,2024-11-06,2024-11-08,2,1151.6,4.13,1155.73
9180,RSV00010787,2024-06-06,2024-06-10,4,966.91,122.8,1089.71
9181,RSV00010790,2025-11-18,2025-11-20,2,945.81,123.98,1069.79
9182,RSV00010791,2025-12-26,2025-12-31,5,389.09,116.9,505.99
9183,RSV00010793,2024-07-08,2024-07-14,6,1191.47,69.38,1260.85
9184,RSV00010794,2024-10-14,2024-10-18,4,1023.96,90.59,1114.55
9185,RSV00010795,2025-09-28,2025-10-02,4,918.24,210.89,1129.13
9186,RSV00010797,2025-04-24,2025-05-01,7,321.03,173.31,494.34
9187,RSV00010799,2025-04-01,2025-04-03,2,1271.58,212.3,1483.88
9188,RSV00010800,2025-11-03,2025-11-07,4,841.96,180.97,1022.93
9189,RSV00010801,2025-07-13,2025-07-14,1,430.45,121.55,552.0
9190,RSV00010802,2024-10-24,2024-10-26,2,1135.15,163.65,1298.8
9191,RSV00010803,2025-10-31,2025-11-06,6,431.88,139.33,571.21
9192,RSV00010805,2024-09-10,2024-09-16,6,970.37,199.45,1169.82
9193,RSV00010806,2025-12-28,2026-01-04,7,142.21,33.5,175.71
9194,RSV00010807,2026-05-29,2026-05-31,2,154.47,51.28,205.75
9195,RSV00010808,2024-10-04,2024-10-06,2,1282.77,207.08,1489.85
9196,RSV00010809,2025-07-30,2025-08-04,5,1392.86,44.64,1437.5
9197,RSV00010810,2025-07-14,2025-07-20,6,406.15,92.8,498.95
9198,RSV00010811,2025-05-25,2025-05-29,4,733.19,109.7,842.89
9199,RSV00010812,2024-07-19,2024-07-20,1,1075.96,115.31,1191.27
9200,RSV00010814,2025-04-08,2025-04-12,4,176.58,53.9,230.48
9201,RSV00010816,2026-01-08,2026-01-11,3,549.8,67.39,617.19
9202,RSV00010817,2024-09-02,2024-09-05,3,1482.44,52.27,1534.71
9203,RSV00010818,2025-01-15,2025-01-17,2,378.16,30.44,408.6
9204,RSV00010820,2026-05-27,2026-06-01,5,249.64,67.36,317.0
9205,RSV00010821,2026-04-16,2026-04-17,1,1067.22,199.25,1266.47
9206,RSV00010822,2026-05-27,2026-05-28,1,1191.29,101.49,1292.78
9207,RSV00010824,2025-05-30,2025-05-31,1,1120.65,24.37,1145.02
9208,RSV00010825,2025-09-01,2025-09-03,2,201.03,193.02,394.05
9209,RSV00010826,2026-03-29,2026-04-05,7,162.82,229.35,392.17
9210,RSV00010827,2026-04-22,2026-04-23,1,616.31,214.76,831.07
9211,RSV00010828,2025-06-23,2025-06-26,3,1318.77,63.28,1382.05
9212,RSV00010829,2025-03-09,2025-03-15,6,86.41,152.66,239.07
9213,RSV00010830,2025-06-26,2025-07-01,5,1042.24,172.46,1214.7
9214,RSV00010831,2025-06-23,2025-06-26,3,1230.27,11.5,1241.77
9215,RSV00010832,2025-09-13,2025-09-16,3,144.91,241.25,386.16
9216,RSV00010833,2024-07-31,2024-08-04,4,779.34,66.65,845.99
9217,RSV00010834,2026-02-12,2026-02-13,1,398.52,42.77,441.29
9218,RSV00010835,2024-09-25,2024-09-26,1,746.83,159.01,905.84
9219,RSV00010836,2025-02-16,2025-02-23,7,471.8,78.28,550.08
9220,RSV00010838,2025-03-27,2025-04-03,7,1027.41,80.53,1107.94
9221,RSV00010839,2025-02-21,2025-02-22,1,1162.76,135.14,1297.9
9222,RSV00010840,2025-12-29,2026-01-02,4,410.34,100.49,510.83
9223,RSV00010841,2025-10-05,2025-10-07,2,1460.04,117.45,1577.49
9224,RSV00010842,2025-06-11,2025-06-16,5,1374.25,149.08,1523.33
9225,RSV00010843,2026-06-06,2026-06-09,3,102.33,247.41,349.74
9226,RSV00010845,2024-08-01,2024-08-06,5,617.69,141.33,759.02
9227,RSV00010846,2025-07-13,2025-07-15,2,218.99,177.1,396.09
9228,RSV00010847,2025-04-23,2025-04-26,3,1334.25,158.46,1492.71
9229,RSV00010848,2025-02-11,2025-02-18,7,808.57,160.14,968.71
9230,RSV00010850,2024-07-03,2024-07-04,1,769.93,27.71,797.64
9231,RSV00010851,2025-03-21,2025-03-25,4,670.08,169.76,839.84
9232,RSV00010852,2024-08-26,2024-08-28,2,1407.83,11.81,1419.64
9233,RSV00010853,2026-03-04,2026-03-08,4,745.83,175.89,921.72
9234,RSV00010854,2026-03-01,2026-03-06,5,306.97,114.91,421.88
9235,RSV00010855,2025-09-08,2025-09-09,1,463.68,17.7,481.38
9236,RSV00010856,2026-04-30,2026-05-02,2,1278.64,141.86,1420.5
9237,RSV00010857,2026-02-19,2026-02-26,7,615.04,129.48,744.52
9238,RSV00010858,2025-01-03,2025-01-10,7,1108.62,161.27,1269.89
9239,RSV00010859,2024-12-02,2024-12-09,7,865.45,85.91,951.36
9240,RSV00010860,2024-12-28,2024-12-31,3,441.21,146.26,587.47
9241,RSV00010861,2025-08-05,2025-08-12,7,1265.67,141.69,1407.36
9242,RSV00010862,2025-12-25,2026-01-01,7,1231.0,167.44,1398.44
9243,RSV00010863,2024-11-26,2024-11-28,2,976.79,191.77,1168.56
9244,RSV00010864,2025-01-08,2025-01-09,1,1455.7,217.95,1673.65
9245,RSV00010865,2026-01-28,2026-02-01,4,1458.41,92.26,1550.67
9246,RSV00010866,2025-01-01,2025-01-06,5,1237.68,60.33,1298.01
9247,RSV00010867,2025-01-14,2025-01-21,7,496.66,150.93,647.59
9248,RSV00010869,2024-10-05,2024-10-10,5,1453.63,139.07,1592.7
9249,RSV00010870,2025-01-29,2025-02-02,4,492.4,69.89,562.29
9250,RSV00010871,2026-05-24,2026-05-27,3,1236.57,92.06,1328.63
9251,RSV00010872,2026-02-03,2026-02-08,5,792.8,93.99,886.79
9252,RSV00010873,2025-03-10,2025-03-11,1,100.97,227.57,328.54
9253,RSV00010874,2025-08-04,2025-08-10,6,902.94,78.67,981.61
9254,RSV00010875,2025-04-07,2025-04-13,6,1353.39,145.85,1499.24
9255,RSV00010876,2026-01-30,2026-02-05,6,381.57,62.62,444.19
9256,RSV00010877,2024-07-11,2024-07-12,1,620.76,128.5,749.26
9257,RSV00010878,2025-07-08,2025-07-09,1,1254.53,2.26,1256.79
9258,RSV00010879,2025-02-25,2025-03-04,7,872.66,179.12,1051.78
9259,RSV00010880,2025-11-12,2025-11-14,2,373.98,85.78,459.76
9260,RSV00010881,2025-08-31,2025-09-07,7,1102.52,131.4,1233.92
9261,RSV00010882,2024-10-26,2024-10-31,5,960.32,220.96,1181.28
9262,RSV00010883,2025-08-10,2025-08-17,7,1399.08,106.8,1505.88
9263,RSV00010884,2025-08-21,2025-08-26,5,528.87,18.11,546.98
9264,RSV00010885,2025-11-29,2025-12-03,4,1288.48,152.56,1441.04
9265,RSV00010886,2024-10-11,2024-10-16,5,294.82,190.1,484.92
9266,RSV00010887,2025-09-05,2025-09-06,1,108.28,246.8,355.08
9267,RSV00010888,2024-11-18,2024-11-19,1,93.13,249.51,342.64
9268,RSV00010889,2024-09-28,2024-10-02,4,331.64,165.72,497.36
9269,RSV00010890,2025-07-21,2025-07-23,2,340.69,57.69,398.38
9270,RSV00010891,2024-12-14,2024-12-17,3,746.57,225.13,971.7
9271,RSV00010892,2025-12-31,2026-01-02,2,149.38,170.89,320.27
9272,RSV00010893,2024-08-08,2024-08-12,4,978.04,67.49,1045.53
9273,RSV00010894,2025-03-07,2025-03-14,7,759.38,230.33,989.71
9274,RSV00010896,2025-02-28,2025-03-04,4,418.46,79.04,497.5
9275,RSV00010897,2025-01-17,2025-01-20,3,84.0,16.73,100.73
9276,RSV00010898,2026-01-19,2026-01-20,1,232.28,208.28,440.56
9277,RSV00010899,2025-10-20,2025-10-24,4,1238.34,249.29,1487.63
9278,RSV00010900,2025-06-17,2025-06-23,6,839.56,85.03,924.59
9279,RSV00010901,2025-01-04,2025-01-06,2,593.08,243.88,836.96
9280,RSV00010902,2024-06-17,2024-06-19,2,1174.34,182.02,1356.36
9281,RSV00010903,2025-11-02,2025-11-04,2,1333.81,145.64,1479.45
9282,RSV00010905,2026-02-28,2026-03-07,7,891.87,179.42,1071.29
9283,RSV00010906,2025-01-05,2025-01-06,1,1362.34,224.46,1586.8
9284,RSV00010907,2024-10-02,2024-10-08,6,148.96,167.11,316.07
9285,RSV00010909,2024-11-09,2024-11-15,6,608.95,40.88,649.83
9286,RSV00010910,2026-04-19,2026-04-21,2,150.75,100.88,251.63
9287,RSV00010911,2025-08-14,2025-08-15,1,1186.83,119.88,1306.71
9288,RSV00010912,2024-10-08,2024-10-12,4,1238.83,44.84,1283.67
9289,RSV00010913,2026-02-10,2026-02-13,3,1284.03,108.17,1392.2
9290,RSV00010914,2025-06-08,2025-06-09,1,1025.0,221.47,1246.47
9291,RSV00010915,2026-02-06,2026-02-08,2,707.62,188.61,896.23
9292,RSV00010916,2025-11-26,2025-12-03,7,421.1,32.69,453.79
9293,RSV00010917,2025-04-11,2025-04-14,3,1297.96,164.87,1462.83
9294,RSV00010919,2025-06-07,2025-06-12,5,1173.49,211.13,1384.62
9295,RSV00010920,2026-04-02,2026-04-08,6,1344.35,228.77,1573.12
9296,RSV00010921,2024-11-17,2024-11-23,6,913.33,200.18,1113.51
9297,RSV00010922,2025-09-10,2025-09-14,4,113.49,179.36,292.85
9298,RSV00010923,2026-02-08,2026-02-14,6,351.42,88.53,439.95
9299,RSV00010924,2025-04-17,2025-04-19,2,486.19,84.88,571.07
9300,RSV00010925,2025-11-17,2025-11-21,4,323.47,20.94,344.41
9301,RSV00010926,2026-05-22,2026-05-28,6,661.56,83.87,745.43
9302,RSV00010928,2025-03-19,2025-03-21,2,200.53,208.12,408.65
9303,RSV00010929,2025-12-15,2025-12-19,4,1171.75,233.18,1404.93
9304,RSV00010930,2025-01-31,2025-02-05,5,180.59,159.5,340.09
9305,RSV00010931,2024-08-26,2024-08-30,4,915.38,73.14,988.52
9306,RSV00010932,2024-12-25,2024-12-30,5,215.13,107.93,323.06
9307,RSV00010933,2026-05-07,2026-05-09,2,881.68,119.43,1001.11
9308,RSV00010934,2024-08-30,2024-09-06,7,1039.47,52.07,1091.54
9309,RSV00010935,2025-09-21,2025-09-28,7,1095.8,237.15,1332.95
9310,RSV00010936,2026-01-30,2026-02-06,7,522.5,158.93,681.43
9311,RSV00010937,2026-02-03,2026-02-09,6,1429.93,241.12,1671.05
9312,RSV00010938,2024-10-05,2024-10-07,2,1338.57,139.62,1478.19
9313,RSV00010939,2024-08-06,2024-08-11,5,665.28,45.81,711.09
9314,RSV00010940,2025-04-14,2025-04-19,5,1148.0,87.09,1235.09
9315,RSV00010941,2026-07-07,2026-07-11,4,1325.14,72.75,1397.89
9316,RSV00010942,2025-07-06,2025-07-10,4,616.91,34.23,651.14
9317,RSV00010944,2024-06-01,2024-06-02,1,1428.21,115.05,1543.26
9318,RSV00010945,2025-05-09,2025-05-11,2,752.37,49.31,801.68
9319,RSV00010946,2026-05-06,2026-05-08,2,1085.7,50.66,1136.36
9320,RSV00010947,2024-06-23,2024-06-25,2,184.19,75.47,259.66
9321,RSV00010948,2025-07-02,2025-07-06,4,821.97,173.15,995.12
9322,RSV00010949,2026-01-06,2026-01-13,7,907.25,187.2,1094.45
9323,RSV00010950,2025-02-23,2025-03-01,6,226.49,53.52,280.01
9324,RSV00010952,2025-08-15,2025-08-20,5,258.24,25.49,283.73
9325,RSV00010953,2025-04-27,2025-04-28,1,439.08,182.37,621.45
9326,RSV00010954,2026-01-11,2026-01-14,3,1186.03,79.2,1265.23
9327,RSV00010955,2024-09-05,2024-09-10,5,455.94,220.55,676.49
9328,RSV00010956,2025-12-15,2025-12-19,4,841.62,122.47,964.09
9329,RSV00010957,2025-01-07,2025-01-10,3,1112.86,97.13,1209.99
9330,RSV00010958,2025-01-17,2025-01-22,5,1041.56,50.38,1091.94
9331,RSV00010960,2025-12-18,2025-12-19,1,160.19,29.93,190.12
9332,RSV00010961,2025-11-12,2025-11-13,1,962.7,91.11,1053.81
9333,RSV00010962,2024-08-06,2024-08-07,1,108.05,231.05,339.1
9334,RSV00010964,2026-06-03,2026-06-10,7,432.28,58.14,490.42
9335,RSV00010965,2024-12-13,2024-12-17,4,1038.66,124.0,1162.66
9336,RSV00010966,2025-04-19,2025-04-26,7,931.82,66.18,998.0
9337,RSV00010967,2025-08-29,2025-09-01,3,410.51,21.22,431.73
9338,RSV00010968,2026-03-19,2026-03-20,1,1380.14,208.34,1588.48
9339,RSV00010969,2025-12-20,2025-12-25,5,762.01,36.09,798.1
9340,RSV00010971,2025-01-04,2025-01-06,2,993.08,207.16,1200.24
9341,RSV00010973,2025-02-22,2025-02-24,2,1154.17,94.13,1248.3
9342,RSV00010974,2025-03-16,2025-03-17,1,1498.85,121.35,1620.2
9343,RSV00010975,2025-05-11,2025-05-15,4,311.5,84.79,396.29
9344,RSV00010976,2025-08-19,2025-08-20,1,146.16,123.24,269.4
9345,RSV00010977,2025-06-02,2025-06-09,7,423.17,160.89,584.06
9346,RSV00010978,2025-08-10,2025-08-17,7,602.72,69.2,671.92
9347,RSV00010980,2025-10-20,2025-10-25,5,535.7,74.44,610.14
9348,RSV00010982,2025-08-31,2025-09-01,1,746.8,51.79,798.59
9349,RSV00010984,2025-08-25,2025-09-01,7,313.39,56.87,370.26
9350,RSV00010985,2025-06-08,2025-06-12,4,239.78,18.11,257.89
9351,RSV00010986,2024-09-29,2024-10-06,7,818.24,73.89,892.13
9352,RSV00010987,2024-10-29,2024-11-02,4,622.61,86.62,709.23
9353,RSV00010988,2025-12-14,2025-12-18,4,1499.73,225.49,1725.22
9354,RSV00010989,2025-03-28,2025-04-04,7,788.55,83.79,872.34
9355,RSV00010990,2025-11-13,2025-11-16,3,1028.42,91.55,1119.97
9356,RSV00010991,2024-09-20,2024-09-26,6,971.9,207.93,1179.83
9357,RSV00010992,2025-11-03,2025-11-07,4,852.8,162.32,1015.12
9358,RSV00010993,2026-06-25,2026-06-28,3,81.41,243.07,324.48
9359,RSV00010994,2025-06-18,2025-06-20,2,1489.83,214.17,1704.0
9360,RSV00010995,2025-07-07,2025-07-13,6,784.46,11.31,795.77
9361,RSV00010997,2025-06-23,2025-06-27,4,221.36,10.88,232.24
9362,RSV00010998,2024-12-03,2024-12-07,4,613.82,73.72,687.54
9363,RSV00011000,2024-12-26,2024-12-27,1,868.29,169.83,1038.12
9364,RSV00011002,2025-12-11,2025-12-15,4,763.69,110.86,874.55
9365,RSV00011003,2025-06-12,2025-06-18,6,1276.73,153.85,1430.58
9366,RSV00011004,2024-07-08,2024-07-15,7,945.06,160.82,1105.88
9367,RSV00011005,2026-05-24,2026-05-27,3,292.86,138.79,431.65
9368,RSV00011006,2024-12-16,2024-12-23,7,809.75,43.58,853.33
9369,RSV00011007,2024-12-10,2024-12-13,3,615.63,203.67,819.3
9370,RSV00011008,2025-05-27,2025-06-03,7,1111.69,138.02,1249.71
9371,RSV00011009,2025-05-11,2025-05-15,4,1410.02,10.56,1420.58
9372,RSV00011010,2025-09-11,2025-09-12,1,1143.44,211.04,1354.48
9373,RSV00011011,2025-11-27,2025-11-28,1,1401.99,102.29,1504.28
9374,RSV00011012,2024-11-18,2024-11-22,4,1465.87,184.81,1650.68
9375,RSV00011013,2026-06-01,2026-06-07,6,321.94,195.43,517.37
9376,RSV00011014,2025-05-22,2025-05-26,4,1252.69,14.01,1266.7
9377,RSV00011015,2026-05-30,2026-06-05,6,806.71,92.43,899.14
9378,RSV00011016,2025-12-27,2025-12-28,1,1309.66,149.45,1459.11
9379,RSV00011017,2024-08-17,2024-08-18,1,1222.54,140.43,1362.97
9380,RSV00011018,2025-05-28,2025-05-29,1,768.42,84.96,853.38
9381,RSV00011019,2026-04-09,2026-04-10,1,232.75,119.07,351.82
9382,RSV00011020,2024-09-08,2024-09-13,5,887.97,124.36,1012.33
9383,RSV00011023,2025-05-17,2025-05-21,4,629.14,245.05,874.19
9384,RSV00011025,2024-07-26,2024-08-02,7,828.26,153.04,981.3
9385,RSV00011026,2025-11-22,2025-11-28,6,1026.96,7.47,1034.43
9386,RSV00011027,2026-04-14,2026-04-19,5,942.48,122.61,1065.09
9387,RSV00011028,2024-07-06,2024-07-11,5,1111.63,152.18,1263.81
9388,RSV00011029,2024-07-08,2024-07-13,5,721.94,203.88,925.82
9389,RSV00011030,2025-03-08,2025-03-10,2,856.1,239.31,1095.41
9390,RSV00011032,2024-12-28,2025-01-04,7,723.34,159.4,882.74
9391,RSV00011033,2024-07-08,2024-07-09,1,1329.13,146.09,1475.22
9392,RSV00011034,2025-03-06,2025-03-09,3,633.96,136.01,769.97
9393,RSV00011035,2025-09-26,2025-09-30,4,914.79,173.7,1088.49
9394,RSV00011036,2025-01-25,2025-01-26,1,1179.45,162.58,1342.03
9395,RSV00011037,2026-03-28,2026-04-04,7,1180.83,151.78,1332.61
9396,RSV00011038,2025-08-12,2025-08-14,2,1254.71,165.69,1420.4
9397,RSV00011039,2024-08-17,2024-08-19,2,594.92,65.1,660.02
9398,RSV00011041,2025-10-05,2025-10-12,7,1061.9,126.05,1187.95
9399,RSV00011042,2025-12-06,2025-12-10,4,889.23,17.25,906.48
9400,RSV00011043,2024-09-27,2024-09-28,1,1335.91,217.52,1553.43
9401,RSV00011044,2024-09-05,2024-09-06,1,1178.01,79.78,1257.79
9402,RSV00011045,2026-05-07,2026-05-08,1,197.2,4.38,201.58
9403,RSV00011046,2025-11-08,2025-11-14,6,1211.31,28.0,1239.31
9404,RSV00011047,2025-05-03,2025-05-08,5,261.55,39.99,301.54
9405,RSV00011049,2025-10-08,2025-10-14,6,427.02,197.75,624.77
9406,RSV00011050,2025-11-28,2025-12-04,6,1115.44,122.6,1238.04
9407,RSV00011051,2025-12-03,2025-12-08,5,1202.68,149.81,1352.49
9408,RSV00011052,2024-06-15,2024-06-18,3,894.69,139.1,1033.79
9409,RSV00011053,2024-10-14,2024-10-18,4,452.89,236.1,688.99
9410,RSV00011054,2024-09-06,2024-09-10,4,616.83,44.6,661.43
9411,RSV00011056,2025-11-19,2025-11-25,6,1370.53,30.7,1401.23
9412,RSV00011058,2025-05-07,2025-05-12,5,830.06,140.12,970.18
9413,RSV00011059,2026-02-19,2026-02-26,7,1074.91,115.33,1190.24
9414,RSV00011060,2025-09-11,2025-09-13,2,1428.4,235.03,1663.43
9415,RSV00011062,2024-11-17,2024-11-19,2,741.63,247.8,989.43
9416,RSV00011063,2025-03-18,2025-03-23,5,832.61,48.99,881.6
9417,RSV00011064,2025-08-26,2025-09-01,6,764.39,80.46,844.85
9418,RSV00011065,2024-08-01,2024-08-03,2,622.12,35.69,657.81
9419,RSV00011066,2025-04-16,2025-04-19,3,281.32,245.71,527.03
9420,RSV00011067,2025-06-05,2025-06-06,1,1388.53,65.8,1454.33
9421,RSV00011069,2024-09-15,2024-09-20,5,1401.5,205.84,1607.34
9422,RSV00011070,2025-06-21,2025-06-28,7,614.47,136.08,750.55
9423,RSV00011071,2024-11-24,2024-12-01,7,1308.87,221.99,1530.86
9424,RSV00011072,2024-07-31,2024-08-05,5,1278.99,221.59,1500.58
9425,RSV00011074,2025-09-08,2025-09-11,3,620.41,193.09,813.5
9426,RSV00011075,2025-03-02,2025-03-03,1,1391.31,126.14,1517.45
9427,RSV00011076,2026-04-16,2026-04-20,4,1092.68,234.11,1326.79
9428,RSV00011078,2025-01-05,2025-01-11,6,1021.42,157.78,1179.2
9429,RSV00011079,2026-04-15,2026-04-17,2,509.06,153.31,662.37
9430,RSV00011080,2026-01-07,2026-01-12,5,1141.66,37.3,1178.96
9431,RSV00011081,2025-05-07,2025-05-08,1,880.65,99.85,980.5
9432,RSV00011082,2025-02-19,2025-02-20,1,161.12,121.05,282.17
9433,RSV00011083,2024-08-04,2024-08-09,5,1399.69,8.23,1407.92
9434,RSV00011084,2026-03-06,2026-03-08,2,1114.41,10.9,1125.31
9435,RSV00011085,2025-01-26,2025-02-01,6,1227.78,25.88,1253.66
9436,RSV00011086,2025-03-22,2025-03-28,6,1256.51,12.94,1269.45
9437,RSV00011087,2025-05-07,2025-05-08,1,966.97,178.54,1145.51
9438,RSV00011088,2024-11-01,2024-11-07,6,1397.2,140.98,1538.18
9439,RSV00011089,2026-03-08,2026-03-13,5,1147.4,48.57,1195.97
9440,RSV00011092,2026-05-25,2026-05-26,1,890.74,79.71,970.45
9441,RSV00011094,2024-12-17,2024-12-18,1,1440.31,156.9,1597.21
9442,RSV00011095,2026-02-26,2026-02-27,1,1053.05,83.57,1136.62
9443,RSV00011096,2025-01-12,2025-01-19,7,168.8,90.8,259.6
9444,RSV00011097,2026-03-04,2026-03-08,4,462.57,86.51,549.08
9445,RSV00011098,2025-01-22,2025-01-27,5,846.65,5.03,851.68
9446,RSV00011099,2025-02-01,2025-02-04,3,1178.66,201.48,1380.14
9447,RSV00011100,2026-07-01,2026-07-07,6,1020.2,197.13,1217.33
9448,RSV00011101,2026-01-09,2026-01-10,1,1111.62,226.03,1337.65
9449,RSV00011102,2026-06-06,2026-06-13,7,1054.17,137.43,1191.6
9450,RSV00011103,2025-06-30,2025-07-01,1,890.08,151.36,1041.44
9451,RSV00011104,2026-01-06,2026-01-07,1,897.02,89.87,986.89
9452,RSV00011105,2024-11-06,2024-11-11,5,861.78,123.37,985.15
9453,RSV00011106,2025-04-06,2025-04-12,6,1078.0,152.24,1230.24
9454,RSV00011107,2025-01-12,2025-01-19,7,562.41,170.49,732.9
9455,RSV00011108,2024-07-29,2024-07-31,2,952.86,92.11,1044.97
9456,RSV00011110,2025-08-02,2025-08-09,7,322.46,198.59,521.05
9457,RSV00011111,2025-05-23,2025-05-26,3,340.87,82.17,423.04
9458,RSV00011112,2026-02-17,2026-02-21,4,1082.49,123.59,1206.08
9459,RSV00011113,2025-10-20,2025-10-27,7,1227.65,229.69,1457.34
9460,RSV00011115,2025-11-14,2025-11-20,6,1415.78,33.48,1449.26
9461,RSV00011116,2025-12-29,2026-01-02,4,1063.26,208.11,1271.37
9462,RSV00011119,2026-03-16,2026-03-22,6,725.34,234.29,959.63
9463,RSV00011120,2026-01-26,2026-01-28,2,351.97,203.02,554.99
9464,RSV00011121,2025-11-09,2025-11-14,5,265.09,215.42,480.51
9465,RSV00011122,2025-04-09,2025-04-16,7,706.46,95.84,802.3
9466,RSV00011123,2025-01-20,2025-01-24,4,186.73,44.54,231.27
9467,RSV00011124,2025-10-03,2025-10-04,1,263.01,202.14,465.15
9468,RSV00011125,2025-11-19,2025-11-24,5,88.49,193.8,282.29
9469,RSV00011126,2025-11-10,2025-11-13,3,1195.89,174.06,1369.95
9470,RSV00011127,2025-01-31,2025-02-07,7,486.91,162.04,648.95
9471,RSV00011128,2025-04-07,2025-04-08,1,938.97,46.51,985.48
9472,RSV00011129,2025-06-14,2025-06-21,7,1280.05,216.78,1496.83
9473,RSV00011131,2024-07-25,2024-07-26,1,451.97,173.62,625.59
9474,RSV00011133,2024-10-08,2024-10-13,5,1052.35,24.7,1077.05
9475,RSV00011134,2024-12-02,2024-12-08,6,612.98,215.46,828.44
9476,RSV00011135,2024-08-29,2024-09-02,4,163.31,178.61,341.92
9477,RSV00011136,2024-06-27,2024-06-29,2,233.45,129.64,363.09
9478,RSV00011137,2024-11-12,2024-11-16,4,1182.78,37.21,1219.99
9479,RSV00011138,2025-02-06,2025-02-11,5,121.43,0.57,122.0
9480,RSV00011139,2025-04-19,2025-04-21,2,1369.33,30.13,1399.46
9481,RSV00011141,2025-10-04,2025-10-09,5,893.3,64.98,958.28
9482,RSV00011142,2026-02-10,2026-02-11,1,961.34,98.44,1059.78
9483,RSV00011143,2025-07-15,2025-07-22,7,954.23,208.01,1162.24
9484,RSV00011144,2024-12-30,2025-01-01,2,307.04,4.45,311.49
9485,RSV00011145,2025-09-12,2025-09-19,7,297.29,25.47,322.76
9486,RSV00011146,2026-07-03,2026-07-08,5,709.11,113.79,822.9
9487,RSV00011148,2024-12-31,2025-01-03,3,1247.29,16.56,1263.85
9488,RSV00011149,2026-05-02,2026-05-06,4,353.78,87.54,441.32
9489,RSV00011150,2024-07-31,2024-08-05,5,1036.16,212.88,1249.04
9490,RSV00011151,2024-11-30,2024-12-07,7,975.25,131.13,1106.38
9491,RSV00011153,2026-02-11,2026-02-16,5,287.25,41.64,328.89
9492,RSV00011154,2025-08-13,2025-08-15,2,1409.76,244.13,1653.89
9493,RSV00011155,2025-06-09,2025-06-13,4,454.0,98.0,552.0
9494,RSV00011156,2026-04-21,2026-04-26,5,1150.65,190.29,1340.94
9495,RSV00011157,2025-10-29,2025-11-01,3,230.74,228.06,458.8
9496,RSV00011158,2026-04-11,2026-04-14,3,1129.43,245.54,1374.97
9497,RSV00011159,2024-08-30,2024-09-03,4,1492.56,46.96,1539.52
9498,RSV00011160,2026-05-22,2026-05-27,5,751.26,13.5,764.76
9499,RSV00011161,2025-10-26,2025-11-01,6,1326.71,51.57,1378.28
9500,RSV00011163,2025-07-31,2025-08-04,4,441.4,26.99,468.39
9501,RSV00011164,2025-09-16,2025-09-20,4,1445.76,143.93,1589.69
9502,RSV00011166,2025-08-19,2025-08-25,6,1367.18,222.54,1589.72
9503,RSV00011167,2026-04-07,2026-04-09,2,1241.49,65.44,1306.93
9504,RSV00011168,2024-07-19,2024-07-20,1,508.79,194.07,702.86
9505,RSV00011169,2025-11-11,2025-11-16,5,1357.23,159.04,1516.27
9506,RSV00011170,2025-04-07,2025-04-12,5,641.27,24.81,666.08
9507,RSV00011171,2025-04-14,2025-04-21,7,255.01,246.81,501.82
9508,RSV00011172,2025-12-16,2025-12-22,6,1307.78,138.18,1445.96
9509,RSV00011173,2025-03-08,2025-03-12,4,492.62,125.35,617.97
9510,RSV00011174,2025-12-07,2025-12-10,3,866.96,57.54,924.5
9511,RSV00011175,2025-11-01,2025-11-07,6,226.34,42.72,269.06
9512,RSV00011176,2026-07-01,2026-07-05,4,1344.82,95.75,1440.57
9513,RSV00011177,2024-06-20,2024-06-25,5,186.81,19.72,206.53
9514,RSV00011178,2025-07-02,2025-07-09,7,285.74,117.37,403.11
9515,RSV00011179,2026-03-31,2026-04-05,5,696.57,86.74,783.31
9516,RSV00011180,2024-10-10,2024-10-16,6,247.42,149.23,396.65
9517,RSV00011181,2025-11-14,2025-11-15,1,379.49,74.12,453.61
9518,RSV00011182,2025-07-26,2025-07-31,5,329.86,97.79,427.65
9519,RSV00011183,2024-10-17,2024-10-18,1,500.15,84.96,585.11
9520,RSV00011184,2026-01-24,2026-01-26,2,876.92,233.08,1110.0
9521,RSV00011185,2025-06-23,2025-06-26,3,395.29,71.04,466.33
9522,RSV00011186,2025-06-01,2025-06-06,5,1142.68,182.67,1325.35
9523,RSV00011187,2025-01-03,2025-01-09,6,1424.66,46.7,1471.36
9524,RSV00011188,2024-12-19,2024-12-26,7,930.22,87.73,1017.95
9525,RSV00011189,2024-07-01,2024-07-06,5,1492.79,5.6,1498.39
9526,RSV00011190,2025-12-24,2025-12-29,5,118.97,165.71,284.68
9527,RSV00011191,2026-03-19,2026-03-22,3,683.2,232.99,916.19
9528,RSV00011192,2025-12-07,2025-12-09,2,948.57,121.15,1069.72
9529,RSV00011193,2026-05-06,2026-05-10,4,833.51,198.03,1031.54
9530,RSV00011194,2026-04-24,2026-04-30,6,1148.26,182.51,1330.77
9531,RSV00011197,2024-11-10,2024-11-12,2,804.08,109.39,913.47
9532,RSV00011198,2025-03-17,2025-03-22,5,639.14,83.03,722.17
9533,RSV00011200,2026-01-26,2026-01-31,5,249.69,29.13,278.82
9534,RSV00011202,2025-11-24,2025-11-26,2,102.64,113.5,216.14
9535,RSV00011203,2026-06-17,2026-06-21,4,1468.34,15.77,1484.11
9536,RSV00011205,2026-03-01,2026-03-07,6,170.85,154.84,325.69
9537,RSV00011207,2025-04-20,2025-04-26,6,1224.62,205.23,1429.85
9538,RSV00011208,2026-04-01,2026-04-08,7,105.72,174.33,280.05
9539,RSV00011209,2025-11-10,2025-11-11,1,1293.98,187.79,1481.77
9540,RSV00011210,2026-02-27,2026-03-05,6,149.66,203.33,352.99
9541,RSV00011211,2025-07-22,2025-07-28,6,1147.53,64.77,1212.3
9542,RSV00011212,2025-11-30,2025-12-04,4,1084.36,103.43,1187.79
9543,RSV00011213,2025-12-07,2025-12-14,7,1416.04,30.85,1446.89
9544,RSV00011214,2025-04-29,2025-05-06,7,1398.96,225.04,1624.0
9545,RSV00011215,2024-09-19,2024-09-21,2,118.17,64.07,182.24
9546,RSV00011216,2025-05-14,2025-05-19,5,183.73,42.91,226.64
9547,RSV00011217,2025-07-01,2025-07-04,3,503.21,67.67,570.88
9548,RSV00011218,2025-12-24,2025-12-31,7,1234.15,55.73,1289.88
9549,RSV00011219,2025-12-25,2025-12-28,3,1074.28,8.15,1082.43
9550,RSV00011220,2024-10-27,2024-11-03,7,663.48,173.77,837.25
9551,RSV00011221,2025-06-30,2025-07-07,7,497.46,231.27,728.73
9552,RSV00011222,2025-07-01,2025-07-06,5,996.62,190.94,1187.56
9553,RSV00011223,2025-09-08,2025-09-15,7,598.23,9.34,607.57
9554,RSV00011225,2026-04-19,2026-04-22,3,514.68,68.76,583.44
9555,RSV00011226,2025-06-30,2025-07-01,1,862.56,165.6,1028.16
9556,RSV00011227,2024-07-29,2024-07-30,1,609.31,211.24,820.55
9557,RSV00011228,2025-06-15,2025-06-21,6,1351.63,87.42,1439.05
9558,RSV00011229,2025-04-14,2025-04-16,2,243.93,136.33,380.26
9559,RSV00011230,2026-05-07,2026-05-09,2,214.5,144.66,359.16
9560,RSV00011232,2024-09-01,2024-09-04,3,412.01,36.82,448.83
9561,RSV00011233,2026-06-13,2026-06-18,5,914.81,120.95,1035.76
9562,RSV00011234,2024-10-08,2024-10-10,2,256.24,159.37,415.61
9563,RSV00011235,2024-10-05,2024-10-12,7,640.06,153.43,793.49
9564,RSV00011236,2025-09-07,2025-09-08,1,1103.65,52.99,1156.64
9565,RSV00011237,2025-07-31,2025-08-03,3,947.69,42.29,989.98
9566,RSV00011239,2025-09-15,2025-09-18,3,118.4,81.12,199.52
9567,RSV00011240,2025-01-30,2025-01-31,1,1254.9,70.89,1325.79
9568,RSV00011241,2025-12-24,2025-12-30,6,365.68,191.92,557.6
9569,RSV00011242,2025-12-12,2025-12-19,7,699.03,214.66,913.69
9570,RSV00011243,2025-10-25,2025-10-28,3,1284.01,218.37,1502.38
9571,RSV00011244,2026-02-02,2026-02-03,1,311.46,152.04,463.5
9572,RSV00011245,2024-07-29,2024-08-03,5,90.83,4.11,94.94
9573,RSV00011246,2025-08-18,2025-08-25,7,1050.16,171.84,1222.0
9574,RSV00011247,2026-03-15,2026-03-22,7,1070.11,89.84,1159.95
9575,RSV00011248,2024-09-05,2024-09-11,6,182.41,122.22,304.63
9576,RSV00011249,2025-12-17,2025-12-18,1,1335.47,62.29,1397.76
9577,RSV00011250,2026-03-09,2026-03-10,1,175.41,78.44,253.85
9578,RSV00011251,2026-03-31,2026-04-07,7,568.05,209.31,777.36
9579,RSV00011252,2025-07-31,2025-08-05,5,842.27,53.24,895.51
9580,RSV00011253,2024-07-25,2024-07-30,5,1372.52,62.1,1434.62
9581,RSV00011254,2025-07-12,2025-07-18,6,387.82,57.39,445.21
9582,RSV00011255,2026-06-25,2026-06-28,3,618.87,58.86,677.73
9583,RSV00011256,2026-01-26,2026-01-30,4,720.89,166.99,887.88
9584,RSV00011257,2024-09-08,2024-09-14,6,608.06,174.54,782.6
9585,RSV00011258,2025-06-30,2025-07-04,4,1496.39,0.7,1497.09
9586,RSV00011259,2025-02-01,2025-02-02,1,292.27,165.25,457.52
9587,RSV00011260,2025-04-22,2025-04-25,3,406.4,184.73,591.13
9588,RSV00011261,2026-05-30,2026-05-31,1,602.81,195.48,798.29
9589,RSV00011262,2025-02-11,2025-02-16,5,1154.13,123.69,1277.82
9590,RSV00011263,2026-05-01,2026-05-08,7,90.65,48.09,138.74
9591,RSV00011264,2024-12-31,2025-01-05,5,1485.62,64.09,1549.71
9592,RSV00011265,2024-11-10,2024-11-14,4,1344.23,9.95,1354.18
9593,RSV00011266,2026-02-23,2026-02-26,3,1094.11,160.07,1254.18
9594,RSV00011267,2025-04-22,2025-04-28,6,691.75,143.61,835.36
9595,RSV00011268,2024-12-12,2024-12-18,6,1368.46,122.6,1491.06
9596,RSV00011269,2025-11-08,2025-11-15,7,626.79,139.4,766.19
9597,RSV00011270,2026-04-13,2026-04-18,5,137.35,173.08,310.43
9598,RSV00011271,2024-11-01,2024-11-02,1,886.25,1.24,887.49
9599,RSV00011272,2025-11-29,2025-12-04,5,593.38,106.29,699.67
9600,RSV00011273,2026-01-09,2026-01-12,3,970.23,172.55,1142.78
9601,RSV00011274,2024-11-21,2024-11-23,2,1214.01,249.59,1463.6
9602,RSV00011275,2026-02-15,2026-02-20,5,579.89,88.71,668.6
9603,RSV00011276,2026-01-05,2026-01-10,5,80.2,185.68,265.88
9604,RSV00011277,2025-11-11,2025-11-13,2,1013.33,86.73,1100.06
9605,RSV00011278,2025-05-27,2025-05-29,2,1333.1,117.27,1450.37
9606,RSV00011279,2025-11-05,2025-11-06,1,334.44,115.81,450.25
9607,RSV00011280,2025-05-29,2025-05-31,2,552.38,24.85,577.23
9608,RSV00011281,2024-09-23,2024-09-26,3,1001.89,186.79,1188.68
9609,RSV00011283,2025-10-30,2025-11-05,6,588.78,160.74,749.52
9610,RSV00011286,2025-02-27,2025-03-03,4,179.7,133.83,313.53
9611,RSV00011287,2025-11-29,2025-12-04,5,1208.16,69.27,1277.43
9612,RSV00011289,2024-11-13,2024-11-18,5,562.15,165.32,727.47
9613,RSV00011290,2025-10-28,2025-10-29,1,1387.43,91.63,1479.06
9614,RSV00011291,2026-01-11,2026-01-13,2,436.17,121.15,557.32
9615,RSV00011292,2025-09-27,2025-10-04,7,1092.16,29.7,1121.86
9616,RSV00011293,2026-03-17,2026-03-23,6,589.02,24.03,613.05
9617,RSV00011294,2025-08-24,2025-08-26,2,572.28,181.92,754.2
9618,RSV00011295,2025-10-31,2025-11-02,2,1185.55,108.02,1293.57
9619,RSV00011296,2026-01-12,2026-01-18,6,1419.03,106.47,1525.5
9620,RSV00011297,2026-06-22,2026-06-28,6,836.82,100.99,937.81
9621,RSV00011300,2025-05-15,2025-05-21,6,1320.71,178.72,1499.43
9622,RSV00011301,2025-07-27,2025-08-01,5,245.2,21.37,266.57
9623,RSV00011302,2025-11-10,2025-11-11,1,168.94,77.89,246.83
9624,RSV00011303,2025-01-26,2025-01-30,4,1481.98,205.5,1687.48
9625,RSV00011304,2025-09-10,2025-09-14,4,829.49,229.32,1058.81
9626,RSV00011305,2025-08-01,2025-08-04,3,809.66,7.44,817.1
9627,RSV00011306,2024-07-24,2024-07-30,6,1317.28,74.33,1391.61
9628,RSV00011307,2025-07-22,2025-07-28,6,826.74,10.73,837.47
9629,RSV00011308,2024-11-20,2024-11-26,6,1053.01,83.55,1136.56
9630,RSV00011310,2025-06-30,2025-07-01,1,961.08,75.18,1036.26
9631,RSV00011311,2025-11-21,2025-11-25,4,529.39,100.69,630.08
9632,RSV00011312,2025-07-02,2025-07-08,6,217.79,211.38,429.17
9633,RSV00011313,2024-08-15,2024-08-16,1,116.84,154.34,271.18
9634,RSV00011314,2024-08-30,2024-09-01,2,482.52,79.25,561.77
9635,RSV00011315,2024-11-06,2024-11-13,7,972.95,65.63,1038.58
9636,RSV00011317,2025-11-12,2025-11-13,1,708.15,209.75,917.9
9637,RSV00011318,2025-02-12,2025-02-15,3,486.6,180.43,667.03
9638,RSV00011319,2025-11-02,2025-11-07,5,1077.19,158.84,1236.03
9639,RSV00011320,2026-03-28,2026-04-01,4,218.37,97.43,315.8
9640,RSV00011321,2025-07-28,2025-08-04,7,608.98,223.01,831.99
9641,RSV00011322,2026-05-09,2026-05-15,6,747.21,136.64,883.85
9642,RSV00011323,2025-12-28,2025-12-30,2,803.29,58.4,861.69
9643,RSV00011324,2025-10-23,2025-10-26,3,489.42,215.86,705.28
9644,RSV00011325,2024-09-29,2024-10-04,5,603.77,55.9,659.67
9645,RSV00011326,2026-05-13,2026-05-20,7,936.53,155.67,1092.2
9646,RSV00011327,2025-01-13,2025-01-17,4,1082.51,157.53,1240.04
9647,RSV00011328,2025-01-13,2025-01-18,5,147.33,40.91,188.24
9648,RSV00011329,2025-09-11,2025-09-15,4,1132.56,21.26,1153.82
9649,RSV00011330,2025-06-29,2025-06-30,1,1294.52,96.8,1391.32
9650,RSV00011331,2025-08-06,2025-08-10,4,1366.07,72.3,1438.37
9651,RSV00011332,2025-08-09,2025-08-10,1,1378.84,160.26,1539.1
9652,RSV00011333,2024-11-25,2024-12-02,7,88.47,31.54,120.01
9653,RSV00011334,2025-06-16,2025-06-18,2,1488.29,0.88,1489.17
9654,RSV00011335,2025-04-14,2025-04-18,4,1284.93,86.88,1371.81
9655,RSV00011336,2024-09-15,2024-09-19,4,258.63,249.78,508.41
9656,RSV00011337,2024-07-13,2024-07-16,3,1193.5,171.72,1365.22
9657,RSV00011338,2025-08-12,2025-08-14,2,758.84,110.1,868.94
9658,RSV00011339,2025-07-15,2025-07-17,2,663.56,113.8,777.36
9659,RSV00011341,2025-04-17,2025-04-18,1,693.19,227.15,920.34
9660,RSV00011342,2025-09-07,2025-09-12,5,589.49,173.96,763.45
9661,RSV00011343,2024-12-24,2024-12-30,6,1422.86,219.33,1642.19
9662,RSV00011344,2024-11-30,2024-12-03,3,1055.23,70.96,1126.19
9663,RSV00011345,2026-05-20,2026-05-24,4,229.62,142.41,372.03
9664,RSV00011346,2025-12-02,2025-12-07,5,1097.51,176.17,1273.68
9665,RSV00011347,2024-11-29,2024-12-05,6,535.46,245.56,781.02
9666,RSV00011348,2025-07-29,2025-07-30,1,428.64,122.53,551.17
9667,RSV00011350,2024-09-14,2024-09-15,1,321.92,235.94,557.86
9668,RSV00011351,2025-11-04,2025-11-06,2,1342.24,230.95,1573.19
9669,RSV00011352,2026-02-02,2026-02-05,3,773.54,78.71,852.25
9670,RSV00011353,2025-09-11,2025-09-13,2,217.2,88.19,305.39
9671,RSV00011354,2026-05-10,2026-05-15,5,1099.87,177.62,1277.49
9672,RSV00011355,2025-12-16,2025-12-19,3,1414.13,3.43,1417.56
9673,RSV00011356,2026-07-17,2026-07-19,2,1430.01,190.4,1620.41
9674,RSV00011357,2026-03-07,2026-03-12,5,1231.78,128.94,1360.72
9675,RSV00011358,2025-01-29,2025-01-30,1,184.54,209.01,393.55
9676,RSV00011359,2026-02-17,2026-02-18,1,1106.17,64.29,1170.46
9677,RSV00011360,2024-11-28,2024-12-03,5,1105.99,92.54,1198.53
9678,RSV00011361,2025-05-20,2025-05-26,6,864.23,231.63,1095.86
9679,RSV00011362,2024-08-08,2024-08-10,2,178.42,27.55,205.97
9680,RSV00011363,2024-09-16,2024-09-19,3,608.13,87.86,695.99
9681,RSV00011364,2025-06-04,2025-06-10,6,1149.39,14.18,1163.57
9682,RSV00011365,2025-11-19,2025-11-25,6,614.68,221.99,836.67
9683,RSV00011366,2025-02-23,2025-02-28,5,423.12,35.93,459.05
9684,RSV00011367,2026-05-24,2026-05-31,7,440.57,165.9,606.47
9685,RSV00011368,2026-01-25,2026-01-30,5,104.17,64.97,169.14
9686,RSV00011369,2024-10-13,2024-10-16,3,541.17,86.0,627.17
9687,RSV00011370,2026-01-10,2026-01-16,6,606.17,189.67,795.84
9688,RSV00011371,2025-08-24,2025-08-25,1,847.32,104.67,951.99
9689,RSV00011373,2026-01-04,2026-01-11,7,977.57,103.08,1080.65
9690,RSV00011374,2024-08-23,2024-08-28,5,89.64,164.09,253.73
9691,RSV00011375,2025-05-12,2025-05-17,5,886.23,72.23,958.46
9692,RSV00011376,2025-05-24,2025-05-28,4,385.5,183.01,568.51
9693,RSV00011377,2026-05-14,2026-05-18,4,1257.27,124.57,1381.84
9694,RSV00011378,2025-06-10,2025-06-13,3,569.64,184.79,754.43
9695,RSV00011379,2025-07-27,2025-08-02,6,282.07,163.97,446.04
9696,RSV00011380,2025-08-06,2025-08-10,4,622.15,103.81,725.96
9697,RSV00011381,2024-09-01,2024-09-06,5,599.39,70.75,670.14
9698,RSV00011382,2024-07-12,2024-07-13,1,216.27,71.19,287.46
9699,RSV00011383,2025-07-16,2025-07-20,4,1204.82,90.84,1295.66
9700,RSV00011384,2025-11-10,2025-11-11,1,736.7,100.49,837.19
9701,RSV00011385,2025-12-27,2026-01-03,7,260.37,78.65,339.02
9702,RSV00011386,2026-05-27,2026-06-03,7,1242.76,94.68,1337.44
9703,RSV00011387,2026-03-12,2026-03-14,2,431.87,115.05,546.92
9704,RSV00011388,2025-10-29,2025-11-04,6,223.59,179.27,402.86
9705,RSV00011389,2025-11-03,2025-11-09,6,458.24,116.0,574.24
9706,RSV00011390,2025-07-09,2025-07-13,4,1421.59,48.33,1469.92
9707,RSV00011392,2024-09-08,2024-09-14,6,1496.36,63.45,1559.81
9708,RSV00011393,2024-07-31,2024-08-02,2,505.13,81.29,586.42
9709,RSV00011394,2024-12-06,2024-12-07,1,649.92,69.6,719.52
9710,RSV00011395,2026-05-01,2026-05-04,3,1297.38,189.35,1486.73
9711,RSV00011396,2024-11-01,2024-11-05,4,1015.59,237.0,1252.59
9712,RSV00011397,2025-08-25,2025-08-26,1,299.98,9.06,309.04
9713,RSV00011399,2026-05-17,2026-05-22,5,107.94,117.34,225.28
9714,RSV00011400,2026-04-24,2026-04-27,3,247.92,165.11,413.03
9715,RSV00011401,2024-12-03,2024-12-09,6,793.51,159.65,953.16
9716,RSV00011402,2024-07-26,2024-07-28,2,1417.36,91.49,1508.85
9717,RSV00011403,2026-04-15,2026-04-16,1,1042.4,35.9,1078.3
9718,RSV00011405,2024-06-17,2024-06-21,4,645.28,65.8,711.08
9719,RSV00011406,2025-12-26,2025-12-29,3,152.55,63.61,216.16
9720,RSV00011407,2025-09-26,2025-09-29,3,716.23,177.76,893.99
9721,RSV00011408,2024-11-25,2024-11-28,3,669.65,71.77,741.42
9722,RSV00011411,2024-12-26,2024-12-29,3,688.44,102.35,790.79
9723,RSV00011412,2025-10-03,2025-10-10,7,1413.83,92.81,1506.64
9724,RSV00011413,2025-10-01,2025-10-06,5,692.39,147.48,839.87
9725,RSV00011414,2025-08-10,2025-08-14,4,1185.17,13.84,1199.01
9726,RSV00011416,2026-02-16,2026-02-18,2,540.73,9.91,550.64
9727,RSV00011417,2026-04-16,2026-04-19,3,427.64,135.54,563.18
9728,RSV00011418,2025-02-24,2025-03-03,7,828.98,227.85,1056.83
9729,RSV00011420,2024-10-03,2024-10-05,2,821.62,34.55,856.17
9730,RSV00011421,2025-08-24,2025-08-27,3,1266.24,221.17,1487.41
9731,RSV00011422,2025-06-12,2025-06-17,5,305.02,240.22,545.24
9732,RSV00011423,2025-05-13,2025-05-16,3,744.28,158.68,902.96
9733,RSV00011424,2024-11-18,2024-11-20,2,1199.32,196.67,1395.99
9734,RSV00011425,2025-03-31,2025-04-06,6,919.17,124.28,1043.45
9735,RSV00011426,2025-10-15,2025-10-18,3,798.12,203.94,1002.06
9736,RSV00011427,2024-12-06,2024-12-12,6,1183.02,102.84,1285.86
9737,RSV00011428,2024-07-25,2024-07-28,3,922.92,69.75,992.67
9738,RSV00011429,2025-08-19,2025-08-26,7,916.89,105.67,1022.56
9739,RSV00011430,2025-01-04,2025-01-10,6,732.89,111.28,844.17
9740,RSV00011431,2026-05-29,2026-06-04,6,1307.6,3.87,1311.47
9741,RSV00011432,2025-07-15,2025-07-22,7,928.49,241.25,1169.74
9742,RSV00011433,2025-05-21,2025-05-25,4,1306.01,230.63,1536.64
9743,RSV00011434,2025-05-29,2025-05-31,2,223.8,187.46,411.26
9744,RSV00011435,2025-12-14,2025-12-20,6,494.14,105.85,599.99
9745,RSV00011436,2024-09-19,2024-09-26,7,1027.41,145.57,1172.98
9746,RSV00011437,2025-08-19,2025-08-22,3,745.02,211.91,956.93
9747,RSV00011440,2025-04-06,2025-04-07,1,321.4,93.79,415.19
9748,RSV00011441,2025-01-18,2025-01-24,6,1004.28,237.55,1241.83
9749,RSV00011442,2025-03-16,2025-03-18,2,1039.38,202.12,1241.5
9750,RSV00011443,2026-05-18,2026-05-22,4,1330.43,127.4,1457.83
9751,RSV00011444,2025-05-08,2025-05-09,1,702.26,3.57,705.83
9752,RSV00011445,2025-02-05,2025-02-12,7,1139.41,81.41,1220.82
9753,RSV00011446,2026-02-01,2026-02-06,5,296.93,159.74,456.67
9754,RSV00011447,2026-03-22,2026-03-29,7,149.63,185.84,335.47
9755,RSV00011448,2025-07-06,2025-07-08,2,1227.11,182.08,1409.19
9756,RSV00011449,2026-03-31,2026-04-04,4,1278.9,140.71,1419.61
9757,RSV00011450,2026-04-17,2026-04-23,6,130.09,227.2,357.29
9758,RSV00011451,2025-11-03,2025-11-05,2,811.84,186.61,998.45
9759,RSV00011452,2026-04-25,2026-04-27,2,584.78,65.97,650.75
9760,RSV00011454,2026-04-07,2026-04-14,7,1187.3,230.21,1417.51
9761,RSV00011455,2026-02-21,2026-02-28,7,1396.79,126.2,1522.99
9762,RSV00011456,2024-09-15,2024-09-20,5,281.32,242.77,524.09
9763,RSV00011457,2025-01-06,2025-01-08,2,1269.76,194.57,1464.33
9764,RSV00011458,2024-11-10,2024-11-13,3,497.36,175.44,672.8
9765,RSV00011459,2025-12-20,2025-12-25,5,745.47,68.37,813.84
9766,RSV00011460,2025-09-27,2025-10-01,4,472.98,129.71,602.69
9767,RSV00011461,2026-04-12,2026-04-16,4,691.93,82.48,774.41
9768,RSV00011462,2025-02-02,2025-02-08,6,89.24,63.24,152.48
9769,RSV00011463,2024-10-25,2024-10-31,6,266.97,155.04,422.01
9770,RSV00011464,2025-10-11,2025-10-14,3,302.14,75.49,377.63
9771,RSV00011465,2025-09-12,2025-09-16,4,1191.89,118.71,1310.6
9772,RSV00011466,2026-03-13,2026-03-19,6,452.17,16.63,468.8
9773,RSV00011468,2026-04-28,2026-05-05,7,615.57,19.75,635.32
9774,RSV00011469,2025-07-25,2025-07-26,1,1361.17,177.4,1538.57
9775,RSV00011470,2025-07-14,2025-07-21,7,287.73,26.54,314.27
9776,RSV00011471,2025-08-01,2025-08-08,7,1187.03,168.83,1355.86
9777,RSV00011472,2024-11-22,2024-11-29,7,1140.79,171.8,1312.59
9778,RSV00011475,2026-05-11,2026-05-18,7,1012.61,165.49,1178.1
9779,RSV00011476,2024-09-05,2024-09-07,2,718.04,118.0,836.04
9780,RSV00011477,2025-04-19,2025-04-24,5,325.15,125.66,450.81
9781,RSV00011478,2026-03-03,2026-03-06,3,1007.33,124.59,1131.92
9782,RSV00011479,2025-07-27,2025-08-03,7,1005.61,231.35,1236.96
9783,RSV00011481,2024-11-09,2024-11-11,2,1265.03,80.0,1345.03
9784,RSV00011482,2025-07-09,2025-07-11,2,263.45,248.82,512.27
9785,RSV00011483,2025-02-20,2025-02-22,2,122.18,12.45,134.63
9786,RSV00011484,2025-09-26,2025-09-29,3,955.47,57.87,1013.34
9787,RSV00011485,2025-07-30,2025-08-06,7,364.86,160.22,525.08
9788,RSV00011486,2026-04-13,2026-04-18,5,1006.02,158.44,1164.46
9789,RSV00011487,2025-05-16,2025-05-21,5,550.89,105.92,656.81
9790,RSV00011488,2025-10-07,2025-10-13,6,683.83,159.35,843.18
9791,RSV00011489,2025-01-20,2025-01-27,7,598.97,155.38,754.35
9792,RSV00011490,2025-12-12,2025-12-14,2,404.34,42.26,446.6
9793,RSV00011491,2025-06-11,2025-06-15,4,1210.77,156.22,1366.99
9794,RSV00011492,2024-10-03,2024-10-09,6,1083.82,0.62,1084.44
9795,RSV00011493,2025-06-19,2025-06-20,1,905.56,155.65,1061.21
9796,RSV00011494,2024-06-24,2024-06-30,6,1185.06,55.11,1240.17
9797,RSV00011495,2024-06-15,2024-06-19,4,444.3,125.23,569.53
9798,RSV00011496,2024-07-21,2024-07-22,1,126.15,185.92,312.07
9799,RSV00011497,2025-03-15,2025-03-17,2,367.84,70.97,438.81
9800,RSV00011498,2026-02-08,2026-02-11,3,1198.91,57.87,1256.78
9801,RSV00011499,2024-07-19,2024-07-22,3,1123.0,98.45,1221.45
9802,RSV00011500,2026-04-14,2026-04-17,3,1142.97,184.3,1327.27
9803,RSV00011501,2024-11-18,2024-11-20,2,1164.49,18.86,1183.35
9804,RSV00011502,2025-10-23,2025-10-30,7,1442.65,232.57,1675.22
9805,RSV00011503,2024-07-26,2024-08-02,7,1078.35,201.45,1279.8
9806,RSV00011505,2026-03-05,2026-03-12,7,165.48,223.61,389.09
9807,RSV00011506,2026-01-29,2026-02-03,5,184.87,138.98,323.85
9808,RSV00011507,2024-12-27,2024-12-28,1,98.45,211.68,310.13
9809,RSV00011508,2026-04-13,2026-04-20,7,1359.8,226.0,1585.8
9810,RSV00011509,2025-04-11,2025-04-16,5,1485.7,33.84,1519.54
9811,RSV00011510,2024-09-25,2024-10-02,7,323.52,162.99,486.51
9812,RSV00011511,2024-07-08,2024-07-14,6,1459.22,173.0,1632.22
9813,RSV00011512,2026-02-08,2026-02-09,1,261.57,35.64,297.21
9814,RSV00011514,2024-09-04,2024-09-05,1,1367.72,54.47,1422.19
9815,RSV00011516,2025-07-05,2025-07-11,6,533.65,187.36,721.01
9816,RSV00011517,2024-11-23,2024-11-25,2,390.66,234.4,625.06
9817,RSV00011519,2025-10-09,2025-10-11,2,713.8,43.91,757.71
9818,RSV00011520,2024-11-18,2024-11-22,4,458.56,19.64,478.2
9819,RSV00011521,2024-09-14,2024-09-21,7,530.39,222.51,752.9
9820,RSV00011522,2026-04-09,2026-04-11,2,233.49,113.44,346.93
9821,RSV00011523,2026-06-18,2026-06-20,2,878.14,72.29,950.43
9822,RSV00011524,2024-12-13,2024-12-19,6,421.66,172.11,593.77
9823,RSV00011525,2024-12-01,2024-12-02,1,892.54,52.24,944.78
9824,RSV00011526,2026-03-29,2026-04-03,5,951.65,109.59,1061.24
9825,RSV00011527,2025-04-18,2025-04-20,2,1329.78,149.44,1479.22
9826,RSV00011528,2025-04-19,2025-04-25,6,1260.81,126.32,1387.13
9827,RSV00011529,2024-11-03,2024-11-06,3,776.33,81.63,857.96
9828,RSV00011530,2025-01-11,2025-01-15,4,646.04,67.85,713.89
9829,RSV00011531,2026-02-17,2026-02-19,2,199.17,38.96,238.13
9830,RSV00011532,2025-06-15,2025-06-21,6,907.52,54.7,962.22
9831,RSV00011533,2026-02-16,2026-02-17,1,292.36,152.69,445.05
9832,RSV00011534,2026-02-22,2026-02-25,3,717.67,156.92,874.59
9833,RSV00011535,2025-08-10,2025-08-14,4,997.63,143.0,1140.63
9834,RSV00011536,2024-12-24,2024-12-31,7,712.2,11.81,724.01
9835,RSV00011537,2026-04-17,2026-04-18,1,307.0,141.15,448.15
9836,RSV00011538,2026-01-20,2026-01-22,2,523.27,226.64,749.91
9837,RSV00011539,2025-05-23,2025-05-28,5,1184.28,6.44,1190.72
9838,RSV00011540,2026-03-12,2026-03-16,4,239.67,19.95,259.62
9839,RSV00011541,2025-10-02,2025-10-03,1,334.44,190.33,524.77
9840,RSV00011542,2025-03-13,2025-03-17,4,203.57,88.68,292.25
9841,RSV00011543,2025-02-12,2025-02-16,4,1169.04,27.82,1196.86
9842,RSV00011545,2025-08-29,2025-09-02,4,748.72,20.02,768.74
9843,RSV00011546,2025-06-04,2025-06-07,3,255.03,88.2,343.23
9844,RSV00011548,2025-11-18,2025-11-24,6,334.61,227.86,562.47
9845,RSV00011549,2025-08-16,2025-08-17,1,502.52,121.2,623.72
9846,RSV00011550,2025-10-18,2025-10-22,4,924.48,160.31,1084.79
9847,RSV00011551,2025-02-02,2025-02-06,4,89.6,190.43,280.03
9848,RSV00011552,2026-01-01,2026-01-05,4,149.5,62.3,211.8
9849,RSV00011554,2025-12-09,2025-12-14,5,1278.96,47.46,1326.42
9850,RSV00011555,2025-07-13,2025-07-19,6,140.91,18.67,159.58
9851,RSV00011556,2025-09-29,2025-10-05,6,812.91,8.4,821.31
9852,RSV00011557,2024-08-02,2024-08-03,1,787.88,224.19,1012.07
9853,RSV00011559,2024-12-25,2024-12-29,4,534.83,207.36,742.19
9854,RSV00011560,2026-05-13,2026-05-17,4,508.16,185.82,693.98
9855,RSV00011561,2026-03-12,2026-03-13,1,1448.88,45.12,1494.0
9856,RSV00011562,2025-08-23,2025-08-27,4,986.53,120.38,1106.91
9857,RSV00011563,2025-06-04,2025-06-09,5,303.79,25.28,329.07
9858,RSV00011564,2025-03-10,2025-03-17,7,807.36,148.07,955.43
9859,RSV00011565,2025-02-17,2025-02-23,6,319.36,246.19,565.55
9860,RSV00011566,2025-05-24,2025-05-26,2,485.11,124.59,609.7
9861,RSV00011569,2026-01-10,2026-01-12,2,792.79,211.71,1004.5
9862,RSV00011570,2026-06-09,2026-06-15,6,1342.05,2.74,1344.79
9863,RSV00011571,2025-11-04,2025-11-09,5,901.37,142.29,1043.66
9864,RSV00011572,2026-03-26,2026-04-02,7,1053.57,70.51,1124.08
9865,RSV00011574,2025-06-08,2025-06-15,7,831.87,55.12,886.99
9866,RSV00011575,2025-01-12,2025-01-19,7,837.4,40.68,878.08
9867,RSV00011576,2026-04-02,2026-04-04,2,1397.21,144.74,1541.95
9868,RSV00011577,2025-03-03,2025-03-09,6,537.51,198.36,735.87
9869,RSV00011578,2025-08-18,2025-08-23,5,1432.26,145.82,1578.08
9870,RSV00011579,2024-10-19,2024-10-20,1,447.89,156.47,604.36
9871,RSV00011580,2024-11-19,2024-11-20,1,622.69,24.06,646.75
9872,RSV00011581,2026-06-14,2026-06-15,1,509.25,36.0,545.25
9873,RSV00011583,2025-03-11,2025-03-15,4,1332.12,101.79,1433.91
9874,RSV00011584,2026-06-13,2026-06-17,4,553.34,75.8,629.14
9875,RSV00011585,2024-07-05,2024-07-11,6,1287.47,233.66,1521.13
9876,RSV00011587,2026-05-08,2026-05-15,7,1048.83,175.24,1224.07
9877,RSV00011589,2025-11-19,2025-11-22,3,692.75,27.42,720.17
9878,RSV00011590,2025-08-17,2025-08-24,7,1014.42,52.11,1066.53
9879,RSV00011591,2024-11-11,2024-11-15,4,444.74,168.77,613.51
9880,RSV00011592,2025-01-13,2025-01-17,4,1099.02,230.38,1329.4
9881,RSV00011593,2025-04-10,2025-04-14,4,965.44,125.27,1090.71
9882,RSV00011594,2024-09-01,2024-09-02,1,614.18,150.1,764.28
9883,RSV00011596,2026-06-11,2026-06-15,4,916.56,169.71,1086.27
9884,RSV00011597,2026-06-27,2026-06-28,1,106.2,145.36,251.56
9885,RSV00011598,2024-12-28,2025-01-04,7,1323.42,86.61,1410.03
9886,RSV00011599,2025-11-06,2025-11-11,5,346.27,156.87,503.14
9887,RSV00011600,2025-04-30,2025-05-06,6,1172.15,23.74,1195.89
9888,RSV00011601,2026-01-17,2026-01-20,3,1012.17,175.86,1188.03
9889,RSV00011602,2024-08-17,2024-08-20,3,443.15,199.1,642.25
9890,RSV00011603,2026-05-25,2026-05-27,2,1414.66,163.23,1577.89
9891,RSV00011604,2024-11-27,2024-12-03,6,1240.92,235.6,1476.52
9892,RSV00011605,2026-01-05,2026-01-06,1,1366.06,29.93,1395.99
9893,RSV00011606,2025-07-31,2025-08-04,4,759.83,173.2,933.03
9894,RSV00011607,2025-10-09,2025-10-14,5,900.65,18.9,919.55
9895,RSV00011608,2026-04-03,2026-04-04,1,712.81,122.35,835.16
9896,RSV00011609,2025-09-01,2025-09-02,1,424.49,49.13,473.62
9897,RSV00011610,2024-12-07,2024-12-09,2,1285.7,32.15,1317.85
9898,RSV00011611,2024-08-23,2024-08-27,4,912.33,215.18,1127.51
9899,RSV00011612,2025-06-22,2025-06-28,6,921.23,23.92,945.15
9900,RSV00011613,2024-06-24,2024-07-01,7,897.85,53.43,951.28
9901,RSV00011614,2024-07-15,2024-07-16,1,344.79,20.22,365.01
9902,RSV00011615,2025-06-15,2025-06-21,6,1127.44,171.4,1298.84
9903,RSV00011616,2025-10-02,2025-10-07,5,979.59,105.75,1085.34
9904,RSV00011617,2025-09-25,2025-09-27,2,493.87,185.27,679.14
9905,RSV00011618,2026-03-27,2026-04-03,7,175.41,76.45,251.86
9906,RSV00011619,2026-04-26,2026-05-01,5,1020.53,236.94,1257.47
9907,RSV00011620,2025-07-13,2025-07-19,6,1073.51,111.97,1185.48
9908,RSV00011621,2025-01-15,2025-01-22,7,787.84,157.34,945.18
9909,RSV00011622,2026-06-05,2026-06-06,1,222.71,88.43,311.14
9910,RSV00011623,2026-03-19,2026-03-21,2,267.68,71.0,338.68
9911,RSV00011624,2026-05-23,2026-05-24,1,1334.57,46.32,1380.89
9912,RSV00011625,2026-04-20,2026-04-21,1,1033.82,150.12,1183.94
9913,RSV00011626,2025-12-27,2025-12-31,4,608.19,90.55,698.74
9914,RSV00011628,2026-02-03,2026-02-09,6,453.64,44.94,498.58
9915,RSV00011629,2025-06-09,2025-06-12,3,252.64,180.38,433.02
9916,RSV00011631,2026-03-18,2026-03-25,7,1326.79,109.48,1436.27
9917,RSV00011632,2024-10-05,2024-10-12,7,653.85,90.12,743.97
9918,RSV00011633,2024-12-05,2024-12-08,3,379.6,36.45,416.05
9919,RSV00011634,2025-12-11,2025-12-16,5,114.63,209.04,323.67
9920,RSV00011635,2026-05-28,2026-06-02,5,267.28,122.13,389.41
9921,RSV00011636,2025-07-16,2025-07-20,4,598.15,223.49,821.64
9922,RSV00011637,2025-03-01,2025-03-06,5,1037.54,212.44,1249.98
9923,RSV00011638,2024-06-17,2024-06-21,4,346.1,242.84,588.94
9924,RSV00011639,2024-08-23,2024-08-30,7,645.64,20.32,665.96
9925,RSV00011640,2026-03-01,2026-03-05,4,420.87,147.66,568.53
9926,RSV00011641,2026-01-20,2026-01-24,4,736.98,245.07,982.05
9927,RSV00011643,2026-02-25,2026-03-02,5,800.35,243.67,1044.02
9928,RSV00011644,2026-02-15,2026-02-22,7,1249.95,183.78,1433.73
9929,RSV00011645,2025-07-27,2025-08-01,5,850.45,105.59,956.04
9930,RSV00011646,2026-04-25,2026-04-28,3,483.76,26.38,510.14
9931,RSV00011647,2026-05-14,2026-05-20,6,264.4,70.25,334.65
9932,RSV00011648,2026-03-09,2026-03-15,6,1060.54,77.55,1138.09
9933,RSV00011649,2025-03-26,2025-03-31,5,248.48,175.41,423.89
9934,RSV00011650,2025-03-16,2025-03-21,5,1476.14,15.17,1491.31
9935,RSV00011651,2026-06-01,2026-06-03,2,992.84,213.87,1206.71
9936,RSV00011652,2025-11-14,2025-11-20,6,961.3,60.1,1021.4
9937,RSV00011653,2024-09-24,2024-10-01,7,295.11,166.65,461.76
9938,RSV00011654,2024-10-28,2024-11-01,4,334.72,212.59,547.31
9939,RSV00011655,2025-08-24,2025-08-30,6,1366.71,125.66,1492.37
9940,RSV00011656,2025-12-23,2025-12-27,4,1153.67,158.6,1312.27
9941,RSV00011657,2026-03-25,2026-04-01,7,962.67,70.51,1033.18
9942,RSV00011658,2024-08-11,2024-08-13,2,1489.0,153.23,1642.23
9943,RSV00011659,2025-09-16,2025-09-23,7,773.55,134.59,908.14
9944,RSV00011660,2025-02-14,2025-02-17,3,245.86,34.09,279.95
9945,RSV00011661,2025-10-02,2025-10-04,2,1078.77,150.4,1229.17
9946,RSV00011662,2024-12-11,2024-12-17,6,856.03,16.8,872.83
9947,RSV00011664,2024-08-27,2024-08-29,2,465.7,187.46,653.16
9948,RSV00011666,2026-02-17,2026-02-18,1,287.34,109.69,397.03
9949,RSV00011667,2024-07-29,2024-08-02,4,931.56,40.0,971.56
9950,RSV00011669,2024-08-13,2024-08-14,1,815.47,216.43,1031.9
9951,RSV00011670,2024-06-28,2024-07-04,6,543.42,71.93,615.35
9952,RSV00011671,2024-12-16,2024-12-19,3,494.78,59.63,554.41
9953,RSV00011673,2024-10-17,2024-10-23,6,127.09,14.62,141.71
9954,RSV00011674,2024-11-26,2024-11-27,1,1237.43,190.41,1427.84
9955,RSV00011675,2024-12-16,2024-12-20,4,750.86,216.56,967.42
9956,RSV00011676,2025-04-22,2025-04-23,1,1082.87,130.37,1213.24
9957,RSV00011677,2024-08-23,2024-08-24,1,574.31,6.77,581.08
9958,RSV00011678,2024-08-23,2024-08-28,5,124.41,128.26,252.67
9959,RSV00011679,2026-06-23,2026-06-26,3,1361.95,72.44,1434.39
9960,RSV00011680,2025-04-05,2025-04-08,3,139.4,111.81,251.21
9961,RSV00011681,2026-02-02,2026-02-05,3,121.26,189.02,310.28
9962,RSV00011682,2025-11-19,2025-11-20,1,1032.8,246.66,1279.46
9963,RSV00011683,2025-11-17,2025-11-18,1,154.72,221.34,376.06
9964,RSV00011684,2024-11-26,2024-11-27,1,673.88,4.62,678.5
9965,RSV00011685,2025-04-19,2025-04-21,2,1326.15,171.47,1497.62
9966,RSV00011687,2025-08-12,2025-08-15,3,1053.79,127.58,1181.37
9967,RSV00011688,2025-01-11,2025-01-18,7,441.56,3.31,444.87
9968,RSV00011689,2026-03-24,2026-03-27,3,1481.67,9.82,1491.49
9969,RSV00011690,2025-10-05,2025-10-07,2,80.62,183.41,264.03
9970,RSV00011691,2024-07-12,2024-07-14,2,1379.27,25.08,1404.35
9971,RSV00011692,2026-03-18,2026-03-21,3,1382.52,146.66,1529.18
9972,RSV00011693,2026-01-09,2026-01-10,1,579.16,216.14,795.3
9973,RSV00011694,2025-10-17,2025-10-18,1,225.07,7.25,232.32
9974,RSV00011695,2026-01-11,2026-01-13,2,1096.55,206.81,1303.36
9975,RSV00011696,2024-12-08,2024-12-15,7,603.54,223.12,826.66
9976,RSV00011697,2024-09-24,2024-09-28,4,293.33,58.13,351.46
9977,RSV00011698,2025-08-15,2025-08-21,6,504.05,119.12,623.17
9978,RSV00011699,2026-04-05,2026-04-08,3,494.12,214.39,708.51
9979,RSV00011701,2025-11-04,2025-11-06,2,1203.54,126.59,1330.13
9980,RSV00011702,2025-08-15,2025-08-20,5,696.12,190.29,886.41
9981,RSV00011703,2024-06-15,2024-06-19,4,420.55,196.71,617.26
9982,RSV00011704,2025-10-09,2025-10-12,3,1059.13,157.21,1216.34
9983,RSV00011705,2025-08-03,2025-08-10,7,403.77,64.98,468.75
9984,RSV00011706,2025-08-23,2025-08-26,3,161.84,94.12,255.96
9985,RSV00011708,2025-03-24,2025-03-28,4,664.52,94.7,759.22
9986,RSV00011709,2026-01-31,2026-02-06,6,346.73,134.54,481.27
9987,RSV00011710,2025-08-08,2025-08-11,3,830.95,22.11,853.06
9988,RSV00011711,2025-11-13,2025-11-17,4,191.02,162.14,353.16
9989,RSV00011712,2026-06-07,2026-06-08,1,1491.85,144.65,1636.5
9990,RSV00011713,2024-09-29,2024-10-04,5,390.1,151.32,541.42
9991,RSV00011715,2024-08-11,2024-08-13,2,1305.69,81.44,1387.13
9992,RSV00011716,2025-01-30,2025-01-31,1,128.77,243.26,372.03
9993,RSV00011717,2024-07-12,2024-07-16,4,613.91,32.24,646.15
9994,RSV00011718,2025-11-30,2025-12-03,3,1402.87,106.88,1509.75
9995,RSV00011720,2024-09-30,2024-10-02,2,863.64,2.22,865.86
9996,RSV00011721,2025-07-08,2025-07-14,6,1352.21,4.62,1356.83
9997,RSV00011722,2024-10-16,2024-10-20,4,1486.42,200.6,1687.02
9998,RSV00011723,2024-08-02,2024-08-09,7,1348.07,132.37,1480.44
9999,RSV00011724,2025-08-06,2025-08-13,7,946.65,116.13,1062.78
10000,RSV00011725,2026-01-04,2026-01-10,6,1165.08,12.48,1177.56
10001,RSV00011726,2024-12-18,2024-12-22,4,139.91,103.92,243.83
10002,RSV00011727,2025-11-10,2025-11-12,2,163.72,72.07,235.79
10003,RSV00011728,2025-07-31,2025-08-05,5,727.29,148.51,875.8
10004,RSV00011730,2024-09-16,2024-09-20,4,944.62,72.87,1017.49
10005,RSV00011731,2024-11-14,2024-11-17,3,218.75,21.56,240.31
10006,RSV00011733,2024-06-07,2024-06-10,3,552.33,134.63,686.96
10007,RSV00011734,2025-07-15,2025-07-22,7,698.88,150.21,849.09
10008,RSV00011735,2025-05-04,2025-05-10,6,1007.26,52.48,1059.74
10009,RSV00011736,2025-11-29,2025-12-02,3,471.46,76.26,547.72
10010,RSV00011737,2024-11-12,2024-11-14,2,1129.97,236.22,1366.19
10011,RSV00011740,2025-05-16,2025-05-17,1,1208.07,5.34,1213.41
10012,RSV00011741,2024-09-30,2024-10-07,7,1126.57,247.6,1374.17
10013,RSV00011742,2025-12-02,2025-12-08,6,1166.15,212.66,1378.81
10014,RSV00011743,2026-02-12,2026-02-18,6,435.83,116.43,552.26
10015,RSV00011744,2025-11-11,2025-11-14,3,856.3,40.5,896.8
10016,RSV00011745,2025-11-02,2025-11-08,6,1103.12,221.32,1324.44
10017,RSV00011746,2025-05-14,2025-05-17,3,912.06,165.29,1077.35
10018,RSV00011747,2026-04-26,2026-04-30,4,781.82,178.04,959.86
10019,RSV00011748,2026-01-18,2026-01-19,1,567.42,181.65,749.07
10020,RSV00011749,2025-10-08,2025-10-12,4,1115.97,136.79,1252.76
10021,RSV00011750,2025-10-01,2025-10-08,7,521.46,226.75,748.21
10022,RSV00011751,2026-03-13,2026-03-19,6,1080.33,214.03,1294.36
10023,RSV00011752,2024-10-31,2024-11-02,2,144.48,152.2,296.68
10024,RSV00011753,2026-03-01,2026-03-05,4,257.71,139.75,397.46
10025,RSV00011754,2025-01-05,2025-01-07,2,1285.72,92.12,1377.84
10026,RSV00011756,2024-11-01,2024-11-06,5,245.33,180.53,425.86
10027,RSV00011757,2026-05-26,2026-06-02,7,81.77,155.72,237.49
10028,RSV00011758,2025-10-23,2025-10-29,6,814.9,232.33,1047.23
10029,RSV00011760,2026-06-18,2026-06-24,6,591.19,161.82,753.01
10030,RSV00011761,2026-05-23,2026-05-27,4,1373.31,183.6,1556.91
10031,RSV00011763,2024-06-03,2024-06-08,5,1154.49,198.62,1353.11
10032,RSV00011764,2025-06-03,2025-06-05,2,379.69,98.91,478.6
10033,RSV00011765,2025-03-04,2025-03-09,5,429.43,176.23,605.66
10034,RSV00011766,2024-09-18,2024-09-21,3,649.68,151.71,801.39
10035,RSV00011767,2024-11-20,2024-11-22,2,256.45,89.06,345.51
10036,RSV00011768,2025-05-13,2025-05-18,5,179.57,35.43,215.0
10037,RSV00011769,2025-05-31,2025-06-06,6,652.48,180.67,833.15
10038,RSV00011770,2026-05-27,2026-05-31,4,1164.0,186.33,1350.33
10039,RSV00011771,2024-09-06,2024-09-11,5,276.0,37.93,313.93
10040,RSV00011772,2026-02-25,2026-03-02,5,167.44,170.82,338.26
10041,RSV00011773,2025-01-11,2025-01-14,3,1495.02,37.26,1532.28
10042,RSV00011775,2024-10-21,2024-10-22,1,1245.95,180.27,1426.22
10043,RSV00011776,2025-02-09,2025-02-11,2,1009.99,47.99,1057.98
10044,RSV00011777,2024-07-15,2024-07-17,2,801.26,151.51,952.77
10045,RSV00011778,2025-03-29,2025-04-05,7,973.44,228.47,1201.91
10046,RSV00011779,2026-01-25,2026-01-28,3,1353.21,170.53,1523.74
10047,RSV00011780,2025-05-19,2025-05-23,4,487.77,137.45,625.22
10048,RSV00011782,2025-06-29,2025-07-06,7,885.07,184.24,1069.31
10049,RSV00011783,2024-12-05,2024-12-08,3,1359.72,164.8,1524.52
10050,RSV00011784,2025-03-25,2025-03-30,5,1400.63,34.16,1434.79
10051,RSV00011785,2025-06-08,2025-06-10,2,1421.7,58.98,1480.68
10052,RSV00011787,2025-08-27,2025-09-02,6,1042.75,53.92,1096.67
10053,RSV00011791,2025-10-15,2025-10-16,1,320.61,103.33,423.94
10054,RSV00011792,2024-09-14,2024-09-21,7,1371.27,12.01,1383.28
10055,RSV00011793,2026-02-12,2026-02-16,4,253.67,169.96,423.63
10056,RSV00011794,2024-09-19,2024-09-23,4,637.02,75.28,712.3
10057,RSV00011795,2025-05-29,2025-05-31,2,80.95,237.36,318.31
10058,RSV00011796,2024-08-18,2024-08-21,3,696.26,115.47,811.73
10059,RSV00011797,2024-11-27,2024-11-28,1,555.93,199.42,755.35
10060,RSV00011798,2024-10-23,2024-10-28,5,949.35,89.41,1038.76
10061,RSV00011799,2025-03-04,2025-03-07,3,803.39,18.25,821.64
10062,RSV00011800,2025-06-16,2025-06-20,4,1334.74,106.31,1441.05
10063,RSV00011801,2026-06-12,2026-06-13,1,434.93,111.98,546.91
10064,RSV00011803,2025-01-05,2025-01-06,1,1111.19,103.05,1214.24
10065,RSV00011804,2024-09-21,2024-09-25,4,1093.11,36.83,1129.94
10066,RSV00011805,2025-11-22,2025-11-25,3,557.06,249.47,806.53
10067,RSV00011806,2024-09-01,2024-09-02,1,736.46,24.11,760.57
10068,RSV00011807,2025-02-19,2025-02-20,1,1107.7,209.41,1317.11
10069,RSV00011808,2024-06-15,2024-06-16,1,945.14,140.63,1085.77
10070,RSV00011809,2026-03-08,2026-03-12,4,1011.51,129.32,1140.83
10071,RSV00011811,2025-09-19,2025-09-24,5,1002.88,239.96,1242.84
10072,RSV00011812,2025-08-13,2025-08-15,2,1290.27,5.67,1295.94
10073,RSV00011814,2026-02-19,2026-02-20,1,480.25,56.2,536.45
10074,RSV00011815,2025-04-02,2025-04-07,5,1249.29,137.85,1387.14
10075,RSV00011816,2024-09-23,2024-09-25,2,1465.98,211.46,1677.44
10076,RSV00011817,2024-12-07,2024-12-14,7,554.6,109.26,663.86
10077,RSV00011819,2025-06-08,2025-06-10,2,851.54,224.42,1075.96
10078,RSV00011821,2026-04-20,2026-04-25,5,1039.14,132.76,1171.9
10079,RSV00011822,2025-10-01,2025-10-03,2,349.26,77.18,426.44
10080,RSV00011823,2025-10-13,2025-10-16,3,1261.05,215.46,1476.51
10081,RSV00011824,2024-08-10,2024-08-15,5,843.97,101.26,945.23
10082,RSV00011825,2025-06-02,2025-06-03,1,437.48,97.04,534.52
10083,RSV00011826,2024-11-03,2024-11-04,1,584.51,18.07,602.58
10084,RSV00011827,2025-08-23,2025-08-30,7,124.17,36.07,160.24
10085,RSV00011828,2025-04-02,2025-04-07,5,1432.99,132.79,1565.78
10086,RSV00011830,2025-10-01,2025-10-04,3,1472.33,224.5,1696.83
10087,RSV00011831,2026-01-29,2026-02-01,3,943.2,15.1,958.3
10088,RSV00011832,2026-03-10,2026-03-14,4,721.35,238.16,959.51
10089,RSV00011833,2024-10-22,2024-10-23,1,1093.25,15.75,1109.0
10090,RSV00011834,2025-09-16,2025-09-17,1,1093.1,248.8,1341.9
10091,RSV00011835,2025-03-24,2025-03-28,4,755.6,43.45,799.05
10092,RSV00011836,2024-10-23,2024-10-25,2,1266.81,186.87,1453.68
10093,RSV00011837,2025-08-22,2025-08-26,4,355.26,3.28,358.54
10094,RSV00011841,2025-06-13,2025-06-18,5,478.22,207.09,685.31
10095,RSV00011842,2025-12-06,2025-12-09,3,370.33,124.51,494.84
10096,RSV00011843,2025-06-26,2025-07-02,6,333.65,198.56,532.21
10097,RSV00011845,2024-08-09,2024-08-12,3,775.26,39.04,814.3
10098,RSV00011846,2025-03-03,2025-03-10,7,849.77,153.32,1003.09
10099,RSV00011849,2024-08-05,2024-08-08,3,1024.72,78.17,1102.89
10100,RSV00011850,2025-03-22,2025-03-24,2,1123.46,97.8,1221.26
10101,RSV00011851,2025-01-20,2025-01-21,1,835.16,51.26,886.42
10102,RSV00011852,2025-02-02,2025-02-03,1,884.02,35.71,919.73
10103,RSV00011853,2024-10-01,2024-10-04,3,928.77,238.98,1167.75
10104,RSV00011854,2026-06-21,2026-06-26,5,746.56,136.55,883.11
10105,RSV00011855,2025-04-12,2025-04-15,3,425.93,59.65,485.58
10106,RSV00011856,2024-11-28,2024-12-02,4,536.37,245.93,782.3
10107,RSV00011858,2026-03-17,2026-03-21,4,1431.68,7.92,1439.6
10108,RSV00011860,2024-10-08,2024-10-09,1,809.95,60.68,870.63
10109,RSV00011861,2026-04-25,2026-04-26,1,1364.83,3.01,1367.84
10110,RSV00011862,2026-01-13,2026-01-15,2,724.22,47.16,771.38
10111,RSV00011863,2026-03-04,2026-03-11,7,1359.2,134.19,1493.39
10112,RSV00011865,2024-09-11,2024-09-16,5,236.14,19.29,255.43
10113,RSV00011866,2024-09-17,2024-09-19,2,1461.31,238.08,1699.39
10114,RSV00011867,2025-12-21,2025-12-24,3,487.54,28.46,516.0
10115,RSV00011868,2025-01-23,2025-01-28,5,580.21,111.19,691.4
10116,RSV00011869,2026-04-15,2026-04-17,2,410.02,48.15,458.17
10117,RSV00011870,2026-02-11,2026-02-16,5,1394.97,103.57,1498.54
10118,RSV00011871,2024-12-24,2024-12-28,4,778.4,247.48,1025.88
10119,RSV00011872,2026-03-25,2026-03-26,1,456.23,50.58,506.81
10120,RSV00011873,2025-09-12,2025-09-19,7,1198.84,4.88,1203.72
10121,RSV00011874,2025-11-06,2025-11-08,2,519.24,194.94,714.18
10122,RSV00011875,2025-11-23,2025-11-27,4,603.37,63.4,666.77
10123,RSV00011876,2025-05-26,2025-05-27,1,1450.67,35.94,1486.61
10124,RSV00011878,2024-07-28,2024-07-29,1,1105.03,10.92,1115.95
10125,RSV00011879,2026-07-08,2026-07-10,2,672.49,86.64,759.13
10126,RSV00011881,2025-12-27,2025-12-31,4,1122.71,162.25,1284.96
10127,RSV00011882,2025-02-08,2025-02-09,1,1184.14,46.44,1230.58
10128,RSV00011883,2026-01-05,2026-01-06,1,1495.79,43.75,1539.54
10129,RSV00011884,2025-09-11,2025-09-18,7,1342.52,28.16,1370.68
10130,RSV00011885,2025-03-16,2025-03-17,1,316.83,41.23,358.06
10131,RSV00011886,2026-02-07,2026-02-08,1,1310.68,9.89,1320.57
10132,RSV00011887,2025-10-26,2025-10-28,2,980.48,92.46,1072.94
10133,RSV00011888,2024-12-16,2024-12-18,2,1390.58,94.52,1485.1
10134,RSV00011889,2025-01-03,2025-01-04,1,1275.71,214.7,1490.41
10135,RSV00011890,2026-01-02,2026-01-03,1,544.27,155.93,700.2
10136,RSV00011891,2025-08-21,2025-08-24,3,813.06,76.33,889.39
10137,RSV00011892,2025-08-21,2025-08-25,4,281.84,124.72,406.56
10138,RSV00011894,2024-10-09,2024-10-14,5,570.71,4.36,575.07
10139,RSV00011895,2025-10-28,2025-11-03,6,1426.55,221.61,1648.16
10140,RSV00011896,2026-02-13,2026-02-19,6,650.0,93.54,743.54
10141,RSV00011898,2025-01-16,2025-01-19,3,795.51,125.57,921.08
10142,RSV00011899,2025-08-05,2025-08-10,5,562.8,216.54,779.34
10143,RSV00011900,2024-08-06,2024-08-10,4,984.7,22.52,1007.22
10144,RSV00011901,2025-03-19,2025-03-25,6,820.11,200.77,1020.88
10145,RSV00011902,2024-12-01,2024-12-05,4,666.6,209.34,875.94
10146,RSV00011903,2024-09-16,2024-09-20,4,1246.3,82.58,1328.88
10147,RSV00011904,2024-07-27,2024-08-03,7,1103.7,21.84,1125.54
10148,RSV00011905,2024-08-20,2024-08-26,6,525.77,134.17,659.94
10149,RSV00011906,2025-09-20,2025-09-21,1,174.49,41.75,216.24
10150,RSV00011907,2025-04-02,2025-04-09,7,1191.32,156.41,1347.73
10151,RSV00011908,2026-02-23,2026-02-27,4,582.89,207.28,790.17
10152,RSV00011909,2024-09-11,2024-09-17,6,1281.08,14.1,1295.18
10153,RSV00011910,2025-04-28,2025-04-30,2,476.37,232.52,708.89
10154,RSV00011911,2026-06-22,2026-06-29,7,310.47,70.99,381.46
10155,RSV00011912,2025-08-16,2025-08-17,1,87.26,135.13,222.39
10156,RSV00011913,2025-01-29,2025-01-31,2,1032.15,214.08,1246.23
10157,RSV00011914,2026-02-22,2026-02-25,3,1343.97,24.78,1368.75
10158,RSV00011915,2025-06-05,2025-06-10,5,670.65,51.61,722.26
10159,RSV00011916,2025-02-22,2025-03-01,7,209.14,93.11,302.25
10160,RSV00011917,2025-07-23,2025-07-28,5,864.39,247.5,1111.89
10161,RSV00011918,2026-07-06,2026-07-09,3,115.76,98.29,214.05
10162,RSV00011919,2025-11-15,2025-11-17,2,227.09,58.99,286.08
10163,RSV00011920,2025-02-23,2025-02-25,2,150.88,115.94,266.82
10164,RSV00011921,2025-11-14,2025-11-17,3,572.96,31.5,604.46
10165,RSV00011922,2024-12-15,2024-12-22,7,1087.11,185.88,1272.99
10166,RSV00011924,2025-05-08,2025-05-09,1,115.53,68.87,184.4
10167,RSV00011925,2025-03-21,2025-03-28,7,693.38,245.72,939.1
10168,RSV00011926,2026-05-25,2026-05-27,2,1107.36,98.78,1206.14
10169,RSV00011927,2025-09-18,2025-09-21,3,767.24,129.77,897.01
10170,RSV00011928,2025-09-28,2025-10-04,6,825.6,65.63,891.23
10171,RSV00011930,2025-09-08,2025-09-15,7,523.14,169.54,692.68
10172,RSV00011931,2025-10-03,2025-10-05,2,210.69,55.49,266.18
10173,RSV00011932,2026-07-01,2026-07-03,2,214.3,20.86,235.16
10174,RSV00011934,2025-08-01,2025-08-04,3,660.37,108.47,768.84
10175,RSV00011936,2024-08-20,2024-08-22,2,355.03,147.63,502.66
10176,RSV00011937,2024-10-21,2024-10-27,6,978.22,132.6,1110.82
10177,RSV00011938,2025-12-28,2026-01-04,7,1446.49,85.98,1532.47
10178,RSV00011940,2025-09-27,2025-10-04,7,1080.79,56.65,1137.44
10179,RSV00011941,2025-04-02,2025-04-04,2,1204.92,129.53,1334.45
10180,RSV00011942,2024-07-31,2024-08-03,3,477.38,100.83,578.21
10181,RSV00011944,2025-10-03,2025-10-07,4,989.76,222.87,1212.63
10182,RSV00011945,2026-05-29,2026-06-03,5,516.22,169.56,685.78
10183,RSV00011946,2025-12-30,2026-01-04,5,533.51,82.4,615.91
10184,RSV00011948,2025-01-27,2025-01-31,4,1165.68,218.93,1384.61
10185,RSV00011949,2024-12-09,2024-12-16,7,1002.5,186.96,1189.46
10186,RSV00011952,2025-10-12,2025-10-17,5,1194.87,55.34,1250.21
10187,RSV00011953,2026-06-02,2026-06-09,7,227.34,5.84,233.18
10188,RSV00011954,2025-08-15,2025-08-20,5,468.57,128.04,596.61
10189,RSV00011955,2024-10-29,2024-11-03,5,1334.06,196.39,1530.45
10190,RSV00011956,2024-12-31,2025-01-07,7,845.88,48.01,893.89
10191,RSV00011957,2026-01-05,2026-01-09,4,610.67,118.24,728.91
10192,RSV00011958,2024-08-15,2024-08-20,5,974.59,204.76,1179.35
10193,RSV00011959,2024-08-06,2024-08-11,5,868.63,110.83,979.46
10194,RSV00011960,2024-12-11,2024-12-16,5,227.1,129.9,357.0
10195,RSV00011961,2025-03-08,2025-03-09,1,722.39,79.54,801.93
10196,RSV00011962,2026-05-12,2026-05-15,3,552.59,58.88,611.47
10197,RSV00011963,2024-10-11,2024-10-13,2,1309.23,83.4,1392.63
10198,RSV00011964,2024-06-23,2024-06-26,3,1352.48,92.6,1445.08
10199,RSV00011965,2024-12-01,2024-12-04,3,1444.51,14.64,1459.15
10200,RSV00011966,2025-06-18,2025-06-20,2,299.09,185.3,484.39
10201,RSV00011967,2025-08-22,2025-08-28,6,783.48,5.37,788.85
10202,RSV00011968,2025-03-24,2025-03-27,3,844.24,67.51,911.75
10203,RSV00011970,2025-12-18,2025-12-23,5,365.52,174.5,540.02
10204,RSV00011971,2026-04-11,2026-04-16,5,193.47,53.12,246.59
10205,RSV00011972,2025-02-22,2025-02-23,1,1147.58,28.71,1176.29
10206,RSV00011973,2024-11-21,2024-11-27,6,844.03,212.51,1056.54
10207,RSV00011974,2025-04-24,2025-04-30,6,134.6,183.16,317.76
10208,RSV00011976,2025-02-11,2025-02-15,4,1360.91,123.06,1483.97
10209,RSV00011980,2025-06-25,2025-06-29,4,1137.72,17.35,1155.07
10210,RSV00011981,2025-03-13,2025-03-18,5,326.66,233.96,560.62
10211,RSV00011982,2025-10-26,2025-10-27,1,1002.62,113.13,1115.75
10212,RSV00011983,2024-09-09,2024-09-10,1,891.67,51.46,943.13
10213,RSV00011984,2025-10-22,2025-10-25,3,721.38,227.95,949.33
10214,RSV00011985,2025-01-27,2025-01-30,3,1415.98,48.4,1464.38
10215,RSV00011986,2024-07-12,2024-07-18,6,455.87,54.28,510.15
10216,RSV00011987,2025-04-04,2025-04-07,3,154.75,204.67,359.42
10217,RSV00011988,2025-04-06,2025-04-08,2,1059.44,80.59,1140.03
10218,RSV00011989,2026-02-18,2026-02-19,1,657.0,170.33,827.33
10219,RSV00011990,2025-09-30,2025-10-02,2,1432.44,42.38,1474.82
10220,RSV00011992,2025-11-17,2025-11-20,3,1488.54,16.76,1505.3
10221,RSV00011993,2025-03-23,2025-03-26,3,1063.5,68.87,1132.37
10222,RSV00011994,2026-05-09,2026-05-10,1,232.78,60.3,293.08
10223,RSV00011995,2025-04-08,2025-04-11,3,877.81,58.53,936.34
10224,RSV00011996,2026-02-04,2026-02-11,7,1004.97,236.64,1241.61
10225,RSV00011997,2025-01-12,2025-01-13,1,682.61,13.72,696.33
10226,RSV00011998,2025-05-08,2025-05-14,6,1317.56,183.6,1501.16
10227,RSV00011999,2026-01-23,2026-01-26,3,984.57,109.14,1093.71
10228,RSV00012000,2024-09-10,2024-09-16,6,427.84,49.08,476.92
10229,RSV00012001,2024-09-26,2024-10-01,5,993.51,19.75,1013.26
10230,RSV00012002,2024-08-09,2024-08-12,3,1171.85,152.22,1324.07
10231,RSV00012004,2026-02-08,2026-02-10,2,192.16,28.41,220.57
10232,RSV00012005,2025-05-11,2025-05-18,7,218.51,125.97,344.48
10233,RSV00012006,2025-09-16,2025-09-20,4,168.15,231.23,399.38
10234,RSV00012007,2025-07-24,2025-07-27,3,434.35,14.14,448.49
10235,RSV00012008,2024-11-10,2024-11-11,1,722.1,177.69,899.79
10236,RSV00012010,2025-10-08,2025-10-11,3,886.55,49.24,935.79
10237,RSV00012011,2024-11-21,2024-11-28,7,1335.83,217.47,1553.3
10238,RSV00012012,2025-07-07,2025-07-09,2,1009.92,0.26,1010.18
10239,RSV00012013,2025-11-16,2025-11-20,4,1215.93,234.54,1450.47
10240,RSV00012014,2026-05-15,2026-05-22,7,1181.44,189.72,1371.16
10241,RSV00012015,2026-02-16,2026-02-21,5,215.78,125.63,341.41
10242,RSV00012017,2024-12-14,2024-12-20,6,81.12,26.2,107.32
10243,RSV00012018,2024-12-17,2024-12-24,7,1274.27,32.95,1307.22
10244,RSV00012019,2026-05-23,2026-05-29,6,1176.31,178.63,1354.94
10245,RSV00012020,2025-11-05,2025-11-07,2,1125.3,68.97,1194.27
10246,RSV00012021,2025-11-25,2025-11-29,4,849.09,80.96,930.05
10247,RSV00012022,2026-04-16,2026-04-19,3,612.2,53.53,665.73
10248,RSV00012023,2025-06-01,2025-06-06,5,1373.4,4.31,1377.71
10249,RSV00012024,2026-03-31,2026-04-02,2,1056.03,182.89,1238.92
10250,RSV00012025,2025-11-25,2025-11-30,5,751.98,34.28,786.26
10251,RSV00012026,2025-06-10,2025-06-13,3,484.76,97.46,582.22
10252,RSV00012027,2025-02-22,2025-02-24,2,624.39,108.25,732.64
10253,RSV00012029,2025-10-07,2025-10-11,4,317.8,122.59,440.39
10254,RSV00012030,2024-07-07,2024-07-11,4,584.81,104.97,689.78
10255,RSV00012031,2026-03-09,2026-03-11,2,674.48,201.74,876.22
10256,RSV00012032,2025-05-15,2025-05-19,4,723.87,52.18,776.05
10257,RSV00012033,2026-01-07,2026-01-10,3,113.29,135.44,248.73
10258,RSV00012034,2024-10-25,2024-10-30,5,1332.26,244.3,1576.56
10259,RSV00012035,2025-08-08,2025-08-12,4,1005.04,222.74,1227.78
10260,RSV00012036,2025-10-10,2025-10-13,3,658.61,243.67,902.28
10261,RSV00012037,2024-09-16,2024-09-18,2,1016.57,149.06,1165.63
10262,RSV00012038,2026-05-16,2026-05-23,7,1051.71,14.88,1066.59
10263,RSV00012039,2024-09-08,2024-09-10,2,942.56,72.75,1015.31
10264,RSV00012040,2025-10-07,2025-10-11,4,1140.18,84.83,1225.01
10265,RSV00012041,2026-05-14,2026-05-16,2,290.91,220.29,511.2
10266,RSV00012044,2024-07-10,2024-07-15,5,919.57,146.41,1065.98
10267,RSV00012045,2026-04-29,2026-05-02,3,1493.41,52.31,1545.72
10268,RSV00012046,2025-01-22,2025-01-28,6,375.64,29.03,404.67
10269,RSV00012047,2025-03-31,2025-04-02,2,721.45,186.69,908.14
10270,RSV00012048,2025-11-10,2025-11-13,3,290.31,100.86,391.17
10271,RSV00012049,2025-03-28,2025-03-30,2,1001.09,136.71,1137.8
10272,RSV00012050,2025-05-16,2025-05-23,7,486.09,162.15,648.24
10273,RSV00012051,2025-01-27,2025-01-28,1,1059.74,111.22,1170.96
10274,RSV00012052,2026-02-05,2026-02-08,3,199.46,207.75,407.21
10275,RSV00012053,2026-05-09,2026-05-15,6,1036.87,206.57,1243.44
10276,RSV00012054,2025-04-21,2025-04-28,7,97.1,167.93,265.03
10277,RSV00012055,2025-07-07,2025-07-12,5,1188.19,5.1,1193.29
10278,RSV00012056,2025-06-04,2025-06-05,1,1163.37,54.83,1218.2
10279,RSV00012057,2024-10-11,2024-10-16,5,698.37,124.19,822.56
10280,RSV00012058,2025-06-07,2025-06-13,6,513.93,116.88,630.81
10281,RSV00012059,2025-07-06,2025-07-10,4,1438.85,167.27,1606.12
10282,RSV00012060,2026-02-20,2026-02-26,6,355.31,45.75,401.06
10283,RSV00012062,2025-10-17,2025-10-22,5,427.98,12.66,440.64
10284,RSV00012064,2024-08-26,2024-08-30,4,1388.5,179.06,1567.56
10285,RSV00012065,2025-05-18,2025-05-25,7,251.25,100.8,352.05
10286,RSV00012066,2026-04-14,2026-04-16,2,1437.63,160.17,1597.8
10287,RSV00012067,2025-02-28,2025-03-04,4,519.34,126.51,645.85
10288,RSV00012068,2026-06-12,2026-06-19,7,1399.59,82.73,1482.32
10289,RSV00012069,2024-10-30,2024-11-04,5,428.22,15.36,443.58
10290,RSV00012070,2026-04-18,2026-04-19,1,157.55,145.83,303.38
10291,RSV00012071,2026-07-01,2026-07-07,6,1468.33,52.56,1520.89
10292,RSV00012072,2025-02-25,2025-03-02,5,420.08,0.87,420.95
10293,RSV00012073,2025-03-21,2025-03-22,1,94.72,64.66,159.38
10294,RSV00012074,2025-08-11,2025-08-16,5,936.61,26.75,963.36
10295,RSV00012075,2025-08-18,2025-08-19,1,178.15,54.07,232.22
10296,RSV00012076,2024-08-30,2024-08-31,1,344.52,26.66,371.18
10297,RSV00012077,2025-07-29,2025-08-03,5,155.63,228.46,384.09
10298,RSV00012078,2026-02-01,2026-02-05,4,1475.23,56.58,1531.81
10299,RSV00012079,2025-10-02,2025-10-08,6,1437.81,214.93,1652.74
10300,RSV00012080,2026-03-20,2026-03-26,6,1404.21,33.43,1437.64
10301,RSV00012081,2026-05-28,2026-05-29,1,505.93,22.94,528.87
10302,RSV00012082,2024-07-10,2024-07-11,1,394.93,247.57,642.5
10303,RSV00012083,2026-06-23,2026-06-24,1,1020.69,3.91,1024.6
10304,RSV00012084,2025-06-25,2025-06-29,4,466.2,8.12,474.32
10305,RSV00012085,2024-08-03,2024-08-09,6,408.72,62.72,471.44
10306,RSV00012086,2025-08-18,2025-08-22,4,942.83,40.19,983.02
10307,RSV00012087,2026-01-15,2026-01-19,4,961.59,126.15,1087.74
10308,RSV00012088,2024-11-04,2024-11-09,5,335.77,123.35,459.12
10309,RSV00012089,2025-09-06,2025-09-09,3,230.53,112.82,343.35
10310,RSV00012090,2025-04-04,2025-04-07,3,1226.36,219.86,1446.22
10311,RSV00012091,2025-12-09,2025-12-12,3,758.21,150.61,908.82
10312,RSV00012092,2025-09-29,2025-10-01,2,1411.15,155.31,1566.46
10313,RSV00012093,2024-10-17,2024-10-20,3,768.53,100.29,868.82
10314,RSV00012094,2025-10-09,2025-10-11,2,1161.09,144.98,1306.07
10315,RSV00012095,2025-07-04,2025-07-08,4,883.2,122.8,1006.0
10316,RSV00012096,2026-02-25,2026-03-03,6,709.11,167.4,876.51
10317,RSV00012097,2025-09-13,2025-09-16,3,135.78,42.28,178.06
10318,RSV00012098,2025-12-03,2025-12-09,6,748.29,130.63,878.92
10319,RSV00012099,2025-12-08,2025-12-11,3,1402.57,20.84,1423.41
10320,RSV00012101,2026-05-24,2026-05-30,6,748.47,35.65,784.12
10321,RSV00012102,2024-10-18,2024-10-20,2,655.17,25.77,680.94
10322,RSV00012103,2025-10-16,2025-10-19,3,1293.19,198.94,1492.13
10323,RSV00012104,2025-07-10,2025-07-14,4,1293.16,153.86,1447.02
10324,RSV00012105,2025-01-09,2025-01-13,4,1304.47,131.91,1436.38
10325,RSV00012106,2025-12-10,2025-12-12,2,811.32,123.7,935.02
10326,RSV00012107,2024-08-12,2024-08-15,3,146.45,210.75,357.2
10327,RSV00012108,2024-10-13,2024-10-14,1,251.79,46.0,297.79
10328,RSV00012109,2025-10-07,2025-10-14,7,910.43,198.97,1109.4
10329,RSV00012111,2025-11-21,2025-11-28,7,740.26,93.31,833.57
10330,RSV00012112,2025-04-11,2025-04-15,4,665.69,209.94,875.63
10331,RSV00012113,2024-12-27,2025-01-01,5,307.71,156.65,464.36
10332,RSV00012114,2025-05-19,2025-05-22,3,1352.27,224.69,1576.96
10333,RSV00012115,2025-08-30,2025-09-01,2,1017.19,91.75,1108.94
10334,RSV00012116,2025-01-27,2025-02-01,5,921.8,208.02,1129.82
10335,RSV00012117,2026-03-01,2026-03-06,5,456.6,166.46,623.06
10336,RSV00012118,2025-05-07,2025-05-09,2,587.58,107.85,695.43
10337,RSV00012119,2024-08-09,2024-08-14,5,161.15,234.25,395.4
10338,RSV00012120,2025-06-12,2025-06-13,1,616.84,140.69,757.53
10339,RSV00012121,2024-09-10,2024-09-14,4,1243.45,182.11,1425.56
10340,RSV00012125,2025-09-29,2025-10-03,4,624.58,143.05,767.63
10341,RSV00012126,2025-08-10,2025-08-12,2,797.81,130.56,928.37
10342,RSV00012128,2025-06-04,2025-06-06,2,1407.91,101.41,1509.32
10343,RSV00012129,2025-03-20,2025-03-27,7,680.56,184.43,864.99
10344,RSV00012130,2025-09-17,2025-09-23,6,687.73,180.04,867.77
10345,RSV00012131,2025-03-18,2025-03-24,6,422.82,161.62,584.44
10346,RSV00012132,2026-03-23,2026-03-25,2,1037.8,21.47,1059.27
10347,RSV00012133,2025-12-08,2025-12-14,6,999.24,136.9,1136.14
10348,RSV00012134,2024-08-30,2024-09-03,4,103.95,189.06,293.01
10349,RSV00012136,2025-01-01,2025-01-02,1,589.32,150.02,739.34
10350,RSV00012137,2025-11-15,2025-11-18,3,1428.27,46.4,1474.67
10351,RSV00012138,2025-02-18,2025-02-22,4,1460.77,155.47,1616.24
10352,RSV00012139,2026-02-21,2026-02-26,5,582.87,174.08,756.95
10353,RSV00012140,2026-05-26,2026-05-27,1,330.48,32.91,363.39
10354,RSV00012142,2024-11-22,2024-11-24,2,679.85,201.19,881.04
10355,RSV00012143,2025-10-16,2025-10-23,7,668.1,43.1,711.2
10356,RSV00012145,2025-10-01,2025-10-02,1,539.86,28.6,568.46
10357,RSV00012146,2024-11-15,2024-11-20,5,929.34,51.47,980.81
10358,RSV00012147,2026-05-03,2026-05-05,2,1283.67,22.27,1305.94
10359,RSV00012148,2026-03-02,2026-03-08,6,637.0,54.74,691.74
10360,RSV00012149,2025-08-06,2025-08-13,7,1384.99,222.01,1607.0
10361,RSV00012151,2024-10-31,2024-11-01,1,1219.79,44.3,1264.09
10362,RSV00012152,2026-01-17,2026-01-19,2,1449.38,88.66,1538.04
10363,RSV00012153,2024-09-16,2024-09-17,1,998.16,40.87,1039.03
10364,RSV00012154,2026-01-04,2026-01-11,7,1444.79,182.3,1627.09
10365,RSV00012156,2025-03-17,2025-03-20,3,796.0,172.0,968.0
10366,RSV00012157,2025-11-17,2025-11-18,1,545.26,78.13,623.39
10367,RSV00012158,2024-08-29,2024-08-31,2,1335.11,153.76,1488.87
10368,RSV00012159,2025-09-25,2025-10-01,6,1229.97,180.18,1410.15
10369,RSV00012160,2024-10-28,2024-10-31,3,642.26,124.72,766.98
10370,RSV00012161,2025-03-12,2025-03-13,1,690.24,240.0,930.24
10371,RSV00012162,2024-11-04,2024-11-07,3,351.91,234.51,586.42
10372,RSV00012164,2024-10-08,2024-10-14,6,898.11,56.1,954.21
10373,RSV00012165,2026-06-04,2026-06-11,7,1474.44,146.73,1621.17
10374,RSV00012167,2025-08-09,2025-08-12,3,1209.37,57.87,1267.24
10375,RSV00012168,2025-05-05,2025-05-12,7,323.29,118.04,441.33
10376,RSV00012169,2025-10-09,2025-10-16,7,337.32,33.01,370.33
10377,RSV00012170,2026-01-26,2026-01-28,2,1102.08,183.86,1285.94
10378,RSV00012171,2025-11-08,2025-11-14,6,955.64,45.44,1001.08
10379,RSV00012172,2024-08-13,2024-08-19,6,893.98,94.65,988.63
10380,RSV00012176,2026-03-29,2026-03-30,1,1283.61,96.84,1380.45
10381,RSV00012177,2025-04-17,2025-04-22,5,1035.4,22.2,1057.6
10382,RSV00012178,2024-07-13,2024-07-16,3,1071.13,22.8,1093.93
10383,RSV00012179,2024-10-07,2024-10-12,5,798.53,128.56,927.09
10384,RSV00012180,2026-02-03,2026-02-09,6,1351.93,95.59,1447.52
10385,RSV00012182,2024-08-28,2024-09-02,5,772.19,32.78,804.97
10386,RSV00012183,2026-03-19,2026-03-24,5,173.67,18.75,192.42
10387,RSV00012185,2025-12-15,2025-12-17,2,1249.83,122.53,1372.36
10388,RSV00012186,2024-10-06,2024-10-13,7,754.33,57.15,811.48
10389,RSV00012187,2025-06-11,2025-06-13,2,310.46,134.6,445.06
10390,RSV00012188,2025-04-28,2025-05-05,7,125.69,154.23,279.92
10391,RSV00012189,2026-03-17,2026-03-20,3,688.2,243.35,931.55
10392,RSV00012190,2026-07-12,2026-07-15,3,836.75,184.76,1021.51
10393,RSV00012191,2026-07-19,2026-07-22,3,314.34,172.91,487.25
10394,RSV00012192,2025-12-23,2025-12-28,5,1451.91,0.83,1452.74
10395,RSV00012193,2025-08-09,2025-08-12,3,841.34,198.95,1040.29
10396,RSV00012194,2025-08-23,2025-08-30,7,278.95,15.69,294.64
10397,RSV00012196,2024-11-14,2024-11-17,3,973.15,228.51,1201.66
10398,RSV00012197,2025-01-16,2025-01-23,7,1455.03,157.15,1612.18
10399,RSV00012199,2026-06-04,2026-06-11,7,1072.86,125.36,1198.22
10400,RSV00012200,2024-11-07,2024-11-10,3,1217.31,126.91,1344.22
10401,RSV00012201,2026-01-29,2026-01-31,2,1381.14,175.71,1556.85
10402,RSV00012204,2025-11-22,2025-11-25,3,1131.03,178.76,1309.79
10403,RSV00012205,2025-09-02,2025-09-08,6,1384.41,88.33,1472.74
10404,RSV00012206,2025-08-29,2025-09-01,3,597.61,49.69,647.3
10405,RSV00012207,2025-12-27,2025-12-31,4,87.98,64.76,152.74
10406,RSV00012208,2025-10-30,2025-11-05,6,1426.81,161.13,1587.94
10407,RSV00012210,2026-05-24,2026-05-31,7,1178.31,224.99,1403.3
10408,RSV00012213,2025-08-31,2025-09-07,7,198.33,240.77,439.1
10409,RSV00012214,2026-01-14,2026-01-18,4,678.33,196.9,875.23
10410,RSV00012216,2025-04-15,2025-04-17,2,566.49,190.25,756.74
10411,RSV00012217,2024-10-11,2024-10-16,5,1157.7,52.86,1210.56
10412,RSV00012218,2025-11-01,2025-11-07,6,972.25,233.51,1205.76
10413,RSV00012219,2025-02-11,2025-02-15,4,1201.44,215.53,1416.97
10414,RSV00012220,2025-06-28,2025-06-30,2,422.89,27.4,450.29
10415,RSV00012221,2026-01-04,2026-01-06,2,1187.52,181.59,1369.11
10416,RSV00012222,2026-01-26,2026-01-28,2,1176.04,6.17,1182.21
10417,RSV00012223,2025-05-09,2025-05-15,6,1477.94,219.67,1697.61
10418,RSV00012224,2025-08-20,2025-08-24,4,701.86,118.61,820.47
10419,RSV00012225,2025-08-21,2025-08-23,2,1445.6,168.95,1614.55
10420,RSV00012226,2025-02-15,2025-02-17,2,907.31,159.47,1066.78
10421,RSV00012227,2026-06-16,2026-06-18,2,1328.07,153.2,1481.27
10422,RSV00012228,2025-10-17,2025-10-18,1,454.48,87.16,541.64
10423,RSV00012229,2024-12-18,2024-12-21,3,611.58,135.77,747.35
10424,RSV00012230,2025-07-20,2025-07-22,2,352.55,203.42,555.97
10425,RSV00012231,2025-07-02,2025-07-06,4,1004.71,219.01,1223.72
10426,RSV00012232,2026-03-22,2026-03-29,7,102.86,234.56,337.42
10427,RSV00012233,2025-05-16,2025-05-20,4,577.08,18.05,595.13
10428,RSV00012234,2026-03-12,2026-03-16,4,813.76,154.94,968.7
10429,RSV00012235,2024-07-29,2024-07-30,1,1451.05,139.05,1590.1
10430,RSV00012237,2024-10-31,2024-11-06,6,705.06,83.8,788.86
10431,RSV00012238,2025-06-23,2025-06-28,5,859.78,25.74,885.52
10432,RSV00012240,2025-11-28,2025-11-29,1,165.94,19.51,185.45
10433,RSV00012243,2025-08-13,2025-08-14,1,986.85,23.02,1009.87
10434,RSV00012244,2025-08-13,2025-08-18,5,1068.09,116.5,1184.59
10435,RSV00012245,2025-05-30,2025-06-04,5,784.94,246.89,1031.83
10436,RSV00012246,2024-12-27,2025-01-03,7,417.38,22.9,440.28
10437,RSV00012247,2025-11-09,2025-11-12,3,161.86,17.96,179.82
10438,RSV00012248,2025-12-29,2025-12-30,1,381.03,112.02,493.05
10439,RSV00012249,2024-09-11,2024-09-16,5,143.64,138.96,282.6
10440,RSV00012251,2025-03-03,2025-03-06,3,820.31,115.97,936.28
10441,RSV00012252,2025-09-16,2025-09-20,4,935.54,154.04,1089.58
10442,RSV00012253,2025-01-19,2025-01-24,5,541.55,150.97,692.52
10443,RSV00012255,2026-02-13,2026-02-17,4,363.98,217.2,581.18
10444,RSV00012256,2024-07-19,2024-07-21,2,1197.14,50.2,1247.34
10445,RSV00012257,2024-09-27,2024-10-03,6,334.8,191.76,526.56
10446,RSV00012258,2024-09-06,2024-09-10,4,1491.14,111.0,1602.14
10447,RSV00012259,2024-12-15,2024-12-22,7,355.57,100.64,456.21
10448,RSV00012260,2024-11-13,2024-11-17,4,1075.16,21.48,1096.64
10449,RSV00012263,2025-08-18,2025-08-23,5,207.35,101.4,308.75
10450,RSV00012264,2024-08-22,2024-08-26,4,956.18,79.38,1035.56
10451,RSV00012265,2024-12-21,2024-12-26,5,1204.73,183.64,1388.37
10452,RSV00012267,2025-08-15,2025-08-17,2,891.71,225.78,1117.49
10453,RSV00012268,2025-04-05,2025-04-11,6,184.84,62.87,247.71
10454,RSV00012269,2025-02-13,2025-02-15,2,1380.17,127.39,1507.56
10455,RSV00012270,2026-03-03,2026-03-07,4,105.52,113.64,219.16
10456,RSV00012271,2025-08-28,2025-08-31,3,718.28,205.09,923.37
10457,RSV00012272,2026-05-28,2026-05-29,1,1064.9,189.91,1254.81
10458,RSV00012273,2024-10-25,2024-10-31,6,1029.64,101.9,1131.54
10459,RSV00012274,2025-04-22,2025-04-26,4,517.6,152.64,670.24
10460,RSV00012275,2025-04-18,2025-04-21,3,376.54,169.56,546.1
10461,RSV00012276,2025-02-28,2025-03-04,4,235.77,139.78,375.55
10462,RSV00012277,2025-02-19,2025-02-23,4,1439.73,54.92,1494.65
10463,RSV00012278,2025-04-16,2025-04-19,3,499.4,171.19,670.59
10464,RSV00012279,2025-03-19,2025-03-21,2,912.52,54.84,967.36
10465,RSV00012280,2025-08-26,2025-09-01,6,280.34,170.5,450.84
10466,RSV00012281,2025-03-01,2025-03-05,4,498.5,203.44,701.94
10467,RSV00012282,2024-07-13,2024-07-16,3,1176.07,45.37,1221.44
10468,RSV00012283,2025-02-12,2025-02-16,4,1459.82,87.62,1547.44
10469,RSV00012284,2026-05-30,2026-06-04,5,110.29,193.31,303.6
10470,RSV00012285,2024-12-18,2024-12-19,1,1270.68,221.12,1491.8
10471,RSV00012286,2025-01-22,2025-01-25,3,707.94,40.82,748.76
10472,RSV00012287,2025-12-06,2025-12-10,4,1121.58,217.87,1339.45
10473,RSV00012288,2026-06-26,2026-07-03,7,937.61,140.29,1077.9
10474,RSV00012289,2024-09-15,2024-09-19,4,1047.85,101.68,1149.53
10475,RSV00012291,2025-08-05,2025-08-10,5,366.92,185.33,552.25
10476,RSV00012292,2024-08-03,2024-08-04,1,727.1,229.89,956.99
10477,RSV00012293,2025-10-31,2025-11-04,4,989.43,86.55,1075.98
10478,RSV00012294,2025-08-28,2025-08-31,3,1469.06,108.97,1578.03
10479,RSV00012295,2025-10-07,2025-10-10,3,1298.62,15.55,1314.17
10480,RSV00012296,2026-04-07,2026-04-12,5,940.5,117.83,1058.33
10481,RSV00012297,2025-12-20,2025-12-21,1,140.72,148.99,289.71
10482,RSV00012298,2026-05-13,2026-05-17,4,1271.64,11.49,1283.13
10483,RSV00012300,2025-11-02,2025-11-03,1,1192.29,216.12,1408.41
10484,RSV00012301,2026-04-20,2026-04-22,2,1346.56,96.71,1443.27
10485,RSV00012302,2025-01-24,2025-01-26,2,400.8,221.46,622.26
10486,RSV00012303,2025-12-11,2025-12-16,5,871.3,163.38,1034.68
10487,RSV00012304,2024-12-31,2025-01-04,4,1425.02,200.0,1625.02
10488,RSV00012305,2026-02-10,2026-02-12,2,875.59,29.96,905.55
10489,RSV00012306,2026-03-02,2026-03-09,7,906.56,132.12,1038.68
10490,RSV00012307,2025-10-30,2025-11-05,6,1495.9,129.48,1625.38
10491,RSV00012308,2025-02-07,2025-02-09,2,230.04,233.37,463.41
10492,RSV00012309,2025-01-04,2025-01-06,2,492.22,166.25,658.47
10493,RSV00012310,2025-02-13,2025-02-17,4,1099.05,243.99,1343.04
10494,RSV00012311,2025-08-22,2025-08-23,1,884.75,236.74,1121.49
10495,RSV00012312,2026-01-31,2026-02-01,1,1173.84,149.23,1323.07
10496,RSV00012313,2026-02-14,2026-02-17,3,764.76,198.63,963.39
10497,RSV00012314,2025-03-03,2025-03-10,7,350.35,11.07,361.42
10498,RSV00012315,2025-03-21,2025-03-25,4,995.2,26.67,1021.87
10499,RSV00012316,2025-12-11,2025-12-15,4,750.27,207.52,957.79
10500,RSV00012317,2025-07-17,2025-07-22,5,1225.68,28.23,1253.91
10501,RSV00012319,2024-07-16,2024-07-23,7,569.48,117.07,686.55
10502,RSV00012320,2024-08-04,2024-08-11,7,1438.62,13.6,1452.22
10503,RSV00012321,2025-12-22,2025-12-24,2,1171.75,63.1,1234.85
10504,RSV00012322,2025-09-21,2025-09-24,3,323.45,14.8,338.25
10505,RSV00012323,2024-10-11,2024-10-15,4,1431.1,13.82,1444.92
10506,RSV00012324,2025-11-04,2025-11-11,7,1328.77,210.19,1538.96
10507,RSV00012325,2025-10-02,2025-10-06,4,1256.2,40.53,1296.73
10508,RSV00012326,2025-09-28,2025-09-29,1,262.43,53.67,316.1
10509,RSV00012328,2026-04-08,2026-04-09,1,80.95,201.17,282.12
10510,RSV00012329,2026-05-06,2026-05-07,1,779.77,144.23,924.0
10511,RSV00012330,2025-01-18,2025-01-21,3,142.89,226.6,369.49
10512,RSV00012333,2025-01-17,2025-01-18,1,890.4,96.95,987.35
10513,RSV00012334,2025-05-13,2025-05-15,2,336.73,52.31,389.04
10514,RSV00012335,2025-04-03,2025-04-09,6,633.16,64.69,697.85
10515,RSV00012336,2026-06-15,2026-06-18,3,1004.68,204.28,1208.96
10516,RSV00012337,2025-11-16,2025-11-23,7,539.51,131.07,670.58
10517,RSV00012338,2026-04-16,2026-04-19,3,1234.71,153.02,1387.73
10518,RSV00012339,2025-03-18,2025-03-24,6,377.68,217.57,595.25
10519,RSV00012340,2025-04-27,2025-04-29,2,1352.59,178.69,1531.28
10520,RSV00012341,2025-03-10,2025-03-17,7,352.79,183.12,535.91
10521,RSV00012343,2024-08-28,2024-09-04,7,826.25,231.87,1058.12
10522,RSV00012344,2026-02-04,2026-02-07,3,568.34,174.32,742.66
10523,RSV00012345,2025-09-03,2025-09-06,3,604.27,139.66,743.93
10524,RSV00012347,2026-05-07,2026-05-13,6,503.81,69.69,573.5
10525,RSV00012348,2024-09-14,2024-09-15,1,1438.8,122.14,1560.94
10526,RSV00012349,2026-02-09,2026-02-15,6,415.7,106.62,522.32
10527,RSV00012351,2025-03-06,2025-03-09,3,1433.86,242.4,1676.26
10528,RSV00012352,2025-04-25,2025-04-29,4,111.87,207.73,319.6
10529,RSV00012353,2025-02-01,2025-02-06,5,663.48,24.53,688.01
10530,RSV00012354,2025-07-08,2025-07-13,5,1127.64,73.56,1201.2
10531,RSV00012356,2024-09-25,2024-09-30,5,453.04,185.28,638.32
10532,RSV00012357,2025-11-15,2025-11-18,3,1006.63,10.82,1017.45
10533,RSV00012358,2025-04-16,2025-04-20,4,1253.14,248.73,1501.87
10534,RSV00012359,2026-01-02,2026-01-08,6,644.17,181.96,826.13
10535,RSV00012361,2024-07-29,2024-07-31,2,236.43,231.14,467.57
10536,RSV00012362,2024-10-27,2024-11-02,6,416.6,210.68,627.28
10537,RSV00012363,2025-09-10,2025-09-11,1,774.91,176.79,951.7
10538,RSV00012366,2026-02-03,2026-02-07,4,898.7,188.89,1087.59
10539,RSV00012367,2025-05-04,2025-05-07,3,788.8,48.35,837.15
10540,RSV00012369,2025-10-25,2025-10-27,2,1444.8,20.85,1465.65
10541,RSV00012370,2025-01-04,2025-01-06,2,1357.65,125.53,1483.18
10542,RSV00012371,2024-11-08,2024-11-15,7,1389.29,172.63,1561.92
10543,RSV00012372,2024-11-09,2024-11-15,6,693.83,216.78,910.61
10544,RSV00012373,2024-09-25,2024-10-01,6,501.84,107.0,608.84
10545,RSV00012374,2025-05-06,2025-05-13,7,783.32,227.32,1010.64
10546,RSV00012375,2025-02-24,2025-02-26,2,169.25,58.66,227.91
10547,RSV00012378,2026-01-03,2026-01-07,4,592.2,118.02,710.22
10548,RSV00012379,2026-06-18,2026-06-24,6,390.9,74.83,465.73
10549,RSV00012380,2025-02-25,2025-03-04,7,1089.44,121.88,1211.32
10550,RSV00012382,2024-11-03,2024-11-08,5,80.48,125.61,206.09
10551,RSV00012383,2026-05-09,2026-05-11,2,1414.5,166.96,1581.46
10552,RSV00012384,2024-09-08,2024-09-09,1,1149.03,238.94,1387.97
10553,RSV00012385,2025-07-05,2025-07-10,5,1171.86,180.07,1351.93
10554,RSV00012386,2024-08-26,2024-09-02,7,901.48,87.28,988.76
10555,RSV00012388,2025-06-24,2025-06-25,1,359.19,244.91,604.1
10556,RSV00012389,2024-12-27,2025-01-03,7,981.8,96.12,1077.92
10557,RSV00012390,2026-03-05,2026-03-12,7,641.37,51.74,693.11
10558,RSV00012391,2025-08-10,2025-08-12,2,612.19,216.69,828.88
10559,RSV00012392,2024-11-26,2024-11-27,1,1298.67,23.0,1321.67
10560,RSV00012393,2026-04-21,2026-04-25,4,501.39,211.85,713.24
10561,RSV00012395,2025-12-04,2025-12-07,3,280.92,134.42,415.34
10562,RSV00012396,2025-06-29,2025-07-03,4,1119.04,220.42,1339.46
10563,RSV00012397,2025-03-31,2025-04-06,6,974.66,187.61,1162.27
10564,RSV00012398,2026-07-17,2026-07-22,5,302.15,191.31,493.46
10565,RSV00012400,2024-10-09,2024-10-10,1,961.82,163.53,1125.35
10566,RSV00012401,2025-02-20,2025-02-25,5,965.97,133.46,1099.43
10567,RSV00012402,2025-03-30,2025-03-31,1,88.32,36.76,125.08
10568,RSV00012403,2026-04-27,2026-05-02,5,85.66,148.15,233.81
10569,RSV00012404,2026-03-02,2026-03-04,2,662.69,55.61,718.3
10570,RSV00012405,2025-05-01,2025-05-07,6,341.71,127.43,469.14
10571,RSV00012406,2024-12-19,2024-12-20,1,520.64,105.77,626.41
10572,RSV00012407,2025-10-20,2025-10-26,6,424.76,154.63,579.39
10573,RSV00012408,2025-09-23,2025-09-24,1,1123.56,154.6,1278.16
10574,RSV00012409,2025-02-14,2025-02-21,7,503.0,15.76,518.76
10575,RSV00012410,2025-05-14,2025-05-18,4,1370.56,31.03,1401.59
10576,RSV00012411,2025-11-28,2025-11-30,2,200.98,116.65,317.63
10577,RSV00012412,2026-01-19,2026-01-23,4,513.89,33.88,547.77
10578,RSV00012413,2025-01-02,2025-01-08,6,1332.66,167.46,1500.12
10579,RSV00012414,2025-02-13,2025-02-15,2,1478.09,56.55,1534.64
10580,RSV00012416,2024-12-14,2024-12-20,6,984.83,63.63,1048.46
10581,RSV00012417,2025-01-23,2025-01-25,2,1015.58,140.59,1156.17
10582,RSV00012418,2024-11-01,2024-11-04,3,776.88,89.31,866.19
10583,RSV00012419,2024-09-04,2024-09-07,3,1119.42,190.97,1310.39
10584,RSV00012420,2024-11-18,2024-11-24,6,350.17,81.82,431.99
10585,RSV00012421,2026-04-16,2026-04-22,6,712.37,189.03,901.4
10586,RSV00012422,2024-08-09,2024-08-13,4,394.62,144.25,538.87
10587,RSV00012423,2025-05-15,2025-05-20,5,1288.78,228.96,1517.74
10588,RSV00012424,2025-11-07,2025-11-13,6,692.43,195.81,888.24
10589,RSV00012425,2025-02-08,2025-02-15,7,974.87,144.06,1118.93
10590,RSV00012426,2024-12-10,2024-12-12,2,93.2,76.64,169.84
10591,RSV00012427,2025-12-03,2025-12-07,4,1401.1,224.48,1625.58
10592,RSV00012428,2025-10-29,2025-11-05,7,289.08,84.07,373.15
10593,RSV00012429,2024-11-30,2024-12-01,1,606.63,132.61,739.24
10594,RSV00012430,2026-04-12,2026-04-19,7,300.64,53.59,354.23
10595,RSV00012431,2024-07-28,2024-07-30,2,281.93,34.71,316.64
10596,RSV00012432,2024-06-29,2024-07-01,2,670.62,12.47,683.09
10597,RSV00012434,2024-08-06,2024-08-09,3,580.36,60.54,640.9
10598,RSV00012435,2024-12-14,2024-12-17,3,1450.7,4.17,1454.87
10599,RSV00012436,2025-07-30,2025-08-02,3,1077.18,13.29,1090.47
10600,RSV00012437,2024-08-04,2024-08-10,6,702.88,207.04,909.92
10601,RSV00012438,2024-06-03,2024-06-04,1,1405.91,206.37,1612.28
10602,RSV00012440,2025-02-28,2025-03-03,3,1479.23,238.98,1718.21
10603,RSV00012441,2025-02-03,2025-02-10,7,592.66,33.23,625.89
10604,RSV00012442,2025-01-09,2025-01-13,4,1363.22,51.98,1415.2
10605,RSV00012443,2024-12-19,2024-12-24,5,576.16,173.72,749.88
10606,RSV00012444,2025-03-29,2025-04-03,5,575.62,240.81,816.43
10607,RSV00012445,2025-10-12,2025-10-19,7,1494.69,231.69,1726.38
10608,RSV00012446,2025-01-31,2025-02-03,3,527.44,92.21,619.65
10609,RSV00012447,2024-10-18,2024-10-22,4,448.67,217.67,666.34
10610,RSV00012448,2024-11-27,2024-11-30,3,1305.05,66.55,1371.6
10611,RSV00012449,2025-01-15,2025-01-16,1,841.9,130.64,972.54
10612,RSV00012450,2024-08-26,2024-09-01,6,1053.84,161.67,1215.51
10613,RSV00012452,2024-11-15,2024-11-22,7,1210.75,106.27,1317.02
10614,RSV00012453,2025-08-12,2025-08-19,7,994.74,248.59,1243.33
10615,RSV00012454,2025-09-14,2025-09-19,5,753.79,24.74,778.53
10616,RSV00012455,2025-04-10,2025-04-16,6,702.47,59.16,761.63
10617,RSV00012456,2025-01-31,2025-02-07,7,752.18,56.79,808.97
10618,RSV00012457,2025-10-14,2025-10-18,4,956.36,1.18,957.54
10619,RSV00012458,2026-06-30,2026-07-03,3,432.33,188.06,620.39
10620,RSV00012461,2024-12-26,2024-12-29,3,1258.04,163.99,1422.03
10621,RSV00012462,2025-11-17,2025-11-19,2,1203.91,84.26,1288.17
10622,RSV00012463,2024-09-22,2024-09-26,4,669.16,162.82,831.98
10623,RSV00012464,2025-02-17,2025-02-24,7,96.98,169.91,266.89
10624,RSV00012465,2025-03-10,2025-03-14,4,1100.94,100.3,1201.24
10625,RSV00012466,2025-11-27,2025-12-04,7,119.87,164.32,284.19
10626,RSV00012469,2024-12-30,2025-01-03,4,305.26,75.96,381.22
10627,RSV00012470,2024-07-31,2024-08-03,3,293.81,166.09,459.9
10628,RSV00012471,2025-04-18,2025-04-24,6,1441.18,89.89,1531.07
10629,RSV00012472,2026-04-20,2026-04-26,6,454.78,189.88,644.66
10630,RSV00012473,2025-04-27,2025-04-28,1,530.59,21.8,552.39
10631,RSV00012474,2025-01-09,2025-01-15,6,958.15,144.9,1103.05
10632,RSV00012477,2026-03-26,2026-03-29,3,262.0,102.11,364.11
10633,RSV00012478,2025-06-23,2025-06-26,3,1123.14,56.0,1179.14
10634,RSV00012479,2025-10-20,2025-10-22,2,1290.24,154.85,1445.09
10635,RSV00012481,2025-12-09,2025-12-12,3,1383.4,204.17,1587.57
10636,RSV00012482,2025-08-02,2025-08-05,3,242.36,175.11,417.47
10637,RSV00012483,2025-10-19,2025-10-26,7,1223.29,184.23,1407.52
10638,RSV00012484,2026-02-21,2026-02-24,3,532.07,117.03,649.1
10639,RSV00012485,2026-04-06,2026-04-07,1,294.93,187.15,482.08
10640,RSV00012486,2025-07-26,2025-08-01,6,511.42,143.82,655.24
10641,RSV00012487,2024-12-30,2024-12-31,1,664.37,203.1,867.47
10642,RSV00012488,2024-11-13,2024-11-15,2,1494.08,117.82,1611.9
10643,RSV00012489,2026-03-21,2026-03-27,6,1253.02,86.19,1339.21
10644,RSV00012490,2024-10-30,2024-11-06,7,1092.08,213.4,1305.48
10645,RSV00012491,2026-05-12,2026-05-13,1,553.07,166.71,719.78
10646,RSV00012492,2026-05-24,2026-05-28,4,1195.5,19.73,1215.23
10647,RSV00012493,2025-11-15,2025-11-18,3,801.55,247.86,1049.41
10648,RSV00012494,2026-02-13,2026-02-20,7,532.49,85.47,617.96
10649,RSV00012495,2024-09-15,2024-09-22,7,1267.38,233.01,1500.39
10650,RSV00012496,2025-08-06,2025-08-07,1,95.75,214.86,310.61
10651,RSV00012497,2024-12-26,2024-12-29,3,1111.21,222.41,1333.62
10652,RSV00012498,2025-04-19,2025-04-26,7,198.0,78.92,276.92
10653,RSV00012499,2025-12-01,2025-12-05,4,136.59,14.42,151.01
10654,RSV00012500,2024-07-13,2024-07-14,1,934.78,118.61,1053.39
10655,RSV00012501,2025-08-30,2025-09-01,2,915.16,72.94,988.1
10656,RSV00012502,2025-04-13,2025-04-15,2,394.83,98.92,493.75
10657,RSV00012503,2024-08-29,2024-09-01,3,1333.39,5.29,1338.68
10658,RSV00012504,2025-01-06,2025-01-10,4,769.72,82.67,852.39
10659,RSV00012505,2025-08-17,2025-08-19,2,1244.59,123.71,1368.3
10660,RSV00012506,2025-11-12,2025-11-13,1,1495.61,209.03,1704.64
10661,RSV00012507,2024-12-13,2024-12-15,2,1142.88,55.61,1198.49
10662,RSV00012508,2024-06-13,2024-06-15,2,1466.55,11.56,1478.11
10663,RSV00012509,2024-09-03,2024-09-10,7,1327.93,165.8,1493.73
10664,RSV00012510,2026-04-16,2026-04-20,4,491.82,11.67,503.49
10665,RSV00012513,2025-10-26,2025-10-27,1,1019.68,138.18,1157.86
10666,RSV00012514,2025-06-27,2025-07-02,5,971.79,163.49,1135.28
10667,RSV00012516,2026-05-22,2026-05-23,1,336.24,149.07,485.31
10668,RSV00012517,2026-03-31,2026-04-03,3,1463.85,242.95,1706.8
10669,RSV00012518,2025-12-20,2025-12-22,2,550.83,34.52,585.35
10670,RSV00012519,2025-04-23,2025-04-26,3,974.77,66.93,1041.7
10671,RSV00012520,2024-07-06,2024-07-10,4,1359.58,139.78,1499.36
10672,RSV00012521,2024-10-03,2024-10-09,6,732.79,47.29,780.08
10673,RSV00012522,2024-12-01,2024-12-04,3,1354.16,87.44,1441.6
10674,RSV00012523,2025-09-23,2025-09-28,5,1255.12,229.09,1484.21
10675,RSV00012524,2024-06-04,2024-06-11,7,848.69,212.1,1060.79
10676,RSV00012525,2024-07-12,2024-07-16,4,1205.0,15.45,1220.45
10677,RSV00012526,2025-07-21,2025-07-22,1,364.59,146.97,511.56
10678,RSV00012527,2025-09-21,2025-09-25,4,116.2,151.37,267.57
10679,RSV00012528,2024-06-04,2024-06-11,7,625.54,35.43,660.97
10680,RSV00012529,2025-05-06,2025-05-11,5,1326.81,51.36,1378.17
10681,RSV00012530,2025-09-08,2025-09-13,5,1078.79,139.95,1218.74
10682,RSV00012531,2024-09-15,2024-09-20,5,199.96,69.37,269.33
10683,RSV00012532,2025-04-01,2025-04-07,6,273.18,234.13,507.31
10684,RSV00012534,2026-03-13,2026-03-20,7,258.38,229.64,488.02
10685,RSV00012535,2026-04-13,2026-04-16,3,1125.76,97.04,1222.8
10686,RSV00012536,2025-06-29,2025-07-02,3,589.67,179.34,769.01
10687,RSV00012538,2026-03-24,2026-03-26,2,957.44,46.7,1004.14
10688,RSV00012539,2025-01-19,2025-01-20,1,1035.55,194.37,1229.92
10689,RSV00012541,2026-06-05,2026-06-09,4,460.67,208.29,668.96
10690,RSV00012542,2024-10-28,2024-10-30,2,866.03,231.14,1097.17
10691,RSV00012543,2024-12-01,2024-12-06,5,1267.77,48.65,1316.42
10692,RSV00012544,2025-03-14,2025-03-16,2,89.7,26.84,116.54
10693,RSV00012545,2026-01-23,2026-01-25,2,780.54,148.56,929.1
10694,RSV00012547,2026-05-25,2026-05-30,5,813.85,76.96,890.81
10695,RSV00012548,2026-01-21,2026-01-27,6,226.69,100.6,327.29
10696,RSV00012549,2025-06-13,2025-06-19,6,924.6,122.13,1046.73
10697,RSV00012550,2025-06-23,2025-06-29,6,881.44,197.52,1078.96
10698,RSV00012551,2025-09-18,2025-09-19,1,356.09,206.92,563.01
10699,RSV00012554,2026-01-11,2026-01-13,2,1483.24,69.4,1552.64
10700,RSV00012555,2025-07-27,2025-08-01,5,1282.25,161.38,1443.63
10701,RSV00012557,2024-12-21,2024-12-25,4,854.35,110.05,964.4
10702,RSV00012558,2025-03-30,2025-04-04,5,507.31,151.7,659.01
10703,RSV00012559,2024-07-16,2024-07-17,1,570.45,50.46,620.91
10704,RSV00012560,2025-05-26,2025-05-27,1,117.28,212.14,329.42
10705,RSV00012562,2024-12-14,2024-12-16,2,1441.23,129.05,1570.28
10706,RSV00012563,2025-09-14,2025-09-19,5,1319.08,28.75,1347.83
10707,RSV00012564,2024-08-08,2024-08-15,7,1276.34,162.23,1438.57
10708,RSV00012565,2025-02-04,2025-02-05,1,1264.91,117.56,1382.47
10709,RSV00012566,2024-08-14,2024-08-21,7,1028.79,176.46,1205.25
10710,RSV00012567,2024-11-21,2024-11-28,7,959.73,163.2,1122.93
10711,RSV00012568,2024-07-30,2024-08-05,6,286.16,109.84,396.0
10712,RSV00012569,2025-12-26,2026-01-01,6,330.11,35.35,365.46
10713,RSV00012571,2025-07-25,2025-07-29,4,1043.36,114.95,1158.31
10714,RSV00012572,2025-02-11,2025-02-15,4,821.71,156.89,978.6
10715,RSV00012573,2024-10-08,2024-10-09,1,1200.56,131.83,1332.39
10716,RSV00012574,2025-04-10,2025-04-14,4,1181.91,182.86,1364.77
10717,RSV00012575,2024-12-20,2024-12-24,4,237.34,129.29,366.63
10718,RSV00012576,2025-01-20,2025-01-24,4,573.64,22.03,595.67
10719,RSV00012577,2025-12-24,2025-12-28,4,721.11,45.89,767.0
10720,RSV00012578,2024-12-29,2024-12-30,1,1441.1,201.25,1642.35
10721,RSV00012579,2025-07-17,2025-07-20,3,1207.91,209.51,1417.42
10722,RSV00012580,2025-09-10,2025-09-17,7,762.3,243.19,1005.49
10723,RSV00012581,2025-07-10,2025-07-11,1,570.59,116.2,686.79
10724,RSV00012582,2026-03-28,2026-03-31,3,508.0,106.67,614.67
10725,RSV00012583,2025-04-28,2025-04-30,2,1216.85,16.58,1233.43
10726,RSV00012584,2024-11-16,2024-11-20,4,1036.69,137.2,1173.89
10727,RSV00012585,2025-07-01,2025-07-07,6,186.07,163.14,349.21
10728,RSV00012586,2025-03-19,2025-03-20,1,1106.9,80.78,1187.68
10729,RSV00012587,2026-01-28,2026-01-30,2,1276.6,211.78,1488.38
10730,RSV00012588,2025-07-01,2025-07-03,2,734.94,157.84,892.78
10731,RSV00012589,2025-04-18,2025-04-19,1,886.64,238.94,1125.58
10732,RSV00012590,2025-06-05,2025-06-09,4,818.77,201.66,1020.43
10733,RSV00012591,2026-04-08,2026-04-13,5,397.16,25.94,423.1
10734,RSV00012592,2024-08-25,2024-08-28,3,465.02,91.53,556.55
10735,RSV00012593,2024-07-23,2024-07-25,2,376.17,32.3,408.47
10736,RSV00012594,2026-02-21,2026-02-25,4,329.11,161.47,490.58
10737,RSV00012595,2024-09-30,2024-10-06,6,1193.03,204.82,1397.85
10738,RSV00012596,2024-10-28,2024-10-30,2,1286.15,97.95,1384.1
10739,RSV00012598,2026-05-15,2026-05-22,7,140.51,231.81,372.32
10740,RSV00012599,2026-02-22,2026-02-25,3,1153.78,191.62,1345.4
10741,RSV00012600,2026-01-21,2026-01-24,3,1294.54,70.8,1365.34
10742,RSV00012601,2025-07-02,2025-07-04,2,183.17,227.7,410.87
10743,RSV00012602,2026-02-25,2026-02-26,1,547.45,216.69,764.14
10744,RSV00012603,2024-08-07,2024-08-10,3,858.71,25.52,884.23
10745,RSV00012604,2025-02-14,2025-02-18,4,1036.49,67.25,1103.74
10746,RSV00012605,2025-07-30,2025-08-02,3,737.64,68.98,806.62
10747,RSV00012606,2026-04-20,2026-04-24,4,1333.52,129.45,1462.97
10748,RSV00012607,2026-03-07,2026-03-13,6,1108.79,165.14,1273.93
10749,RSV00012608,2025-10-24,2025-10-25,1,1119.36,199.28,1318.64
10750,RSV00012610,2025-05-18,2025-05-19,1,295.05,51.93,346.98
10751,RSV00012611,2024-09-12,2024-09-19,7,798.14,54.44,852.58
10752,RSV00012612,2025-07-28,2025-07-29,1,527.26,211.94,739.2
10753,RSV00012614,2026-02-28,2026-03-05,5,867.66,238.63,1106.29
10754,RSV00012615,2026-06-06,2026-06-07,1,1345.01,7.29,1352.3
10755,RSV00012616,2024-10-16,2024-10-17,1,1294.07,174.41,1468.48
10756,RSV00012618,2025-10-31,2025-11-07,7,1386.87,100.98,1487.85
10757,RSV00012620,2025-12-29,2025-12-30,1,679.18,2.22,681.4
10758,RSV00012621,2025-06-15,2025-06-20,5,1183.32,115.67,1298.99
10759,RSV00012622,2025-12-13,2025-12-19,6,916.67,21.46,938.13
10760,RSV00012623,2025-03-15,2025-03-20,5,388.25,63.07,451.32
10761,RSV00012624,2024-11-03,2024-11-05,2,1494.12,65.86,1559.98
10762,RSV00012625,2026-01-31,2026-02-05,5,145.73,20.31,166.04
10763,RSV00012626,2025-08-28,2025-09-02,5,388.39,218.32,606.71
10764,RSV00012628,2024-12-05,2024-12-12,7,1385.49,245.15,1630.64
10765,RSV00012629,2025-03-09,2025-03-16,7,1057.0,57.74,1114.74
10766,RSV00012630,2024-09-26,2024-09-29,3,304.29,40.24,344.53
10767,RSV00012631,2025-12-04,2025-12-09,5,1281.3,73.03,1354.33
10768,RSV00012632,2025-04-29,2025-05-01,2,1052.05,170.37,1222.42
10769,RSV00012633,2026-04-08,2026-04-12,4,152.61,145.19,297.8
10770,RSV00012634,2026-05-08,2026-05-10,2,1424.87,210.03,1634.9
10771,RSV00012635,2024-09-13,2024-09-15,2,1225.18,39.05,1264.23
10772,RSV00012636,2025-03-22,2025-03-29,7,564.65,66.71,631.36
10773,RSV00012637,2024-08-30,2024-09-03,4,174.72,51.13,225.85
10774,RSV00012638,2025-05-31,2025-06-01,1,631.19,165.0,796.19
10775,RSV00012639,2026-03-23,2026-03-30,7,757.75,246.34,1004.09
10776,RSV00012640,2025-11-18,2025-11-21,3,271.93,108.1,380.03
10777,RSV00012641,2026-04-22,2026-04-25,3,118.22,149.24,267.46
10778,RSV00012642,2025-04-27,2025-04-29,2,1089.57,208.24,1297.81
10779,RSV00012645,2025-05-01,2025-05-05,4,436.92,17.09,454.01
10780,RSV00012646,2026-06-12,2026-06-13,1,873.72,135.58,1009.3
10781,RSV00012647,2026-04-11,2026-04-17,6,408.09,231.05,639.14
10782,RSV00012648,2026-04-23,2026-04-27,4,1186.25,134.91,1321.16
10783,RSV00012649,2024-06-21,2024-06-28,7,1019.95,132.96,1152.91
10784,RSV00012650,2024-10-29,2024-10-31,2,481.37,164.99,646.36
10785,RSV00012651,2026-01-04,2026-01-06,2,1429.94,33.68,1463.62
10786,RSV00012652,2026-04-15,2026-04-22,7,344.87,39.63,384.5
10787,RSV00012653,2026-05-22,2026-05-29,7,686.43,194.39,880.82
10788,RSV00012654,2024-07-17,2024-07-20,3,561.7,2.9,564.6
10789,RSV00012655,2026-04-06,2026-04-12,6,531.78,36.73,568.51
10790,RSV00012656,2026-05-16,2026-05-21,5,232.66,103.21,335.87
10791,RSV00012657,2024-11-06,2024-11-11,5,1390.02,91.77,1481.79
10792,RSV00012658,2025-08-08,2025-08-13,5,1319.45,216.32,1535.77
10793,RSV00012659,2024-08-30,2024-09-02,3,1196.03,141.63,1337.66
10794,RSV00012660,2025-08-31,2025-09-06,6,1175.22,75.71,1250.93
10795,RSV00012661,2024-07-20,2024-07-23,3,150.8,127.8,278.6
10796,RSV00012662,2025-09-13,2025-09-16,3,1476.75,174.32,1651.07
10797,RSV00012663,2025-02-22,2025-02-23,1,116.78,81.72,198.5
10798,RSV00012664,2025-08-12,2025-08-17,5,919.24,173.23,1092.47
10799,RSV00012665,2025-11-07,2025-11-11,4,1034.95,35.85,1070.8
10800,RSV00012666,2025-06-24,2025-06-25,1,482.59,154.59,637.18
10801,RSV00012667,2024-11-14,2024-11-20,6,1089.64,7.25,1096.89
10802,RSV00012669,2025-08-06,2025-08-07,1,1020.15,100.13,1120.28
10803,RSV00012670,2025-05-08,2025-05-14,6,675.22,5.65,680.87
10804,RSV00012671,2025-01-04,2025-01-07,3,637.12,153.99,791.11
10805,RSV00012673,2024-08-12,2024-08-17,5,1399.17,129.02,1528.19
10806,RSV00012674,2025-11-27,2025-11-28,1,1036.92,6.83,1043.75
10807,RSV00012675,2025-03-04,2025-03-09,5,627.76,121.96,749.72
10808,RSV00012677,2025-12-09,2025-12-12,3,352.48,247.12,599.6
10809,RSV00012678,2025-12-09,2025-12-11,2,414.57,109.39,523.96
10810,RSV00012679,2025-03-15,2025-03-22,7,537.01,69.83,606.84
10811,RSV00012682,2025-08-09,2025-08-14,5,1044.56,0.91,1045.47
10812,RSV00012683,2026-01-31,2026-02-01,1,104.37,113.09,217.46
10813,RSV00012684,2025-10-22,2025-10-28,6,1252.02,47.46,1299.48
10814,RSV00012687,2026-03-04,2026-03-08,4,1024.29,245.44,1269.73
10815,RSV00012688,2024-08-20,2024-08-22,2,250.14,189.11,439.25
10816,RSV00012689,2025-09-24,2025-09-29,5,563.51,36.19,599.7
10817,RSV00012691,2026-07-04,2026-07-06,2,370.11,46.72,416.83
10818,RSV00012693,2026-01-05,2026-01-10,5,901.82,61.84,963.66
10819,RSV00012695,2026-04-19,2026-04-21,2,1202.12,206.46,1408.58
10820,RSV00012696,2026-05-02,2026-05-07,5,1080.93,51.91,1132.84
10821,RSV00012697,2025-09-18,2025-09-24,6,1206.08,159.55,1365.63
10822,RSV00012698,2025-10-15,2025-10-19,4,255.47,95.29,350.76
10823,RSV00012699,2026-04-04,2026-04-11,7,705.63,13.43,719.06
10824,RSV00012700,2026-04-08,2026-04-10,2,748.9,84.33,833.23
10825,RSV00012701,2025-01-02,2025-01-08,6,632.1,87.2,719.3
10826,RSV00012702,2025-04-03,2025-04-08,5,1437.43,102.4,1539.83
10827,RSV00012703,2025-07-31,2025-08-06,6,1248.3,232.69,1480.99
10828,RSV00012704,2025-11-19,2025-11-24,5,919.83,187.58,1107.41
10829,RSV00012705,2024-06-24,2024-06-29,5,1096.41,87.9,1184.31
10830,RSV00012706,2024-11-19,2024-11-26,7,426.27,4.46,430.73
10831,RSV00012707,2026-06-17,2026-06-24,7,387.8,225.21,613.01
10832,RSV00012708,2024-10-10,2024-10-11,1,342.92,96.17,439.09
10833,RSV00012709,2026-02-20,2026-02-24,4,342.34,40.27,382.61
10834,RSV00012710,2025-12-22,2025-12-29,7,592.53,109.76,702.29
10835,RSV00012711,2026-05-30,2026-06-03,4,151.17,183.88,335.05
10836,RSV00012712,2026-02-04,2026-02-06,2,456.93,229.15,686.08
10837,RSV00012713,2024-10-02,2024-10-04,2,1134.36,92.02,1226.38
10838,RSV00012714,2024-09-19,2024-09-22,3,1200.09,207.23,1407.32
10839,RSV00012716,2025-11-30,2025-12-04,4,1453.76,191.92,1645.68
10840,RSV00012717,2026-02-19,2026-02-21,2,834.84,187.33,1022.17
10841,RSV00012718,2025-07-29,2025-08-05,7,97.35,190.08,287.43
10842,RSV00012719,2025-01-15,2025-01-21,6,824.44,126.32,950.76
10843,RSV00012720,2024-12-16,2024-12-17,1,150.78,147.61,298.39
10844,RSV00012721,2025-05-31,2025-06-04,4,839.73,126.15,965.88
10845,RSV00012722,2025-05-06,2025-05-10,4,798.02,115.44,913.46
10846,RSV00012723,2024-12-03,2024-12-06,3,1182.19,52.23,1234.42
10847,RSV00012724,2026-03-27,2026-03-28,1,1317.2,239.81,1557.01
10848,RSV00012725,2025-07-03,2025-07-09,6,1318.28,81.29,1399.57
10849,RSV00012726,2026-03-12,2026-03-14,2,335.64,172.85,508.49
10850,RSV00012727,2025-02-28,2025-03-06,6,1083.14,215.76,1298.9
10851,RSV00012728,2024-09-21,2024-09-28,7,1051.8,59.99,1111.79
10852,RSV00012729,2026-05-27,2026-06-01,5,965.84,44.42,1010.26
10853,RSV00012730,2025-05-28,2025-05-31,3,780.13,200.92,981.05
10854,RSV00012731,2025-10-13,2025-10-18,5,735.36,95.41,830.77
10855,RSV00012732,2025-04-17,2025-04-19,2,1087.39,139.93,1227.32
10856,RSV00012734,2024-10-27,2024-11-03,7,640.4,60.68,701.08
10857,RSV00012735,2025-01-05,2025-01-10,5,674.76,73.15,747.91
10858,RSV00012736,2024-11-06,2024-11-11,5,949.98,249.16,1199.14
10859,RSV00012737,2024-11-24,2024-11-28,4,1021.5,38.88,1060.38
10860,RSV00012738,2026-05-05,2026-05-12,7,1180.01,208.27,1388.28
10861,RSV00012739,2026-01-21,2026-01-27,6,1306.81,31.51,1338.32
10862,RSV00012740,2024-09-15,2024-09-17,2,1409.52,96.23,1505.75
10863,RSV00012741,2024-07-15,2024-07-21,6,1020.95,244.5,1265.45
10864,RSV00012742,2024-07-29,2024-08-05,7,651.26,31.34,682.6
10865,RSV00012743,2025-09-30,2025-10-07,7,1481.28,20.81,1502.09
10866,RSV00012744,2024-09-13,2024-09-15,2,682.16,205.71,887.87
10867,RSV00012745,2025-04-20,2025-04-23,3,989.09,117.59,1106.68
10868,RSV00012746,2024-10-03,2024-10-08,5,1308.63,57.76,1366.39
10869,RSV00012747,2025-10-30,2025-11-03,4,1292.53,152.68,1445.21
10870,RSV00012748,2026-03-12,2026-03-18,6,115.44,131.44,246.88
10871,RSV00012749,2024-06-11,2024-06-14,3,234.47,106.77,341.24
10872,RSV00012750,2025-10-03,2025-10-06,3,851.15,71.52,922.67
10873,RSV00012751,2025-07-03,2025-07-06,3,661.99,86.05,748.04
10874,RSV00012754,2025-02-16,2025-02-21,5,224.75,56.3,281.05
10875,RSV00012755,2025-09-30,2025-10-04,4,1451.28,40.66,1491.94
10876,RSV00012756,2026-04-12,2026-04-15,3,1197.48,171.68,1369.16
10877,RSV00012758,2025-10-29,2025-11-05,7,158.19,89.7,247.89
10878,RSV00012759,2025-07-28,2025-08-01,4,331.07,149.23,480.3
10879,RSV00012761,2025-03-13,2025-03-14,1,729.12,151.01,880.13
10880,RSV00012763,2025-04-15,2025-04-17,2,1348.27,215.14,1563.41
10881,RSV00012764,2025-10-07,2025-10-09,2,327.52,168.34,495.86
10882,RSV00012766,2025-07-31,2025-08-06,6,1185.41,105.06,1290.47
10883,RSV00012768,2026-01-28,2026-01-31,3,501.83,37.51,539.34
10884,RSV00012769,2025-03-15,2025-03-22,7,474.97,150.42,625.39
10885,RSV00012770,2025-08-31,2025-09-01,1,1340.95,39.45,1380.4
10886,RSV00012771,2025-02-06,2025-02-11,5,871.21,81.34,952.55
10887,RSV00012772,2025-10-29,2025-11-01,3,842.19,208.21,1050.4
10888,RSV00012773,2024-10-10,2024-10-16,6,552.7,191.27,743.97
10889,RSV00012774,2025-12-08,2025-12-12,4,148.82,153.19,302.01
10890,RSV00012775,2025-07-20,2025-07-22,2,1488.36,233.78,1722.14
10891,RSV00012776,2024-08-16,2024-08-20,4,1388.58,87.54,1476.12
10892,RSV00012777,2024-07-06,2024-07-08,2,609.28,7.62,616.9
10893,RSV00012778,2024-07-25,2024-07-26,1,1272.55,99.81,1372.36
10894,RSV00012779,2025-09-24,2025-09-29,5,1244.18,188.25,1432.43
10895,RSV00012780,2025-06-01,2025-06-04,3,632.13,56.69,688.82
10896,RSV00012781,2025-04-26,2025-04-27,1,972.18,194.66,1166.84
10897,RSV00012782,2024-07-06,2024-07-08,2,617.73,149.92,767.65
10898,RSV00012783,2024-09-24,2024-09-26,2,335.06,166.64,501.7
10899,RSV00012784,2026-01-01,2026-01-06,5,833.72,219.63,1053.35
10900,RSV00012785,2024-09-27,2024-10-03,6,1442.61,245.61,1688.22
10901,RSV00012786,2025-03-31,2025-04-04,4,691.33,196.96,888.29
10902,RSV00012787,2026-01-19,2026-01-23,4,579.54,86.37,665.91
10903,RSV00012788,2025-03-07,2025-03-09,2,853.04,119.1,972.14
10904,RSV00012789,2025-03-18,2025-03-19,1,555.81,234.92,790.73
10905,RSV00012790,2025-08-05,2025-08-11,6,447.56,67.97,515.53
10906,RSV00012791,2026-05-16,2026-05-17,1,944.34,111.07,1055.41
10907,RSV00012792,2024-09-14,2024-09-20,6,151.61,156.12,307.73
10908,RSV00012793,2024-08-11,2024-08-14,3,990.84,5.25,996.09
10909,RSV00012794,2026-05-11,2026-05-16,5,1067.49,237.61,1305.1
10910,RSV00012795,2024-11-25,2024-12-01,6,1392.25,102.81,1495.06
10911,RSV00012796,2024-08-24,2024-08-30,6,877.21,91.61,968.82
10912,RSV00012797,2025-09-10,2025-09-12,2,465.15,93.76,558.91
10913,RSV00012798,2026-02-27,2026-03-01,2,1397.66,187.62,1585.28
10914,RSV00012799,2024-06-09,2024-06-12,3,887.34,179.79,1067.13
10915,RSV00012801,2024-10-08,2024-10-14,6,277.96,78.24,356.2
10916,RSV00012802,2025-11-13,2025-11-18,5,277.53,146.71,424.24
10917,RSV00012803,2026-05-13,2026-05-15,2,600.03,137.1,737.13
10918,RSV00012804,2026-05-01,2026-05-05,4,172.22,116.69,288.91
10919,RSV00012805,2025-03-21,2025-03-26,5,511.8,213.15,724.95
10920,RSV00012806,2025-03-07,2025-03-08,1,898.67,95.63,994.3
10921,RSV00012807,2025-06-20,2025-06-27,7,802.48,195.14,997.62
10922,RSV00012808,2024-07-16,2024-07-19,3,981.36,84.39,1065.75
10923,RSV00012809,2025-12-07,2025-12-14,7,1307.66,183.29,1490.95
10924,RSV00012810,2024-08-23,2024-08-30,7,1302.69,10.41,1313.1
10925,RSV00012811,2026-03-26,2026-03-27,1,534.55,34.49,569.04
10926,RSV00012813,2025-05-02,2025-05-06,4,822.94,206.05,1028.99
10927,RSV00012816,2024-12-17,2024-12-24,7,1384.24,226.95,1611.19
10928,RSV00012817,2024-08-28,2024-09-01,4,482.32,125.18,607.5
10929,RSV00012818,2025-07-10,2025-07-16,6,668.14,222.41,890.55
10930,RSV00012819,2025-12-14,2025-12-19,5,153.31,10.3,163.61
10931,RSV00012820,2026-06-12,2026-06-17,5,1044.83,214.05,1258.88
10932,RSV00012825,2026-02-19,2026-02-24,5,199.68,35.51,235.19
10933,RSV00012826,2025-01-15,2025-01-16,1,249.82,127.62,377.44
10934,RSV00012827,2025-07-08,2025-07-09,1,541.54,133.46,675.0
10935,RSV00012828,2026-01-18,2026-01-22,4,318.73,125.99,444.72
10936,RSV00012829,2025-12-14,2025-12-18,4,778.77,158.33,937.1
10937,RSV00012830,2024-07-07,2024-07-10,3,1279.58,153.11,1432.69
10938,RSV00012832,2025-02-12,2025-02-15,3,174.76,55.7,230.46
10939,RSV00012833,2025-04-04,2025-04-09,5,376.98,138.18,515.16
10940,RSV00012834,2024-08-23,2024-08-29,6,1280.62,235.22,1515.84
10941,RSV00012835,2024-06-05,2024-06-07,2,216.68,243.16,459.84
10942,RSV00012836,2026-03-10,2026-03-16,6,296.03,124.92,420.95
10943,RSV00012837,2024-10-24,2024-10-26,2,1479.53,178.36,1657.89
10944,RSV00012839,2025-03-28,2025-03-30,2,1425.41,117.42,1542.83
10945,RSV00012842,2024-10-07,2024-10-08,1,322.59,235.45,558.04
10946,RSV00012843,2025-07-17,2025-07-24,7,527.76,84.98,612.74
10947,RSV00012844,2025-02-05,2025-02-10,5,581.7,230.27,811.97
10948,RSV00012845,2025-03-27,2025-03-31,4,108.22,236.72,344.94
10949,RSV00012846,2024-06-18,2024-06-22,4,567.76,118.21,685.97
10950,RSV00012847,2026-05-10,2026-05-12,2,1172.18,162.18,1334.36
10951,RSV00012849,2026-01-19,2026-01-20,1,1066.58,100.05,1166.63
10952,RSV00012851,2026-03-04,2026-03-08,4,747.75,174.53,922.28
10953,RSV00012852,2025-11-16,2025-11-20,4,356.75,51.24,407.99
10954,RSV00012853,2025-02-17,2025-02-23,6,1017.56,42.58,1060.14
10955,RSV00012855,2025-03-27,2025-03-31,4,881.0,212.86,1093.86
10956,RSV00012856,2025-01-10,2025-01-13,3,450.62,131.94,582.56
10957,RSV00012857,2024-11-08,2024-11-09,1,793.82,21.3,815.12
10958,RSV00012858,2026-03-17,2026-03-24,7,1423.27,181.18,1604.45
10959,RSV00012859,2024-07-01,2024-07-08,7,466.97,2.66,469.63
10960,RSV00012860,2024-08-29,2024-08-31,2,378.12,81.65,459.77
10961,RSV00012862,2025-10-05,2025-10-08,3,831.22,0.62,831.84
10962,RSV00012863,2026-06-13,2026-06-19,6,256.89,232.57,489.46
10963,RSV00012864,2025-08-22,2025-08-29,7,799.77,74.23,874.0
10964,RSV00012865,2025-05-19,2025-05-24,5,693.51,225.04,918.55
10965,RSV00012866,2026-05-18,2026-05-25,7,631.74,134.02,765.76
10966,RSV00012868,2025-12-01,2025-12-07,6,248.57,143.59,392.16
10967,RSV00012869,2025-07-06,2025-07-12,6,169.78,105.88,275.66
10968,RSV00012870,2024-06-16,2024-06-20,4,104.51,203.87,308.38
10969,RSV00012871,2025-12-31,2026-01-06,6,191.49,197.19,388.68
10970,RSV00012872,2025-02-20,2025-02-22,2,753.28,171.21,924.49
10971,RSV00012873,2026-02-11,2026-02-17,6,397.23,26.79,424.02
10972,RSV00012874,2025-04-05,2025-04-10,5,1282.43,212.46,1494.89
10973,RSV00012875,2026-06-09,2026-06-13,4,93.94,81.27,175.21
10974,RSV00012876,2024-11-05,2024-11-09,4,1232.73,142.82,1375.55
10975,RSV00012877,2024-08-28,2024-08-29,1,836.46,147.38,983.84
10976,RSV00012878,2025-03-19,2025-03-26,7,718.18,14.01,732.19
10977,RSV00012879,2024-10-14,2024-10-21,7,1278.82,40.72,1319.54
10978,RSV00012880,2024-10-27,2024-10-29,2,1417.06,0.73,1417.79
10979,RSV00012881,2025-04-11,2025-04-14,3,1026.31,90.56,1116.87
10980,RSV00012882,2025-12-25,2025-12-26,1,1301.94,234.4,1536.34
10981,RSV00012884,2025-12-28,2026-01-01,4,892.11,120.24,1012.35
10982,RSV00012885,2024-12-26,2024-12-30,4,822.31,198.87,1021.18
10983,RSV00012886,2024-07-05,2024-07-06,1,1377.07,160.36,1537.43
10984,RSV00012887,2025-04-21,2025-04-26,5,1463.77,34.62,1498.39
10985,RSV00012888,2025-06-04,2025-06-06,2,359.48,230.15,589.63
10986,RSV00012889,2024-10-04,2024-10-06,2,648.51,177.36,825.87
10987,RSV00012890,2025-06-05,2025-06-09,4,126.97,242.63,369.6
10988,RSV00012894,2025-03-02,2025-03-03,1,461.06,215.79,676.85
10989,RSV00012895,2026-04-29,2026-05-04,5,1292.07,87.73,1379.8
10990,RSV00012896,2025-03-28,2025-03-29,1,1092.8,57.04,1149.84
10991,RSV00012897,2025-03-09,2025-03-12,3,1138.24,222.78,1361.02
10992,RSV00012898,2025-06-30,2025-07-01,1,1105.09,211.59,1316.68
10993,RSV00012899,2026-06-27,2026-06-30,3,744.59,154.98,899.57
10994,RSV00012900,2025-02-03,2025-02-08,5,93.58,178.16,271.74
10995,RSV00012901,2025-08-24,2025-08-25,1,1338.47,161.86,1500.33
10996,RSV00012902,2024-08-04,2024-08-11,7,499.11,55.02,554.13
10997,RSV00012903,2024-08-25,2024-08-28,3,1190.12,106.1,1296.22
10998,RSV00012904,2026-01-11,2026-01-17,6,1345.38,72.08,1417.46
10999,RSV00012907,2025-12-22,2025-12-28,6,158.99,63.02,222.01
11000,RSV00012908,2025-10-02,2025-10-04,2,1351.9,229.06,1580.96
11001,RSV00012912,2025-11-13,2025-11-17,4,273.2,218.18,491.38
11002,RSV00012913,2024-07-10,2024-07-15,5,593.56,209.91,803.47
11003,RSV00012914,2025-03-05,2025-03-08,3,1392.09,54.68,1446.77
11004,RSV00012915,2025-04-23,2025-04-24,1,1437.33,187.65,1624.98
11005,RSV00012916,2024-10-21,2024-10-23,2,1167.66,199.26,1366.92
11006,RSV00012917,2025-03-10,2025-03-14,4,1339.9,156.69,1496.59
11007,RSV00012919,2025-04-24,2025-04-28,4,762.0,167.83,929.83
11008,RSV00012920,2025-01-07,2025-01-14,7,1454.09,157.6,1611.69
11009,RSV00012923,2025-06-25,2025-06-27,2,496.89,149.15,646.04
11010,RSV00012925,2025-04-14,2025-04-15,1,242.99,217.25,460.24
11011,RSV00012926,2025-08-25,2025-09-01,7,462.52,83.77,546.29
11012,RSV00012927,2024-07-23,2024-07-25,2,1233.93,117.27,1351.2
11013,RSV00012928,2024-05-29,2024-05-31,2,1160.91,186.01,1346.92
11014,RSV00012929,2024-08-10,2024-08-15,5,160.43,234.62,395.05
11015,RSV00012930,2025-05-06,2025-05-08,2,352.55,6.33,358.88
11016,RSV00012931,2026-03-29,2026-03-30,1,1403.42,207.39,1610.81
11017,RSV00012932,2025-07-09,2025-07-14,5,982.1,67.17,1049.27
11018,RSV00012933,2024-08-11,2024-08-14,3,1077.61,209.37,1286.98
11019,RSV00012934,2026-04-24,2026-04-30,6,1098.63,58.06,1156.69
11020,RSV00012935,2025-11-08,2025-11-13,5,853.57,181.13,1034.7
11021,RSV00012936,2024-09-04,2024-09-07,3,651.06,171.54,822.6
11022,RSV00012937,2025-10-20,2025-10-25,5,601.19,138.7,739.89
11023,RSV00012938,2025-11-07,2025-11-10,3,1064.45,183.14,1247.59
11024,RSV00012939,2026-02-23,2026-02-26,3,1304.89,75.21,1380.1
11025,RSV00012940,2025-12-02,2025-12-09,7,1122.61,119.99,1242.6
11026,RSV00012941,2025-09-24,2025-09-28,4,1356.13,210.42,1566.55
11027,RSV00012942,2026-03-30,2026-04-04,5,1360.47,128.17,1488.64
11028,RSV00012943,2025-08-28,2025-08-31,3,1259.85,93.02,1352.87
11029,RSV00012944,2026-06-15,2026-06-22,7,631.6,76.33,707.93
11030,RSV00012945,2026-05-14,2026-05-17,3,1402.48,182.08,1584.56
11031,RSV00012946,2026-06-09,2026-06-12,3,1225.38,35.37,1260.75
11032,RSV00012947,2024-12-02,2024-12-04,2,1105.74,36.28,1142.02
11033,RSV00012948,2025-09-22,2025-09-29,7,1251.74,32.88,1284.62
11034,RSV00012949,2026-03-14,2026-03-15,1,1211.02,63.83,1274.85
11035,RSV00012950,2025-06-20,2025-06-26,6,542.54,142.06,684.6
11036,RSV00012951,2024-09-26,2024-09-29,3,341.66,167.83,509.49
11037,RSV00012952,2025-07-30,2025-08-03,4,213.23,139.97,353.2
11038,RSV00012953,2026-02-16,2026-02-20,4,1123.1,48.22,1171.32
11039,RSV00012954,2025-11-14,2025-11-19,5,518.75,219.01,737.76
11040,RSV00012955,2024-11-06,2024-11-11,5,364.16,60.44,424.6
11041,RSV00012956,2026-02-18,2026-02-23,5,346.62,44.78,391.4
11042,RSV00012957,2024-09-04,2024-09-08,4,561.05,219.58,780.63
11043,RSV00012958,2026-05-04,2026-05-11,7,1235.6,106.55,1342.15
11044,RSV00012959,2024-10-27,2024-10-28,1,345.13,191.64,536.77
11045,RSV00012960,2026-05-09,2026-05-11,2,891.35,140.81,1032.16
11046,RSV00012962,2024-10-13,2024-10-20,7,1269.06,73.87,1342.93
11047,RSV00012963,2025-08-17,2025-08-19,2,1466.04,248.39,1714.43
11048,RSV00012964,2025-08-23,2025-08-27,4,207.65,134.95,342.6
11049,RSV00012965,2025-07-12,2025-07-19,7,583.88,225.64,809.52
11050,RSV00012967,2025-02-18,2025-02-19,1,724.58,200.74,925.32
11051,RSV00012968,2024-10-31,2024-11-03,3,1339.88,24.42,1364.3
11052,RSV00012969,2025-02-25,2025-02-26,1,970.86,76.14,1047.0
11053,RSV00012971,2025-01-26,2025-01-30,4,1066.73,130.27,1197.0
11054,RSV00012972,2024-06-21,2024-06-25,4,1274.18,242.46,1516.64
11055,RSV00012975,2026-04-01,2026-04-03,2,501.55,62.72,564.27
11056,RSV00012976,2026-03-18,2026-03-22,4,424.24,51.8,476.04
11057,RSV00012977,2025-11-11,2025-11-15,4,1002.88,100.05,1102.93
11058,RSV00012978,2024-10-31,2024-11-05,5,289.04,39.12,328.16
11059,RSV00012980,2024-07-20,2024-07-26,6,1250.26,209.87,1460.13
11060,RSV00012981,2024-10-17,2024-10-18,1,1130.57,96.55,1227.12
11061,RSV00012982,2025-08-01,2025-08-05,4,438.33,126.99,565.32
11062,RSV00012983,2026-06-07,2026-06-12,5,501.04,33.83,534.87
11063,RSV00012984,2024-08-23,2024-08-30,7,609.53,162.12,771.65
11064,RSV00012986,2024-12-08,2024-12-15,7,1197.73,141.23,1338.96
11065,RSV00012987,2025-07-08,2025-07-10,2,665.86,144.68,810.54
11066,RSV00012988,2025-08-28,2025-09-01,4,661.29,171.36,832.65
11067,RSV00012989,2026-06-12,2026-06-16,4,1291.09,105.22,1396.31
11068,RSV00012990,2025-01-17,2025-01-24,7,690.31,25.66,715.97
11069,RSV00012991,2025-11-22,2025-11-25,3,1414.09,68.82,1482.91
11070,RSV00012992,2025-08-09,2025-08-14,5,900.36,134.9,1035.26
11071,RSV00012993,2026-01-11,2026-01-14,3,1057.79,47.69,1105.48
11072,RSV00012995,2026-04-27,2026-04-30,3,612.87,243.29,856.16
11073,RSV00012997,2025-06-19,2025-06-21,2,382.74,244.76,627.5
11074,RSV00012998,2025-12-17,2025-12-18,1,706.0,227.05,933.05
11075,RSV00012999,2025-11-26,2025-11-29,3,463.02,238.28,701.3
11076,RSV00013000,2024-10-26,2024-10-30,4,300.51,123.18,423.69
11077,RSV00013001,2024-07-21,2024-07-26,5,177.24,181.04,358.28
11078,RSV00013002,2025-03-17,2025-03-22,5,606.46,139.44,745.9
11079,RSV00013003,2025-01-03,2025-01-10,7,1236.0,154.15,1390.15
11080,RSV00013005,2024-11-05,2024-11-06,1,1209.01,207.19,1416.2
11081,RSV00013006,2026-05-06,2026-05-12,6,1055.65,30.81,1086.46
11082,RSV00013008,2025-09-11,2025-09-12,1,386.62,158.65,545.27
11083,RSV00013009,2024-09-22,2024-09-23,1,386.06,237.78,623.84
11084,RSV00013010,2026-04-21,2026-04-27,6,1190.52,64.96,1255.48
11085,RSV00013011,2026-02-05,2026-02-08,3,954.82,44.03,998.85
11086,RSV00013012,2026-04-20,2026-04-24,4,502.03,156.85,658.88
11087,RSV00013013,2024-09-07,2024-09-13,6,854.26,152.1,1006.36
11088,RSV00013014,2024-08-22,2024-08-27,5,442.47,2.77,445.24
11089,RSV00013016,2025-06-04,2025-06-11,7,571.32,133.69,705.01
11090,RSV00013017,2025-10-12,2025-10-19,7,498.02,151.7,649.72
11091,RSV00013018,2026-01-08,2026-01-13,5,1132.88,44.28,1177.16
11092,RSV00013019,2025-02-23,2025-02-25,2,153.55,6.42,159.97
11093,RSV00013020,2025-12-29,2025-12-31,2,646.27,178.21,824.48
11094,RSV00013021,2025-06-29,2025-07-04,5,1266.53,67.37,1333.9
11095,RSV00013022,2025-11-04,2025-11-06,2,581.55,30.7,612.25
11096,RSV00013023,2026-05-16,2026-05-17,1,1146.62,59.22,1205.84
11097,RSV00013025,2025-05-23,2025-05-28,5,1483.13,224.68,1707.81
11098,RSV00013026,2024-11-29,2024-12-04,5,1291.82,172.58,1464.4
11099,RSV00013027,2025-05-15,2025-05-17,2,1484.34,61.54,1545.88
11100,RSV00013028,2026-07-04,2026-07-10,6,335.85,62.34,398.19
11101,RSV00013029,2024-08-30,2024-09-05,6,109.74,190.17,299.91
11102,RSV00013030,2024-12-20,2024-12-24,4,159.39,171.61,331.0
11103,RSV00013031,2024-07-10,2024-07-14,4,1216.83,107.79,1324.62
11104,RSV00013032,2025-01-28,2025-01-30,2,1073.98,21.73,1095.71
11105,RSV00013033,2024-11-08,2024-11-12,4,367.84,31.57,399.41
11106,RSV00013034,2024-08-17,2024-08-22,5,855.34,69.05,924.39
11107,RSV00013035,2025-02-26,2025-02-28,2,1464.5,85.85,1550.35
11108,RSV00013037,2025-05-07,2025-05-09,2,305.02,200.64,505.66
11109,RSV00013039,2025-09-09,2025-09-14,5,163.27,245.9,409.17
11110,RSV00013041,2025-01-15,2025-01-17,2,658.55,143.96,802.51
11111,RSV00013042,2024-09-27,2024-10-01,4,837.69,97.67,935.36
11112,RSV00013044,2025-06-05,2025-06-11,6,1478.01,34.28,1512.29
11113,RSV00013045,2024-08-25,2024-08-29,4,279.16,76.22,355.38
11114,RSV00013046,2025-02-19,2025-02-24,5,156.77,13.55,170.32
11115,RSV00013047,2024-12-01,2024-12-02,1,279.57,169.47,449.04
11116,RSV00013049,2026-03-08,2026-03-10,2,391.4,95.87,487.27
11117,RSV00013050,2025-04-14,2025-04-21,7,1016.99,139.88,1156.87
11118,RSV00013051,2024-12-22,2024-12-26,4,190.45,35.09,225.54
11119,RSV00013052,2025-09-10,2025-09-11,1,999.66,151.27,1150.93
11120,RSV00013053,2025-09-15,2025-09-17,2,1125.27,96.78,1222.05
11121,RSV00013054,2025-05-31,2025-06-06,6,141.85,232.43,374.28
11122,RSV00013057,2024-08-15,2024-08-19,4,757.18,31.53,788.71
11123,RSV00013058,2025-04-30,2025-05-03,3,928.63,238.72,1167.35
11124,RSV00013059,2026-05-20,2026-05-27,7,563.68,179.86,743.54
11125,RSV00013060,2024-10-05,2024-10-09,4,879.1,28.71,907.81
11126,RSV00013061,2025-03-31,2025-04-05,5,152.22,215.51,367.73
11127,RSV00013062,2026-02-22,2026-03-01,7,1445.94,73.03,1518.97
11128,RSV00013063,2025-05-05,2025-05-07,2,549.22,237.64,786.86
11129,RSV00013064,2026-06-02,2026-06-07,5,287.54,241.87,529.41
11130,RSV00013065,2026-05-12,2026-05-15,3,1091.67,177.79,1269.46
11131,RSV00013066,2025-05-09,2025-05-13,4,272.96,166.57,439.53
11132,RSV00013067,2025-06-13,2025-06-16,3,751.27,144.78,896.05
11133,RSV00013068,2025-12-05,2025-12-07,2,556.0,226.11,782.11
11134,RSV00013069,2025-05-01,2025-05-02,1,466.18,26.37,492.55
11135,RSV00013071,2025-02-25,2025-02-27,2,422.76,127.78,550.54
11136,RSV00013072,2026-02-09,2026-02-13,4,576.68,162.02,738.7
11137,RSV00013074,2025-11-01,2025-11-08,7,745.56,110.47,856.03
11138,RSV00013075,2026-03-28,2026-04-03,6,930.48,74.92,1005.4
11139,RSV00013076,2025-11-20,2025-11-23,3,391.54,146.92,538.46
11140,RSV00013077,2025-12-07,2025-12-12,5,358.7,74.28,432.98
11141,RSV00013078,2025-02-18,2025-02-24,6,1205.01,177.42,1382.43
11142,RSV00013079,2026-02-16,2026-02-18,2,168.07,69.64,237.71
11143,RSV00013080,2025-06-16,2025-06-23,7,1149.31,201.15,1350.46
11144,RSV00013081,2024-10-21,2024-10-24,3,1437.58,75.1,1512.68
11145,RSV00013082,2025-07-30,2025-08-05,6,575.49,74.98,650.47
11146,RSV00013083,2026-03-27,2026-03-30,3,534.75,91.95,626.7
11147,RSV00013085,2025-02-06,2025-02-07,1,845.68,106.6,952.28
11148,RSV00013086,2025-08-26,2025-08-28,2,276.96,132.53,409.49
11149,RSV00013087,2026-05-10,2026-05-15,5,324.41,160.47,484.88
11150,RSV00013088,2025-10-11,2025-10-14,3,1227.22,166.81,1394.03
11151,RSV00013089,2025-11-27,2025-12-01,4,1261.67,188.46,1450.13
11152,RSV00013090,2025-11-18,2025-11-21,3,469.79,220.88,690.67
11153,RSV00013092,2024-12-30,2024-12-31,1,1087.7,169.72,1257.42
11154,RSV00013093,2025-06-12,2025-06-17,5,775.77,211.45,987.22
11155,RSV00013094,2024-09-06,2024-09-13,7,1156.88,31.81,1188.69
11156,RSV00013095,2025-09-03,2025-09-09,6,853.92,71.58,925.5
11157,RSV00013096,2025-02-17,2025-02-19,2,1369.0,227.67,1596.67
11158,RSV00013097,2024-07-10,2024-07-16,6,1203.77,78.11,1281.88
11159,RSV00013099,2025-12-30,2026-01-04,5,365.06,169.57,534.63
11160,RSV00013102,2024-11-03,2024-11-10,7,516.3,216.75,733.05
11161,RSV00013103,2026-07-05,2026-07-12,7,351.65,232.55,584.2
11162,RSV00013105,2025-07-09,2025-07-11,2,274.64,248.3,522.94
11163,RSV00013106,2026-04-01,2026-04-07,6,406.59,4.02,410.61
11164,RSV00013107,2025-11-22,2025-11-29,7,883.13,81.15,964.28
11165,RSV00013108,2024-09-27,2024-10-03,6,304.22,50.2,354.42
11166,RSV00013110,2024-12-16,2024-12-17,1,217.34,172.12,389.46
11167,RSV00013111,2024-06-24,2024-06-27,3,1261.51,157.83,1419.34
11168,RSV00013112,2024-12-17,2024-12-24,7,1365.79,199.27,1565.06
11169,RSV00013113,2025-03-13,2025-03-19,6,1039.61,36.49,1076.1
11170,RSV00013114,2025-06-25,2025-06-28,3,1377.38,42.38,1419.76
11171,RSV00013115,2026-05-19,2026-05-22,3,224.6,44.39,268.99
11172,RSV00013116,2024-11-25,2024-11-27,2,682.75,139.68,822.43
11173,RSV00013119,2026-03-15,2026-03-17,2,430.41,148.36,578.77
11174,RSV00013120,2026-04-06,2026-04-07,1,358.24,22.74,380.98
11175,RSV00013121,2024-11-15,2024-11-19,4,1482.76,209.52,1692.28
11176,RSV00013122,2026-04-20,2026-04-22,2,927.58,188.46,1116.04
11177,RSV00013123,2024-08-09,2024-08-12,3,1101.73,154.75,1256.48
11178,RSV00013124,2025-11-18,2025-11-22,4,1229.01,230.51,1459.52
11179,RSV00013125,2026-05-31,2026-06-07,7,586.47,81.49,667.96
11180,RSV00013126,2025-03-09,2025-03-12,3,1394.93,80.26,1475.19
11181,RSV00013127,2025-04-25,2025-04-30,5,210.39,85.29,295.68
11182,RSV00013128,2026-02-06,2026-02-10,4,1045.24,148.22,1193.46
11183,RSV00013129,2026-05-02,2026-05-08,6,1205.84,87.15,1292.99
11184,RSV00013131,2025-04-09,2025-04-12,3,327.87,73.89,401.76
11185,RSV00013132,2024-09-16,2024-09-17,1,1339.83,3.41,1343.24
11186,RSV00013133,2024-10-04,2024-10-05,1,1244.28,69.96,1314.24
11187,RSV00013134,2025-01-04,2025-01-11,7,502.66,179.41,682.07
11188,RSV00013135,2025-04-27,2025-04-28,1,1247.07,77.71,1324.78
11189,RSV00013136,2024-10-14,2024-10-16,2,1493.76,121.03,1614.79
11190,RSV00013137,2024-07-21,2024-07-22,1,348.19,74.62,422.81
11191,RSV00013138,2026-01-10,2026-01-11,1,993.75,18.69,1012.44
11192,RSV00013139,2025-07-26,2025-08-01,6,955.21,106.71,1061.92
11193,RSV00013140,2024-12-15,2024-12-17,2,749.37,220.45,969.82
11194,RSV00013141,2026-06-11,2026-06-15,4,942.55,155.7,1098.25
11195,RSV00013142,2026-01-07,2026-01-13,6,1454.31,220.87,1675.18
11196,RSV00013143,2025-09-27,2025-09-30,3,1424.81,127.54,1552.35
11197,RSV00013144,2025-08-03,2025-08-10,7,1168.13,65.82,1233.95
11198,RSV00013145,2026-01-27,2026-01-30,3,145.73,107.75,253.48
11199,RSV00013146,2024-06-23,2024-06-27,4,1294.55,12.18,1306.73
11200,RSV00013147,2026-04-08,2026-04-12,4,1246.06,120.45,1366.51
11201,RSV00013148,2025-03-05,2025-03-09,4,910.39,97.17,1007.56
11202,RSV00013149,2025-05-19,2025-05-26,7,951.44,105.28,1056.72
11203,RSV00013150,2024-11-28,2024-12-01,3,292.03,190.32,482.35
11204,RSV00013151,2025-02-16,2025-02-19,3,645.87,14.04,659.91
11205,RSV00013152,2024-10-23,2024-10-30,7,1363.09,92.67,1455.76
11206,RSV00013153,2025-09-10,2025-09-17,7,899.21,183.2,1082.41
11207,RSV00013154,2026-04-06,2026-04-08,2,352.63,11.99,364.62
11208,RSV00013155,2025-09-21,2025-09-27,6,105.55,181.86,287.41
11209,RSV00013156,2025-04-02,2025-04-08,6,1267.58,76.33,1343.91
11210,RSV00013158,2025-10-11,2025-10-14,3,1057.98,106.87,1164.85
11211,RSV00013159,2026-05-04,2026-05-08,4,734.05,27.35,761.4
11212,RSV00013160,2026-05-29,2026-06-04,6,287.39,228.61,516.0
11213,RSV00013162,2024-07-16,2024-07-21,5,1482.7,235.29,1717.99
11214,RSV00013164,2026-04-15,2026-04-16,1,1419.07,217.32,1636.39
11215,RSV00013165,2024-08-23,2024-08-26,3,956.12,221.53,1177.65
11216,RSV00013166,2026-02-01,2026-02-06,5,1308.65,21.01,1329.66
11217,RSV00013169,2025-02-09,2025-02-11,2,429.46,161.48,590.94
11218,RSV00013170,2025-10-30,2025-11-05,6,1191.43,165.1,1356.53
11219,RSV00013171,2025-09-03,2025-09-04,1,1071.34,156.39,1227.73
11220,RSV00013172,2026-01-22,2026-01-27,5,916.15,9.58,925.73
11221,RSV00013174,2025-11-27,2025-11-30,3,483.73,32.91,516.64
11222,RSV00013176,2024-10-23,2024-10-27,4,301.89,47.68,349.57
11223,RSV00013180,2024-08-02,2024-08-06,4,1455.56,210.08,1665.64
11224,RSV00013181,2025-07-31,2025-08-05,5,304.86,142.64,447.5
11225,RSV00013182,2026-03-24,2026-03-31,7,1306.48,91.85,1398.33
11226,RSV00013183,2024-10-15,2024-10-16,1,873.73,109.16,982.89
11227,RSV00013184,2025-07-29,2025-08-04,6,1237.2,90.47,1327.67
11228,RSV00013186,2025-08-21,2025-08-25,4,251.05,173.17,424.22
11229,RSV00013187,2026-01-25,2026-01-31,6,639.4,249.9,889.3
11230,RSV00013188,2025-09-21,2025-09-24,3,335.47,106.86,442.33
11231,RSV00013189,2024-07-13,2024-07-14,1,362.41,37.62,400.03
11232,RSV00013190,2025-12-22,2025-12-27,5,1280.48,90.28,1370.76
11233,RSV00013191,2024-12-15,2024-12-17,2,324.85,5.93,330.78
11234,RSV00013192,2024-10-12,2024-10-16,4,486.45,212.17,698.62
11235,RSV00013193,2024-10-04,2024-10-07,3,1088.28,218.62,1306.9
11236,RSV00013195,2025-06-04,2025-06-08,4,723.73,219.88,943.61
11237,RSV00013196,2026-03-17,2026-03-24,7,87.9,162.3,250.2
11238,RSV00013198,2026-01-01,2026-01-06,5,425.64,32.99,458.63
11239,RSV00013199,2025-04-14,2025-04-15,1,235.91,174.04,409.95
11240,RSV00013200,2025-07-09,2025-07-14,5,766.6,88.87,855.47
11241,RSV00013201,2026-01-27,2026-01-30,3,946.52,185.96,1132.48
11242,RSV00013202,2025-02-23,2025-03-01,6,1170.47,127.06,1297.53
11243,RSV00013203,2026-02-03,2026-02-09,6,630.07,225.23,855.3
11244,RSV00013204,2024-12-15,2024-12-21,6,1142.96,155.62,1298.58
11245,RSV00013205,2025-03-02,2025-03-07,5,271.71,29.69,301.4
11246,RSV00013206,2024-09-10,2024-09-15,5,1090.25,238.66,1328.91
11247,RSV00013207,2024-08-31,2024-09-03,3,986.35,244.49,1230.84
11248,RSV00013208,2024-11-01,2024-11-07,6,1004.9,63.47,1068.37
11249,RSV00013210,2025-11-03,2025-11-06,3,618.53,29.1,647.63
11250,RSV00013211,2025-08-13,2025-08-15,2,117.27,48.73,166.0
11251,RSV00013212,2025-04-16,2025-04-23,7,1466.77,78.5,1545.27
11252,RSV00013213,2026-07-04,2026-07-09,5,1150.23,157.17,1307.4
11253,RSV00013214,2026-03-09,2026-03-15,6,884.61,89.84,974.45
11254,RSV00013215,2025-03-12,2025-03-16,4,1344.54,177.6,1522.14
11255,RSV00013216,2026-05-02,2026-05-08,6,609.24,32.74,641.98
11256,RSV00013217,2025-12-20,2025-12-26,6,851.08,128.97,980.05
11257,RSV00013218,2025-04-22,2025-04-29,7,1218.75,245.12,1463.87
11258,RSV00013219,2025-10-02,2025-10-05,3,1102.77,142.46,1245.23
11259,RSV00013220,2026-07-04,2026-07-08,4,440.79,28.48,469.27
11260,RSV00013222,2024-06-26,2024-07-02,6,284.05,61.29,345.34
11261,RSV00013223,2026-03-30,2026-04-06,7,1065.34,74.44,1139.78
11262,RSV00013224,2024-10-28,2024-11-04,7,636.84,72.86,709.7
11263,RSV00013225,2026-01-04,2026-01-07,3,925.61,141.55,1067.16
11264,RSV00013226,2026-04-19,2026-04-24,5,215.94,218.29,434.23
11265,RSV00013227,2024-07-31,2024-08-06,6,1221.9,198.29,1420.19
11266,RSV00013231,2025-02-23,2025-02-27,4,460.63,214.84,675.47
11267,RSV00013232,2024-09-14,2024-09-17,3,414.39,98.95,513.34
11268,RSV00013233,2026-03-23,2026-03-26,3,1116.15,170.72,1286.87
11269,RSV00013235,2024-08-21,2024-08-22,1,568.23,98.9,667.13
11270,RSV00013236,2024-12-24,2024-12-28,4,1333.89,55.72,1389.61
11271,RSV00013237,2026-04-14,2026-04-21,7,647.56,182.02,829.58
11272,RSV00013238,2025-05-05,2025-05-10,5,859.3,87.14,946.44
11273,RSV00013239,2025-12-11,2025-12-18,7,1161.34,95.45,1256.79
11274,RSV00013240,2025-12-29,2026-01-02,4,1360.6,210.95,1571.55
11275,RSV00013241,2026-05-18,2026-05-20,2,125.9,89.67,215.57
11276,RSV00013243,2026-02-22,2026-02-25,3,742.99,54.6,797.59
11277,RSV00013244,2026-02-10,2026-02-15,5,1288.85,86.39,1375.24
11278,RSV00013245,2025-01-27,2025-01-30,3,282.41,62.31,344.72
11279,RSV00013246,2025-01-14,2025-01-16,2,208.12,37.92,246.04
11280,RSV00013247,2025-03-21,2025-03-23,2,1458.04,193.37,1651.41
11281,RSV00013248,2024-12-15,2024-12-21,6,589.17,95.69,684.86
11282,RSV00013249,2025-01-08,2025-01-13,5,828.39,149.97,978.36
11283,RSV00013250,2026-07-03,2026-07-04,1,996.99,112.15,1109.14
11284,RSV00013251,2024-11-28,2024-12-05,7,1381.45,58.3,1439.75
11285,RSV00013252,2026-02-14,2026-02-15,1,244.68,74.12,318.8
11286,RSV00013253,2025-03-08,2025-03-14,6,767.9,152.35,920.25
11287,RSV00013254,2025-04-16,2025-04-18,2,190.32,11.98,202.3
11288,RSV00013255,2025-07-23,2025-07-26,3,448.3,197.88,646.18
11289,RSV00013256,2024-08-03,2024-08-09,6,754.72,72.87,827.59
11290,RSV00013258,2025-01-21,2025-01-27,6,981.29,168.48,1149.77
11291,RSV00013259,2026-06-03,2026-06-06,3,1098.72,166.16,1264.88
11292,RSV00013260,2026-01-26,2026-01-27,1,968.26,225.9,1194.16
11293,RSV00013261,2026-04-15,2026-04-17,2,1350.58,214.5,1565.08
11294,RSV00013262,2024-07-05,2024-07-12,7,878.51,213.02,1091.53
11295,RSV00013263,2025-08-21,2025-08-25,4,1321.61,54.8,1376.41
11296,RSV00013265,2025-03-22,2025-03-28,6,823.0,184.11,1007.11
11297,RSV00013266,2026-05-11,2026-05-12,1,1108.35,242.66,1351.01
11298,RSV00013267,2025-05-16,2025-05-18,2,682.29,38.67,720.96
11299,RSV00013268,2024-09-08,2024-09-09,1,1256.23,69.83,1326.06
11300,RSV00013269,2025-09-28,2025-10-04,6,740.33,182.94,923.27
11301,RSV00013270,2024-09-23,2024-09-26,3,1453.21,246.97,1700.18
11302,RSV00013271,2025-06-06,2025-06-07,1,417.89,247.1,664.99
11303,RSV00013272,2025-03-05,2025-03-11,6,450.99,195.66,646.65
11304,RSV00013274,2025-10-27,2025-11-02,6,600.24,196.5,796.74
11305,RSV00013275,2026-05-10,2026-05-12,2,740.9,134.56,875.46
11306,RSV00013277,2025-03-24,2025-03-30,6,270.71,129.09,399.8
11307,RSV00013278,2024-07-17,2024-07-22,5,350.05,129.62,479.67
11308,RSV00013280,2025-06-06,2025-06-07,1,1132.36,187.99,1320.35
11309,RSV00013281,2024-06-02,2024-06-03,1,220.83,98.2,319.03
11310,RSV00013282,2026-05-16,2026-05-23,7,1276.51,89.31,1365.82
11311,RSV00013284,2025-06-06,2025-06-10,4,944.57,9.57,954.14
11312,RSV00013285,2025-07-15,2025-07-22,7,1148.3,138.2,1286.5
11313,RSV00013286,2024-12-26,2024-12-31,5,1010.83,44.61,1055.44
11314,RSV00013287,2025-05-24,2025-05-29,5,1064.02,70.4,1134.42
11315,RSV00013288,2025-07-12,2025-07-13,1,665.98,50.36,716.34
11316,RSV00013289,2025-12-04,2025-12-05,1,623.58,77.06,700.64
11317,RSV00013290,2026-06-09,2026-06-12,3,1351.76,238.26,1590.02
11318,RSV00013291,2025-10-06,2025-10-12,6,1001.16,16.13,1017.29
11319,RSV00013293,2024-08-02,2024-08-05,3,1038.86,78.88,1117.74
11320,RSV00013294,2026-03-26,2026-04-02,7,723.95,93.2,817.15
11321,RSV00013295,2026-04-02,2026-04-08,6,422.63,210.3,632.93
11322,RSV00013296,2025-11-20,2025-11-22,2,188.87,178.21,367.08
11323,RSV00013297,2025-08-02,2025-08-08,6,959.42,170.02,1129.44
11324,RSV00013298,2024-12-02,2024-12-09,7,982.03,127.12,1109.15
11325,RSV00013299,2025-10-12,2025-10-18,6,264.59,27.41,292.0
11326,RSV00013300,2026-04-21,2026-04-24,3,1226.88,92.36,1319.24
11327,RSV00013301,2025-10-13,2025-10-16,3,1351.57,63.48,1415.05
11328,RSV00013303,2024-07-22,2024-07-25,3,176.91,73.25,250.16
11329,RSV00013305,2026-04-11,2026-04-17,6,549.24,159.96,709.2
11330,RSV00013306,2026-06-03,2026-06-04,1,1304.99,210.12,1515.11
11331,RSV00013307,2025-01-01,2025-01-03,2,329.57,235.75,565.32
11332,RSV00013308,2024-10-06,2024-10-10,4,1459.91,6.61,1466.52
11333,RSV00013309,2025-08-22,2025-08-26,4,299.09,129.48,428.57
11334,RSV00013310,2025-07-24,2025-07-27,3,364.8,56.23,421.03
11335,RSV00013311,2024-12-27,2025-01-01,5,346.4,118.42,464.82
11336,RSV00013312,2025-07-20,2025-07-26,6,616.42,44.91,661.33
11337,RSV00013313,2025-10-30,2025-11-04,5,1465.1,29.02,1494.12
11338,RSV00013314,2025-05-01,2025-05-03,2,921.03,141.22,1062.25
11339,RSV00013315,2025-06-11,2025-06-14,3,1479.31,213.45,1692.76
11340,RSV00013316,2025-01-31,2025-02-03,3,514.79,185.63,700.42
11341,RSV00013317,2024-09-06,2024-09-11,5,218.11,72.67,290.78
11342,RSV00013318,2026-01-06,2026-01-12,6,1277.01,12.82,1289.83
11343,RSV00013319,2025-10-11,2025-10-16,5,1154.98,223.53,1378.51
11344,RSV00013320,2024-11-01,2024-11-05,4,521.5,210.36,731.86
11345,RSV00013322,2024-10-03,2024-10-07,4,514.89,118.54,633.43
11346,RSV00013323,2025-06-07,2025-06-12,5,1324.73,182.02,1506.75
11347,RSV00013324,2025-07-16,2025-07-22,6,418.39,135.25,553.64
11348,RSV00013326,2026-06-16,2026-06-18,2,739.43,39.4,778.83
11349,RSV00013328,2025-11-14,2025-11-18,4,892.26,135.39,1027.65
11350,RSV00013329,2024-07-11,2024-07-18,7,1033.59,200.06,1233.65
11351,RSV00013330,2025-07-12,2025-07-15,3,1099.53,205.36,1304.89
11352,RSV00013331,2025-06-15,2025-06-22,7,1387.87,165.45,1553.32
11353,RSV00013332,2024-08-23,2024-08-27,4,223.43,207.86,431.29
11354,RSV00013333,2025-03-16,2025-03-23,7,199.59,231.91,431.5
11355,RSV00013334,2024-07-13,2024-07-17,4,523.03,187.79,710.82
11356,RSV00013335,2026-04-17,2026-04-24,7,781.8,17.6,799.4
11357,RSV00013336,2025-11-15,2025-11-18,3,1330.26,143.02,1473.28
11358,RSV00013337,2025-04-04,2025-04-11,7,804.13,180.33,984.46
11359,RSV00013338,2026-04-14,2026-04-16,2,85.15,158.74,243.89
11360,RSV00013339,2025-09-24,2025-09-25,1,762.76,24.62,787.38
11361,RSV00013340,2025-09-17,2025-09-20,3,536.58,143.72,680.3
11362,RSV00013341,2024-11-07,2024-11-10,3,360.08,119.95,480.03
11363,RSV00013342,2026-01-02,2026-01-09,7,924.86,137.78,1062.64
11364,RSV00013343,2025-08-30,2025-09-05,6,799.77,193.12,992.89
11365,RSV00013344,2025-01-28,2025-02-01,4,795.15,3.77,798.92
11366,RSV00013345,2024-11-24,2024-11-29,5,129.85,40.98,170.83
11367,RSV00013347,2025-05-14,2025-05-18,4,1484.72,212.99,1697.71
11368,RSV00013348,2026-03-21,2026-03-23,2,549.45,22.0,571.45
11369,RSV00013349,2025-12-31,2026-01-01,1,597.98,82.05,680.03
11370,RSV00013350,2024-12-20,2024-12-21,1,844.02,27.73,871.75
11371,RSV00013351,2025-05-14,2025-05-18,4,247.22,174.09,421.31
11372,RSV00013352,2026-04-02,2026-04-09,7,795.38,154.97,950.35
11373,RSV00013353,2024-10-31,2024-11-01,1,355.8,101.9,457.7
11374,RSV00013354,2024-10-19,2024-10-25,6,959.67,242.29,1201.96
11375,RSV00013355,2025-01-14,2025-01-16,2,886.32,217.26,1103.58
11376,RSV00013356,2025-05-06,2025-05-12,6,892.89,27.75,920.64
11377,RSV00013357,2025-04-22,2025-04-28,6,90.94,209.52,300.46
11378,RSV00013358,2025-11-03,2025-11-05,2,709.04,157.77,866.81
11379,RSV00013359,2026-04-13,2026-04-20,7,1223.93,70.67,1294.6
11380,RSV00013360,2025-11-01,2025-11-07,6,756.56,178.6,935.16
11381,RSV00013361,2025-04-13,2025-04-17,4,1446.54,0.72,1447.26
11382,RSV00013362,2024-11-14,2024-11-20,6,883.85,48.95,932.8
11383,RSV00013363,2026-03-22,2026-03-28,6,724.48,73.67,798.15
11384,RSV00013364,2025-03-23,2025-03-27,4,1225.79,227.99,1453.78
11385,RSV00013365,2026-02-17,2026-02-24,7,1461.77,108.09,1569.86
11386,RSV00013366,2026-05-26,2026-06-01,6,88.09,108.2,196.29
11387,RSV00013367,2024-09-16,2024-09-21,5,613.4,192.3,805.7
11388,RSV00013368,2024-07-18,2024-07-23,5,338.44,128.05,466.49
11389,RSV00013369,2026-01-01,2026-01-06,5,1356.18,70.11,1426.29
11390,RSV00013370,2025-05-16,2025-05-22,6,892.8,124.31,1017.11
11391,RSV00013372,2025-08-29,2025-08-30,1,593.53,209.17,802.7
11392,RSV00013373,2026-04-23,2026-04-25,2,190.7,177.49,368.19
11393,RSV00013374,2024-07-14,2024-07-19,5,1314.26,49.96,1364.22
11394,RSV00013375,2025-11-16,2025-11-17,1,983.27,117.78,1101.05
11395,RSV00013376,2026-06-05,2026-06-12,7,238.04,103.58,341.62
11396,RSV00013379,2025-02-27,2025-03-06,7,949.16,231.85,1181.01
11397,RSV00013380,2026-03-01,2026-03-05,4,374.14,38.89,413.03
11398,RSV00013381,2026-04-21,2026-04-25,4,445.08,170.12,615.2
11399,RSV00013382,2024-11-05,2024-11-09,4,366.1,38.65,404.75
11400,RSV00013383,2025-03-12,2025-03-15,3,738.63,49.37,788.0
11401,RSV00013384,2025-04-01,2025-04-02,1,1052.28,201.38,1253.66
11402,RSV00013385,2024-06-23,2024-06-26,3,653.79,77.23,731.02
11403,RSV00013386,2025-09-03,2025-09-09,6,1491.28,148.68,1639.96
11404,RSV00013387,2024-09-10,2024-09-12,2,1485.08,182.89,1667.97
11405,RSV00013388,2025-03-18,2025-03-19,1,1399.31,168.81,1568.12
11406,RSV00013390,2026-05-11,2026-05-14,3,649.1,178.01,827.11
11407,RSV00013392,2025-04-23,2025-04-29,6,1322.96,107.17,1430.13
11408,RSV00013393,2026-05-26,2026-05-27,1,292.3,60.08,352.38
11409,RSV00013394,2026-02-24,2026-02-25,1,1198.63,171.95,1370.58
11410,RSV00013395,2024-07-15,2024-07-17,2,1148.73,230.79,1379.52
11411,RSV00013396,2025-06-25,2025-06-27,2,192.15,20.25,212.4
11412,RSV00013397,2025-09-11,2025-09-16,5,749.48,4.9,754.38
11413,RSV00013398,2026-06-19,2026-06-25,6,983.62,33.37,1016.99
11414,RSV00013399,2026-05-08,2026-05-11,3,937.24,70.6,1007.84
11415,RSV00013400,2026-05-01,2026-05-06,5,264.67,145.77,410.44
11416,RSV00013401,2025-06-13,2025-06-16,3,1367.65,172.21,1539.86
11417,RSV00013402,2024-12-18,2024-12-21,3,408.83,160.48,569.31
11418,RSV00013403,2025-05-30,2025-06-06,7,429.8,113.12,542.92
11419,RSV00013404,2026-02-18,2026-02-22,4,963.49,5.36,968.85
11420,RSV00013405,2025-11-15,2025-11-22,7,961.8,199.41,1161.21
11421,RSV00013406,2026-03-03,2026-03-08,5,1061.99,59.21,1121.2
11422,RSV00013407,2024-10-01,2024-10-02,1,848.69,40.79,889.48
11423,RSV00013408,2025-07-25,2025-07-31,6,1465.39,25.22,1490.61
11424,RSV00013409,2025-08-15,2025-08-19,4,1203.58,108.45,1312.03
11425,RSV00013410,2024-12-10,2024-12-16,6,1219.91,228.77,1448.68
11426,RSV00013411,2025-04-12,2025-04-19,7,1353.51,44.36,1397.87
11427,RSV00013412,2026-01-12,2026-01-17,5,318.45,240.68,559.13
11428,RSV00013413,2024-11-07,2024-11-09,2,508.63,124.74,633.37
11429,RSV00013414,2025-10-18,2025-10-20,2,1170.45,210.19,1380.64
11430,RSV00013415,2025-04-24,2025-05-01,7,1362.21,242.13,1604.34
11431,RSV00013416,2024-12-18,2024-12-20,2,1350.02,216.98,1567.0
11432,RSV00013417,2024-09-06,2024-09-09,3,1033.48,29.65,1063.13
11433,RSV00013418,2025-09-28,2025-10-03,5,597.59,7.72,605.31
11434,RSV00013419,2024-12-10,2024-12-11,1,584.97,141.58,726.55
11435,RSV00013420,2025-11-15,2025-11-21,6,934.13,248.53,1182.66
11436,RSV00013421,2026-04-07,2026-04-10,3,535.87,242.15,778.02
11437,RSV00013422,2025-07-27,2025-07-28,1,191.84,208.72,400.56
11438,RSV00013423,2026-06-17,2026-06-22,5,313.59,228.17,541.76
11439,RSV00013424,2025-11-30,2025-12-02,2,927.16,150.55,1077.71
11440,RSV00013425,2025-08-29,2025-09-03,5,974.12,88.95,1063.07
11441,RSV00013426,2026-06-24,2026-07-01,7,1108.0,36.04,1144.04
11442,RSV00013427,2025-11-25,2025-11-27,2,1452.44,80.97,1533.41
11443,RSV00013428,2025-06-23,2025-06-24,1,480.94,204.93,685.87
11444,RSV00013430,2025-07-15,2025-07-20,5,119.67,178.87,298.54
11445,RSV00013431,2025-04-25,2025-04-29,4,141.94,38.39,180.33
11446,RSV00013433,2026-01-23,2026-01-28,5,246.21,130.53,376.74
11447,RSV00013434,2025-12-28,2026-01-01,4,745.65,182.91,928.56
11448,RSV00013435,2024-07-14,2024-07-15,1,401.92,208.98,610.9
11449,RSV00013436,2024-10-31,2024-11-06,6,848.0,147.41,995.41
11450,RSV00013438,2024-12-28,2025-01-03,6,467.23,178.21,645.44
11451,RSV00013439,2026-03-11,2026-03-13,2,1128.34,162.03,1290.37
11452,RSV00013441,2025-09-22,2025-09-27,5,977.72,148.27,1125.99
11453,RSV00013442,2026-07-02,2026-07-08,6,607.74,50.73,658.47
11454,RSV00013443,2024-11-24,2024-11-25,1,1089.13,154.44,1243.57
11455,RSV00013444,2025-06-18,2025-06-21,3,408.8,26.27,435.07
11456,RSV00013445,2025-11-30,2025-12-04,4,1356.88,30.73,1387.61
11457,RSV00013446,2024-11-04,2024-11-11,7,952.71,223.41,1176.12
11458,RSV00013447,2024-11-09,2024-11-13,4,1456.17,236.29,1692.46
11459,RSV00013448,2025-05-20,2025-05-22,2,681.72,65.06,746.78
11460,RSV00013449,2025-10-02,2025-10-06,4,1479.45,173.37,1652.82
11461,RSV00013450,2026-06-29,2026-06-30,1,518.94,162.24,681.18
11462,RSV00013451,2025-03-19,2025-03-26,7,1004.17,43.52,1047.69
11463,RSV00013452,2026-02-08,2026-02-14,6,152.36,102.67,255.03
11464,RSV00013453,2025-04-20,2025-04-27,7,490.55,99.1,589.65
11465,RSV00013454,2025-04-22,2025-04-28,6,357.22,33.51,390.73
11466,RSV00013455,2025-08-06,2025-08-11,5,593.93,225.95,819.88
11467,RSV00013456,2025-09-10,2025-09-17,7,765.45,111.86,877.31
11468,RSV00013457,2024-09-28,2024-10-01,3,588.77,86.47,675.24
11469,RSV00013458,2025-05-30,2025-06-01,2,1356.99,85.52,1442.51
11470,RSV00013459,2025-09-22,2025-09-26,4,1048.35,158.43,1206.78
11471,RSV00013462,2025-08-07,2025-08-13,6,894.33,210.59,1104.92
11472,RSV00013463,2025-08-26,2025-08-29,3,461.12,5.98,467.1
11473,RSV00013464,2026-04-07,2026-04-14,7,625.63,207.27,832.9
11474,RSV00013465,2025-05-18,2025-05-24,6,989.53,204.72,1194.25
11475,RSV00013466,2025-05-25,2025-05-29,4,337.23,28.97,366.2
11476,RSV00013467,2026-06-01,2026-06-05,4,1082.22,222.91,1305.13
11477,RSV00013468,2025-03-07,2025-03-10,3,808.51,116.13,924.64
11478,RSV00013469,2025-09-21,2025-09-22,1,313.14,153.43,466.57
11479,RSV00013470,2025-09-14,2025-09-18,4,806.77,220.95,1027.72
11480,RSV00013471,2025-09-14,2025-09-21,7,1188.93,222.98,1411.91
11481,RSV00013472,2025-05-03,2025-05-06,3,763.8,41.56,805.36
11482,RSV00013473,2025-03-11,2025-03-17,6,1262.02,78.25,1340.27
11483,RSV00013475,2025-01-14,2025-01-16,2,543.82,48.08,591.9
11484,RSV00013477,2024-11-01,2024-11-08,7,984.56,8.0,992.56
11485,RSV00013478,2024-11-10,2024-11-17,7,320.38,157.89,478.27
11486,RSV00013479,2024-12-01,2024-12-02,1,295.66,114.27,409.93
11487,RSV00013480,2024-08-01,2024-08-07,6,845.84,167.11,1012.95
11488,RSV00013482,2024-08-20,2024-08-22,2,1375.8,154.26,1530.06
11489,RSV00013484,2025-12-29,2025-12-30,1,1313.15,56.26,1369.41
11490,RSV00013485,2026-05-01,2026-05-07,6,880.26,106.48,986.74
11491,RSV00013487,2025-02-14,2025-02-15,1,931.39,2.55,933.94
11492,RSV00013488,2024-11-27,2024-12-01,4,94.87,2.0,96.87
11493,RSV00013489,2025-06-07,2025-06-09,2,599.01,179.17,778.18
11494,RSV00013490,2025-05-09,2025-05-10,1,894.32,16.93,911.25
11495,RSV00013491,2025-03-27,2025-03-31,4,728.18,87.91,816.09
11496,RSV00013492,2026-02-13,2026-02-14,1,1314.53,188.13,1502.66
11497,RSV00013493,2025-09-09,2025-09-10,1,996.57,78.89,1075.46
11498,RSV00013495,2025-12-19,2025-12-22,3,1428.6,194.49,1623.09
11499,RSV00013496,2025-09-29,2025-09-30,1,896.42,89.17,985.59
11500,RSV00013497,2024-12-09,2024-12-10,1,243.81,200.24,444.05
11501,RSV00013498,2025-05-30,2025-06-03,4,961.32,165.34,1126.66
11502,RSV00013499,2025-12-31,2026-01-05,5,1034.79,233.38,1268.17
11503,RSV00013500,2026-05-18,2026-05-20,2,633.57,73.43,707.0
11504,RSV00013502,2025-06-02,2025-06-04,2,1196.7,239.74,1436.44
11505,RSV00013503,2026-01-02,2026-01-09,7,341.15,247.8,588.95
11506,RSV00013504,2025-07-25,2025-08-01,7,948.46,32.26,980.72
11507,RSV00013505,2026-04-02,2026-04-07,5,324.25,49.1,373.35
11508,RSV00013506,2024-08-27,2024-09-02,6,1421.3,8.25,1429.55
11509,RSV00013507,2025-04-04,2025-04-05,1,156.08,29.25,185.33
11510,RSV00013508,2026-03-18,2026-03-21,3,1302.24,4.65,1306.89
11511,RSV00013509,2025-04-08,2025-04-13,5,408.85,145.01,553.86
11512,RSV00013510,2025-07-18,2025-07-19,1,717.72,71.34,789.06
11513,RSV00013511,2024-07-18,2024-07-19,1,1074.39,27.49,1101.88
11514,RSV00013512,2026-05-15,2026-05-21,6,389.62,110.36,499.98
11515,RSV00013513,2025-12-14,2025-12-18,4,461.6,72.26,533.86
11516,RSV00013514,2025-06-26,2025-07-01,5,86.25,132.69,218.94
11517,RSV00013516,2025-07-25,2025-07-30,5,1479.42,13.94,1493.36
11518,RSV00013517,2026-06-10,2026-06-17,7,330.9,174.39,505.29
11519,RSV00013518,2026-01-27,2026-01-30,3,1272.88,210.3,1483.18
11520,RSV00013519,2026-01-09,2026-01-10,1,463.82,242.22,706.04
11521,RSV00013520,2024-09-20,2024-09-24,4,332.28,175.74,508.02
11522,RSV00013521,2026-05-20,2026-05-25,5,410.69,173.98,584.67
11523,RSV00013522,2025-01-25,2025-01-27,2,1370.35,11.27,1381.62
11524,RSV00013523,2026-04-08,2026-04-12,4,139.67,186.71,326.38
11525,RSV00013525,2025-03-29,2025-03-30,1,1152.83,151.99,1304.82
11526,RSV00013527,2024-07-14,2024-07-18,4,1312.09,16.54,1328.63
11527,RSV00013528,2025-11-12,2025-11-13,1,681.42,193.55,874.97
11528,RSV00013529,2025-03-13,2025-03-19,6,868.69,74.02,942.71
11529,RSV00013531,2025-06-19,2025-06-23,4,707.24,224.1,931.34
11530,RSV00013532,2025-02-04,2025-02-06,2,1146.52,101.37,1247.89
11531,RSV00013534,2025-05-31,2025-06-07,7,956.33,126.03,1082.36
11532,RSV00013535,2024-10-17,2024-10-19,2,290.44,137.25,427.69
11533,RSV00013536,2026-06-04,2026-06-08,4,933.25,139.34,1072.59
11534,RSV00013537,2026-05-28,2026-06-03,6,633.93,17.56,651.49
11535,RSV00013538,2026-03-20,2026-03-21,1,1054.44,190.41,1244.85
11536,RSV00013539,2025-09-06,2025-09-12,6,695.72,81.78,777.5
11537,RSV00013540,2025-12-22,2025-12-26,4,819.41,19.15,838.56
11538,RSV00013541,2025-10-23,2025-10-24,1,1437.83,37.22,1475.05
11539,RSV00013543,2024-10-22,2024-10-24,2,348.0,114.93,462.93
11540,RSV00013544,2024-12-26,2024-12-30,4,1074.42,145.59,1220.01
11541,RSV00013545,2025-08-28,2025-08-30,2,622.34,157.39,779.73
11542,RSV00013546,2025-10-15,2025-10-18,3,730.75,169.13,899.88
11543,RSV00013547,2024-08-03,2024-08-09,6,1093.91,167.33,1261.24
11544,RSV00013548,2026-01-07,2026-01-11,4,431.65,28.67,460.32
11545,RSV00013551,2025-11-14,2025-11-18,4,380.39,143.78,524.17
11546,RSV00013552,2025-10-01,2025-10-05,4,1208.52,151.69,1360.21
11547,RSV00013554,2026-07-13,2026-07-16,3,1372.24,188.12,1560.36
11548,RSV00013555,2025-01-04,2025-01-11,7,1151.42,239.14,1390.56
11549,RSV00013556,2026-06-06,2026-06-12,6,1112.67,68.7,1181.37
11550,RSV00013557,2025-06-14,2025-06-16,2,132.67,159.21,291.88
11551,RSV00013558,2025-02-24,2025-03-03,7,553.67,215.87,769.54
11552,RSV00013560,2026-03-19,2026-03-25,6,1089.27,3.1,1092.37
11553,RSV00013561,2025-03-07,2025-03-09,2,551.82,5.61,557.43
11554,RSV00013562,2024-10-19,2024-10-22,3,1201.14,230.04,1431.18
11555,RSV00013563,2025-07-14,2025-07-20,6,525.01,135.07,660.08
11556,RSV00013566,2024-12-29,2024-12-31,2,1370.85,138.74,1509.59
11557,RSV00013568,2026-03-03,2026-03-05,2,107.43,23.84,131.27
11558,RSV00013569,2024-12-01,2024-12-03,2,1409.42,210.48,1619.9
11559,RSV00013571,2025-09-07,2025-09-11,4,181.34,188.18,369.52
11560,RSV00013572,2026-04-13,2026-04-15,2,937.41,185.3,1122.71
11561,RSV00013573,2026-02-06,2026-02-09,3,1234.17,239.57,1473.74
11562,RSV00013574,2025-03-22,2025-03-25,3,384.03,166.43,550.46
11563,RSV00013575,2025-03-05,2025-03-08,3,314.53,55.42,369.95
11564,RSV00013576,2026-04-23,2026-04-30,7,501.96,148.55,650.51
11565,RSV00013577,2025-11-21,2025-11-26,5,1136.45,19.44,1155.89
11566,RSV00013578,2024-06-26,2024-06-27,1,239.2,46.67,285.87
11567,RSV00013580,2025-10-08,2025-10-10,2,1483.84,143.94,1627.78
11568,RSV00013581,2025-02-09,2025-02-11,2,584.78,101.56,686.34
11569,RSV00013582,2024-09-19,2024-09-24,5,1002.18,239.3,1241.48
11570,RSV00013583,2025-10-09,2025-10-15,6,1116.34,7.01,1123.35
11571,RSV00013584,2025-11-06,2025-11-10,4,1251.79,96.55,1348.34
11572,RSV00013585,2025-01-08,2025-01-11,3,1492.37,30.56,1522.93
11573,RSV00013587,2025-01-19,2025-01-25,6,1125.67,166.6,1292.27
11574,RSV00013588,2026-01-27,2026-02-03,7,859.04,2.17,861.21
11575,RSV00013589,2026-04-14,2026-04-18,4,434.95,239.12,674.07
11576,RSV00013590,2026-01-16,2026-01-17,1,755.78,87.09,842.87
11577,RSV00013591,2025-07-17,2025-07-18,1,824.34,116.32,940.66
11578,RSV00013593,2026-03-03,2026-03-04,1,775.09,104.12,879.21
11579,RSV00013594,2025-01-07,2025-01-11,4,374.59,162.76,537.35
11580,RSV00013595,2025-01-30,2025-01-31,1,790.6,79.61,870.21
11581,RSV00013596,2026-05-03,2026-05-10,7,256.24,64.45,320.69
11582,RSV00013597,2025-12-29,2025-12-30,1,871.05,151.83,1022.88
11583,RSV00013598,2026-03-16,2026-03-21,5,369.19,74.54,443.73
11584,RSV00013599,2025-04-06,2025-04-12,6,465.19,85.01,550.2
11585,RSV00013600,2025-04-17,2025-04-23,6,753.53,12.57,766.1
11586,RSV00013601,2025-04-18,2025-04-24,6,1110.48,178.79,1289.27
11587,RSV00013603,2025-03-21,2025-03-24,3,624.82,143.72,768.54
11588,RSV00013604,2025-03-24,2025-03-30,6,916.79,132.37,1049.16
11589,RSV00013605,2024-07-06,2024-07-07,1,507.39,5.21,512.6
11590,RSV00013606,2025-09-26,2025-09-28,2,1371.87,238.86,1610.73
11591,RSV00013607,2026-05-23,2026-05-29,6,669.42,193.04,862.46
11592,RSV00013608,2025-10-28,2025-10-30,2,149.06,249.24,398.3
11593,RSV00013609,2025-02-16,2025-02-20,4,1239.6,66.17,1305.77
11594,RSV00013610,2026-06-05,2026-06-11,6,463.83,57.61,521.44
11595,RSV00013611,2026-02-07,2026-02-14,7,1444.09,5.91,1450.0
11596,RSV00013612,2025-08-31,2025-09-01,1,1009.38,132.78,1142.16
11597,RSV00013615,2025-01-22,2025-01-29,7,355.78,52.98,408.76
11598,RSV00013616,2024-09-30,2024-10-03,3,767.49,248.13,1015.62
11599,RSV00013617,2025-10-14,2025-10-20,6,231.5,31.25,262.75
11600,RSV00013618,2025-10-07,2025-10-09,2,1049.89,39.95,1089.84
11601,RSV00013619,2025-06-07,2025-06-12,5,492.54,183.89,676.43
11602,RSV00013620,2026-01-31,2026-02-05,5,466.12,243.31,709.43
11603,RSV00013621,2025-01-20,2025-01-25,5,653.84,164.36,818.2
11604,RSV00013622,2026-06-21,2026-06-24,3,101.53,152.27,253.8
11605,RSV00013623,2026-03-28,2026-04-02,5,895.31,178.27,1073.58
11606,RSV00013624,2024-09-26,2024-09-27,1,1183.45,123.41,1306.86
11607,RSV00013625,2025-12-24,2025-12-27,3,956.32,17.02,973.34
11608,RSV00013626,2025-09-25,2025-09-30,5,1193.36,99.29,1292.65
11609,RSV00013627,2025-04-02,2025-04-05,3,485.41,53.93,539.34
11610,RSV00013628,2026-02-11,2026-02-13,2,280.28,52.37,332.65
11611,RSV00013629,2026-02-06,2026-02-10,4,542.62,15.74,558.36
11612,RSV00013630,2026-04-03,2026-04-08,5,1172.52,17.07,1189.59
11613,RSV00013631,2024-11-15,2024-11-18,3,1254.79,24.02,1278.81
11614,RSV00013632,2026-02-15,2026-02-22,7,650.24,229.75,879.99
11615,RSV00013634,2026-04-13,2026-04-19,6,106.15,124.44,230.59
11616,RSV00013636,2025-10-04,2025-10-05,1,276.39,129.37,405.76
11617,RSV00013637,2024-12-30,2025-01-05,6,849.47,70.27,919.74
11618,RSV00013638,2024-10-17,2024-10-20,3,1427.18,184.11,1611.29
11619,RSV00013639,2024-10-26,2024-10-27,1,712.84,80.65,793.49
11620,RSV00013640,2024-09-16,2024-09-17,1,845.97,225.18,1071.15
11621,RSV00013642,2026-02-20,2026-02-26,6,528.38,121.43,649.81
11622,RSV00013643,2025-11-07,2025-11-09,2,266.73,220.63,487.36
11623,RSV00013644,2026-05-13,2026-05-19,6,1353.73,206.84,1560.57
11624,RSV00013645,2025-03-14,2025-03-20,6,1170.76,103.33,1274.09
11625,RSV00013646,2024-11-17,2024-11-21,4,588.92,95.09,684.01
11626,RSV00013647,2024-10-06,2024-10-13,7,979.2,221.91,1201.11
11627,RSV00013648,2025-10-05,2025-10-12,7,1037.91,139.14,1177.05
11628,RSV00013649,2025-01-02,2025-01-04,2,131.73,50.86,182.59
11629,RSV00013650,2025-12-07,2025-12-11,4,1052.95,211.36,1264.31
11630,RSV00013651,2024-07-14,2024-07-20,6,740.89,15.8,756.69
11631,RSV00013652,2025-10-11,2025-10-15,4,672.34,157.08,829.42
11632,RSV00013653,2024-07-22,2024-07-27,5,163.27,179.84,343.11
11633,RSV00013654,2026-05-25,2026-05-30,5,1029.49,134.45,1163.94
11634,RSV00013655,2025-05-09,2025-05-12,3,1010.07,175.94,1186.01
11635,RSV00013656,2025-01-27,2025-01-28,1,196.54,6.22,202.76
11636,RSV00013657,2024-12-11,2024-12-14,3,652.77,232.24,885.01
11637,RSV00013658,2024-09-11,2024-09-15,4,1446.47,130.8,1577.27
11638,RSV00013659,2026-03-08,2026-03-10,2,131.16,65.78,196.94
11639,RSV00013660,2025-01-27,2025-01-29,2,1102.04,40.61,1142.65
11640,RSV00013661,2025-04-03,2025-04-06,3,186.89,99.8,286.69
11641,RSV00013662,2025-11-24,2025-11-27,3,490.39,248.93,739.32
11642,RSV00013663,2025-04-27,2025-05-03,6,528.36,109.41,637.77
11643,RSV00013664,2025-06-25,2025-06-27,2,442.15,178.09,620.24
11644,RSV00013665,2024-10-08,2024-10-13,5,1150.76,231.57,1382.33
11645,RSV00013666,2026-01-17,2026-01-18,1,154.74,129.09,283.83
11646,RSV00013667,2025-11-28,2025-12-04,6,905.31,94.93,1000.24
11647,RSV00013668,2025-09-30,2025-10-05,5,722.95,6.73,729.68
11648,RSV00013669,2025-10-10,2025-10-16,6,219.09,103.48,322.57
11649,RSV00013670,2025-03-19,2025-03-21,2,1117.57,210.81,1328.38
11650,RSV00013671,2026-05-25,2026-05-28,3,1227.08,111.93,1339.01
11651,RSV00013673,2025-10-28,2025-10-31,3,1315.91,163.36,1479.27
11652,RSV00013674,2025-01-01,2025-01-04,3,547.48,87.34,634.82
11653,RSV00013675,2025-12-17,2025-12-21,4,1373.14,36.77,1409.91
11654,RSV00013676,2025-09-24,2025-09-28,4,1011.12,203.15,1214.27
11655,RSV00013677,2025-10-26,2025-10-30,4,742.09,204.3,946.39
11656,RSV00013678,2025-12-03,2025-12-10,7,288.84,226.33,515.17
11657,RSV00013679,2026-01-16,2026-01-19,3,186.03,245.23,431.26
11658,RSV00013680,2024-10-15,2024-10-17,2,156.58,220.19,376.77
11659,RSV00013681,2026-04-11,2026-04-13,2,1095.06,98.95,1194.01
11660,RSV00013683,2025-09-15,2025-09-16,1,1056.64,141.51,1198.15
11661,RSV00013684,2024-09-02,2024-09-03,1,837.72,33.88,871.6
11662,RSV00013685,2025-02-19,2025-02-25,6,1217.7,44.55,1262.25
11663,RSV00013686,2026-05-24,2026-05-27,3,1362.43,189.2,1551.63
11664,RSV00013687,2024-08-30,2024-09-06,7,638.81,96.57,735.38
11665,RSV00013688,2025-03-12,2025-03-15,3,843.58,210.17,1053.75
11666,RSV00013690,2026-02-12,2026-02-18,6,1393.94,9.96,1403.9
11667,RSV00013691,2025-11-15,2025-11-21,6,483.87,243.32,727.19
11668,RSV00013693,2024-12-01,2024-12-08,7,1094.99,66.65,1161.64
11669,RSV00013694,2025-08-03,2025-08-06,3,1480.07,20.4,1500.47
11670,RSV00013695,2025-12-18,2025-12-21,3,1037.83,232.19,1270.02
11671,RSV00013696,2026-05-17,2026-05-23,6,875.7,230.34,1106.04
11672,RSV00013697,2025-08-01,2025-08-04,3,1476.18,220.51,1696.69
11673,RSV00013698,2026-01-15,2026-01-19,4,996.5,182.64,1179.14
11674,RSV00013699,2025-05-17,2025-05-20,3,710.67,221.16,931.83
11675,RSV00013700,2024-09-11,2024-09-15,4,193.5,188.03,381.53
11676,RSV00013701,2024-12-03,2024-12-07,4,1158.82,7.56,1166.38
11677,RSV00013702,2025-12-09,2025-12-11,2,324.01,130.02,454.03
11678,RSV00013703,2025-03-21,2025-03-26,5,227.04,196.93,423.97
11679,RSV00013704,2025-11-30,2025-12-04,4,307.29,29.51,336.8
11680,RSV00013705,2025-02-18,2025-02-24,6,551.91,32.36,584.27
11681,RSV00013706,2024-08-18,2024-08-19,1,1453.66,176.97,1630.63
11682,RSV00013707,2025-09-26,2025-09-28,2,151.66,15.91,167.57
11683,RSV00013708,2024-10-19,2024-10-21,2,692.58,11.67,704.25
11684,RSV00013709,2026-01-24,2026-01-28,4,383.15,209.06,592.21
11685,RSV00013710,2025-06-26,2025-06-29,3,1071.11,219.36,1290.47
11686,RSV00013712,2024-10-01,2024-10-06,5,187.79,195.97,383.76
11687,RSV00013714,2026-01-03,2026-01-04,1,1359.95,126.97,1486.92
11688,RSV00013715,2024-07-08,2024-07-15,7,1459.23,197.6,1656.83
11689,RSV00013716,2024-08-17,2024-08-24,7,210.26,82.34,292.6
11690,RSV00013717,2025-10-06,2025-10-12,6,1137.19,207.85,1345.04
11691,RSV00013718,2025-05-11,2025-05-14,3,354.23,130.25,484.48
11692,RSV00013719,2025-05-22,2025-05-29,7,503.73,145.02,648.75
11693,RSV00013721,2024-11-16,2024-11-18,2,1077.8,122.81,1200.61
11694,RSV00013723,2025-01-15,2025-01-18,3,117.92,45.73,163.65
11695,RSV00013724,2025-05-21,2025-05-22,1,427.67,175.35,603.02
11696,RSV00013725,2025-04-04,2025-04-07,3,795.24,21.68,816.92
11697,RSV00013726,2024-07-06,2024-07-12,6,324.06,149.58,473.64
11698,RSV00013727,2026-05-18,2026-05-21,3,1355.51,229.7,1585.21
11699,RSV00013728,2024-09-27,2024-09-29,2,368.08,194.03,562.11
11700,RSV00013731,2024-10-20,2024-10-24,4,996.98,196.12,1193.1
11701,RSV00013732,2026-02-20,2026-02-23,3,349.32,50.77,400.09
11702,RSV00013733,2025-09-22,2025-09-27,5,1358.4,151.55,1509.95
11703,RSV00013734,2025-11-02,2025-11-04,2,923.32,246.5,1169.82
11704,RSV00013735,2025-02-02,2025-02-03,1,350.46,152.37,502.83
11705,RSV00013737,2025-01-24,2025-01-28,4,700.9,232.56,933.46
11706,RSV00013738,2024-12-29,2024-12-30,1,619.2,113.79,732.99
11707,RSV00013740,2024-08-24,2024-08-29,5,1240.47,149.92,1390.39
11708,RSV00013741,2026-02-14,2026-02-20,6,1301.81,226.42,1528.23
11709,RSV00013742,2024-08-12,2024-08-16,4,756.13,216.63,972.76
11710,RSV00013743,2026-01-14,2026-01-20,6,1395.92,140.35,1536.27
11711,RSV00013744,2025-11-21,2025-11-26,5,876.21,168.5,1044.71
11712,RSV00013745,2025-11-07,2025-11-11,4,948.89,197.68,1146.57
11713,RSV00013746,2026-03-20,2026-03-24,4,362.29,71.33,433.62
11714,RSV00013747,2025-11-05,2025-11-06,1,946.8,209.93,1156.73
11715,RSV00013748,2024-10-25,2024-10-30,5,968.1,227.48,1195.58
11716,RSV00013749,2025-09-10,2025-09-13,3,1046.36,197.34,1243.7
11717,RSV00013750,2025-10-29,2025-11-02,4,623.0,178.7,801.7
11718,RSV00013751,2025-02-10,2025-02-11,1,626.69,44.64,671.33
11719,RSV00013752,2025-08-30,2025-09-04,5,238.15,165.54,403.69
11720,RSV00013753,2024-10-08,2024-10-13,5,1323.86,83.91,1407.77
11721,RSV00013754,2025-07-27,2025-07-30,3,1045.9,15.68,1061.58
11722,RSV00013755,2026-03-12,2026-03-19,7,163.41,4.78,168.19
11723,RSV00013757,2024-11-08,2024-11-10,2,1493.98,38.73,1532.71
11724,RSV00013758,2026-03-02,2026-03-06,4,581.52,210.81,792.33
11725,RSV00013759,2025-09-22,2025-09-27,5,693.33,234.72,928.05
11726,RSV00013760,2025-04-28,2025-05-03,5,1265.35,220.81,1486.16
11727,RSV00013761,2025-05-28,2025-05-29,1,1046.99,155.32,1202.31
11728,RSV00013763,2024-06-27,2024-07-01,4,523.67,92.5,616.17
11729,RSV00013764,2024-12-22,2024-12-29,7,497.84,232.58,730.42
11730,RSV00013765,2026-01-27,2026-02-03,7,1137.95,224.5,1362.45
11731,RSV00013767,2025-05-11,2025-05-15,4,1341.82,153.59,1495.41
11732,RSV00013768,2026-02-21,2026-02-23,2,470.82,75.66,546.48
11733,RSV00013769,2025-11-30,2025-12-07,7,1362.15,92.12,1454.27
11734,RSV00013770,2025-07-08,2025-07-10,2,944.35,127.22,1071.57
11735,RSV00013771,2025-02-02,2025-02-09,7,1207.87,79.63,1287.5
11736,RSV00013772,2024-12-30,2024-12-31,1,341.42,220.96,562.38
11737,RSV00013773,2025-08-28,2025-08-31,3,394.32,118.93,513.25
11738,RSV00013774,2025-04-20,2025-04-24,4,1134.6,105.85,1240.45
11739,RSV00013775,2025-07-21,2025-07-23,2,625.66,211.69,837.35
11740,RSV00013776,2024-12-08,2024-12-13,5,533.72,177.5,711.22
11741,RSV00013777,2025-03-02,2025-03-09,7,714.7,240.69,955.39
11742,RSV00013778,2024-08-29,2024-09-05,7,109.13,208.67,317.8
11743,RSV00013779,2025-08-01,2025-08-04,3,1286.68,92.94,1379.62
11744,RSV00013780,2025-04-23,2025-04-26,3,676.92,56.43,733.35
11745,RSV00013781,2025-01-04,2025-01-09,5,514.94,133.46,648.4
11746,RSV00013782,2024-11-09,2024-11-12,3,1071.29,31.6,1102.89
11747,RSV00013783,2026-01-11,2026-01-15,4,947.24,90.2,1037.44
11748,RSV00013784,2025-12-27,2025-12-30,3,989.39,70.89,1060.28
11749,RSV00013785,2025-10-24,2025-10-27,3,818.88,44.6,863.48
11750,RSV00013786,2024-08-02,2024-08-09,7,819.12,102.46,921.58
11751,RSV00013787,2025-03-05,2025-03-07,2,844.1,144.26,988.36
11752,RSV00013788,2025-03-21,2025-03-26,5,271.83,137.08,408.91
11753,RSV00013790,2024-11-27,2024-11-29,2,929.0,89.76,1018.76
11754,RSV00013791,2026-06-08,2026-06-15,7,591.1,184.06,775.16
11755,RSV00013792,2025-01-13,2025-01-20,7,1119.41,85.05,1204.46
11756,RSV00013793,2026-03-06,2026-03-12,6,576.67,248.26,824.93
11757,RSV00013794,2025-09-22,2025-09-26,4,1421.91,199.44,1621.35
11758,RSV00013795,2024-07-20,2024-07-21,1,822.99,152.6,975.59
11759,RSV00013796,2026-06-17,2026-06-22,5,240.18,38.64,278.82
11760,RSV00013797,2025-12-13,2025-12-14,1,339.37,185.63,525.0
11761,RSV00013798,2025-04-21,2025-04-23,2,344.01,69.61,413.62
11762,RSV00013799,2025-11-08,2025-11-10,2,814.94,34.58,849.52
11763,RSV00013801,2025-06-23,2025-06-25,2,1160.44,164.42,1324.86
11764,RSV00013802,2026-06-05,2026-06-09,4,355.92,132.85,488.77
11765,RSV00013803,2026-04-20,2026-04-22,2,1218.63,78.06,1296.69
11766,RSV00013804,2025-11-08,2025-11-09,1,882.8,152.21,1035.01
11767,RSV00013805,2026-03-19,2026-03-22,3,434.93,22.12,457.05
11768,RSV00013806,2025-09-18,2025-09-23,5,655.04,65.53,720.57
11769,RSV00013808,2025-08-04,2025-08-10,6,1038.74,2.54,1041.28
11770,RSV00013809,2024-09-26,2024-10-02,6,910.34,40.26,950.6
11771,RSV00013810,2026-04-22,2026-04-27,5,586.77,245.84,832.61
11772,RSV00013811,2025-12-14,2025-12-20,6,1460.89,85.32,1546.21
11773,RSV00013812,2024-08-30,2024-09-04,5,1309.84,235.37,1545.21
11774,RSV00013813,2026-06-05,2026-06-09,4,511.53,123.86,635.39
11775,RSV00013814,2025-01-19,2025-01-24,5,1371.52,22.39,1393.91
11776,RSV00013815,2026-04-03,2026-04-05,2,1450.5,123.64,1574.14
11777,RSV00013816,2024-09-02,2024-09-09,7,275.05,227.3,502.35
11778,RSV00013817,2025-01-02,2025-01-03,1,1091.55,221.81,1313.36
11779,RSV00013818,2026-05-29,2026-06-04,6,1295.98,205.42,1501.4
11780,RSV00013819,2024-10-28,2024-11-04,7,207.0,214.18,421.18
11781,RSV00013820,2026-05-06,2026-05-12,6,1451.29,26.22,1477.51
11782,RSV00013822,2025-05-16,2025-05-23,7,1436.74,71.31,1508.05
11783,RSV00013823,2026-03-02,2026-03-08,6,132.43,63.83,196.26
11784,RSV00013825,2024-06-06,2024-06-13,7,583.46,23.29,606.75
11785,RSV00013826,2024-09-07,2024-09-13,6,677.33,211.34,888.67
11786,RSV00013827,2025-07-07,2025-07-08,1,1488.08,67.78,1555.86
11787,RSV00013828,2026-01-23,2026-01-28,5,359.91,32.65,392.56
11788,RSV00013831,2025-01-12,2025-01-19,7,810.31,120.88,931.19
11789,RSV00013832,2025-04-16,2025-04-23,7,748.46,14.15,762.61
11790,RSV00013833,2025-06-26,2025-07-03,7,349.58,37.87,387.45
11791,RSV00013834,2025-11-10,2025-11-15,5,297.67,84.21,381.88
11792,RSV00013835,2025-12-30,2026-01-01,2,1350.97,111.8,1462.77
11793,RSV00013836,2024-11-16,2024-11-20,4,1087.9,95.92,1183.82
11794,RSV00013837,2024-09-18,2024-09-24,6,1329.64,61.13,1390.77
11795,RSV00013838,2025-05-01,2025-05-05,4,787.82,51.3,839.12
11796,RSV00013840,2026-02-21,2026-02-24,3,1323.28,128.7,1451.98
11797,RSV00013842,2025-08-29,2025-09-04,6,1262.74,34.0,1296.74
11798,RSV00013843,2025-08-11,2025-08-15,4,794.26,44.62,838.88
11799,RSV00013845,2026-02-05,2026-02-07,2,643.54,10.8,654.34
11800,RSV00013847,2026-02-09,2026-02-12,3,1069.08,40.75,1109.83
11801,RSV00013848,2025-11-08,2025-11-09,1,597.95,103.31,701.26
11802,RSV00013850,2025-07-09,2025-07-16,7,125.13,200.61,325.74
11803,RSV00013851,2025-02-22,2025-02-23,1,1338.93,18.8,1357.73
11804,RSV00013853,2024-11-14,2024-11-20,6,287.92,81.61,369.53
11805,RSV00013854,2024-06-30,2024-07-07,7,1320.47,208.11,1528.58
11806,RSV00013855,2025-09-14,2025-09-20,6,762.64,140.73,903.37
11807,RSV00013856,2025-06-26,2025-07-03,7,609.08,30.43,639.51
11808,RSV00013859,2024-09-15,2024-09-20,5,616.95,234.52,851.47
11809,RSV00013860,2024-08-18,2024-08-19,1,562.73,7.24,569.97
11810,RSV00013861,2024-08-21,2024-08-22,1,512.23,7.78,520.01
11811,RSV00013862,2024-12-31,2025-01-05,5,653.88,92.07,745.95
11812,RSV00013863,2026-05-10,2026-05-12,2,667.68,218.0,885.68
11813,RSV00013864,2026-06-03,2026-06-08,5,952.96,227.26,1180.22
11814,RSV00013865,2025-11-17,2025-11-21,4,137.86,70.16,208.02
11815,RSV00013867,2025-05-30,2025-06-05,6,964.82,138.36,1103.18
11816,RSV00013868,2025-11-09,2025-11-15,6,1256.79,28.67,1285.46
11817,RSV00013870,2026-04-23,2026-04-25,2,1249.83,33.83,1283.66
11818,RSV00013871,2026-05-19,2026-05-21,2,690.83,162.6,853.43
11819,RSV00013872,2024-10-05,2024-10-09,4,1071.64,161.65,1233.29
11820,RSV00013873,2025-10-18,2025-10-22,4,683.17,89.98,773.15
11821,RSV00013874,2024-09-11,2024-09-12,1,1032.68,90.87,1123.55
11822,RSV00013875,2024-07-24,2024-07-28,4,993.56,119.62,1113.18
11823,RSV00013876,2025-01-15,2025-01-17,2,499.15,246.01,745.16
11824,RSV00013877,2025-10-29,2025-11-02,4,891.96,231.15,1123.11
11825,RSV00013878,2026-05-23,2026-05-30,7,856.79,148.32,1005.11
11826,RSV00013879,2025-01-13,2025-01-20,7,730.7,26.32,757.02
11827,RSV00013880,2025-10-13,2025-10-16,3,381.36,25.41,406.77
11828,RSV00013881,2024-07-04,2024-07-07,3,232.79,89.33,322.12
11829,RSV00013882,2026-03-15,2026-03-19,4,151.18,50.17,201.35
11830,RSV00013883,2024-06-19,2024-06-22,3,767.25,92.24,859.49
11831,RSV00013884,2025-08-10,2025-08-12,2,956.54,23.13,979.67
11832,RSV00013885,2026-02-12,2026-02-15,3,1445.09,244.33,1689.42
11833,RSV00013886,2024-08-04,2024-08-09,5,292.45,220.36,512.81
11834,RSV00013887,2026-07-10,2026-07-11,1,794.75,110.02,904.77
11835,RSV00013888,2025-10-23,2025-10-28,5,1198.83,82.49,1281.32
11836,RSV00013889,2025-02-26,2025-03-05,7,827.24,212.66,1039.9
11837,RSV00013890,2025-06-17,2025-06-24,7,595.81,160.12,755.93
11838,RSV00013891,2026-05-16,2026-05-22,6,471.59,137.14,608.73
11839,RSV00013892,2025-12-02,2025-12-09,7,876.13,45.69,921.82
11840,RSV00013893,2025-10-29,2025-11-03,5,1330.12,21.2,1351.32
11841,RSV00013894,2025-12-13,2025-12-19,6,494.49,87.24,581.73
11842,RSV00013897,2026-04-16,2026-04-23,7,882.88,2.23,885.11
11843,RSV00013899,2025-04-30,2025-05-06,6,1039.25,151.17,1190.42
11844,RSV00013900,2026-04-23,2026-04-26,3,769.79,232.81,1002.6
11845,RSV00013901,2025-05-02,2025-05-05,3,1300.48,170.89,1471.37
11846,RSV00013902,2025-05-01,2025-05-08,7,568.72,30.56,599.28
11847,RSV00013903,2025-04-09,2025-04-12,3,1077.98,166.66,1244.64
11848,RSV00013904,2024-11-30,2024-12-07,7,1417.56,102.49,1520.05
11849,RSV00013905,2025-08-11,2025-08-15,4,214.31,114.68,328.99
11850,RSV00013906,2025-03-04,2025-03-08,4,503.09,239.64,742.73
11851,RSV00013907,2025-12-24,2025-12-26,2,1014.49,200.31,1214.8
11852,RSV00013908,2024-07-15,2024-07-19,4,632.41,228.22,860.63
11853,RSV00013909,2025-06-12,2025-06-18,6,1232.14,15.54,1247.68
11854,RSV00013910,2025-05-01,2025-05-02,1,1396.88,124.94,1521.82
11855,RSV00013911,2024-07-12,2024-07-15,3,314.34,73.15,387.49
11856,RSV00013912,2025-12-11,2025-12-18,7,1379.79,122.42,1502.21
11857,RSV00013914,2025-10-11,2025-10-18,7,1095.71,154.14,1249.85
11858,RSV00013917,2025-03-11,2025-03-13,2,814.07,9.03,823.1
11859,RSV00013918,2024-08-02,2024-08-09,7,447.14,198.51,645.65
11860,RSV00013920,2025-05-29,2025-06-05,7,860.68,201.05,1061.73
11861,RSV00013921,2026-05-24,2026-05-26,2,739.6,111.08,850.68
11862,RSV00013922,2025-09-29,2025-10-02,3,1182.14,169.45,1351.59
11863,RSV00013923,2025-05-15,2025-05-17,2,633.67,68.05,701.72
11864,RSV00013924,2026-04-10,2026-04-15,5,1153.17,35.22,1188.39
11865,RSV00013925,2026-04-06,2026-04-13,7,458.35,98.82,557.17
11866,RSV00013926,2026-03-26,2026-03-28,2,412.88,194.07,606.95
11867,RSV00013927,2026-01-25,2026-01-31,6,402.43,5.68,408.11
11868,RSV00013928,2025-01-14,2025-01-15,1,483.53,103.28,586.81
11869,RSV00013929,2024-10-29,2024-11-04,6,188.84,239.87,428.71
11870,RSV00013930,2026-04-16,2026-04-17,1,860.61,242.27,1102.88
11871,RSV00013931,2024-08-25,2024-09-01,7,912.95,240.08,1153.03
11872,RSV00013932,2026-02-24,2026-02-28,4,904.75,18.49,923.24
11873,RSV00013933,2025-02-23,2025-03-02,7,1205.71,216.87,1422.58
11874,RSV00013934,2024-12-22,2024-12-24,2,802.26,74.64,876.9
11875,RSV00013935,2026-05-29,2026-06-03,5,1085.92,173.69,1259.61
11876,RSV00013937,2025-11-18,2025-11-21,3,261.16,172.97,434.13
11877,RSV00013938,2025-08-14,2025-08-20,6,810.41,78.04,888.45
11878,RSV00013939,2025-02-08,2025-02-14,6,1000.94,54.9,1055.84
11879,RSV00013941,2025-02-21,2025-02-26,5,197.0,164.71,361.71
11880,RSV00013943,2025-12-16,2025-12-21,5,1328.69,6.82,1335.51
11881,RSV00013945,2024-09-27,2024-09-28,1,1405.78,50.64,1456.42
11882,RSV00013946,2025-03-03,2025-03-04,1,1491.95,47.87,1539.82
11883,RSV00013947,2024-10-08,2024-10-11,3,209.26,33.96,243.22
11884,RSV00013948,2026-02-11,2026-02-12,1,1405.43,62.71,1468.14
11885,RSV00013949,2025-05-10,2025-05-15,5,1358.27,161.53,1519.8
11886,RSV00013950,2025-10-17,2025-10-22,5,127.25,222.13,349.38
11887,RSV00013951,2026-05-18,2026-05-23,5,715.0,108.37,823.37
11888,RSV00013952,2025-09-22,2025-09-28,6,1337.12,4.54,1341.66
11889,RSV00013954,2025-05-25,2025-05-27,2,403.36,218.24,621.6
11890,RSV00013956,2024-08-26,2024-08-31,5,1331.28,34.28,1365.56
11891,RSV00013957,2026-02-04,2026-02-11,7,725.83,167.97,893.8
11892,RSV00013958,2026-07-01,2026-07-04,3,818.75,114.14,932.89
11893,RSV00013959,2024-07-16,2024-07-21,5,637.35,37.15,674.5
11894,RSV00013960,2026-06-09,2026-06-13,4,1161.09,163.7,1324.79
11895,RSV00013961,2026-03-14,2026-03-15,1,507.53,160.14,667.67
11896,RSV00013962,2025-01-02,2025-01-09,7,186.78,193.33,380.11
11897,RSV00013963,2026-05-09,2026-05-13,4,627.0,221.36,848.36
11898,RSV00013964,2024-06-15,2024-06-17,2,1067.44,18.31,1085.75
11899,RSV00013965,2025-09-01,2025-09-02,1,401.72,156.77,558.49
11900,RSV00013966,2024-12-10,2024-12-14,4,1138.54,85.64,1224.18
11901,RSV00013968,2025-04-28,2025-05-01,3,124.76,242.35,367.11
11902,RSV00013970,2024-06-27,2024-06-29,2,1334.46,22.71,1357.17
11903,RSV00013971,2024-08-09,2024-08-13,4,149.04,28.23,177.27
11904,RSV00013972,2026-04-07,2026-04-14,7,1212.48,180.42,1392.9
11905,RSV00013974,2026-05-18,2026-05-19,1,294.21,165.52,459.73
11906,RSV00013975,2026-04-19,2026-04-21,2,877.89,240.73,1118.62
11907,RSV00013976,2025-03-03,2025-03-08,5,294.73,62.73,357.46
11908,RSV00013977,2024-11-02,2024-11-09,7,933.21,195.02,1128.23
11909,RSV00013979,2024-10-01,2024-10-04,3,973.03,226.71,1199.74
11910,RSV00013980,2025-06-19,2025-06-26,7,1063.04,78.81,1141.85
11911,RSV00013981,2024-07-26,2024-07-29,3,677.93,4.61,682.54
11912,RSV00013982,2024-10-09,2024-10-15,6,211.67,67.21,278.88
11913,RSV00013983,2026-05-20,2026-05-24,4,1435.01,104.29,1539.3
11914,RSV00013985,2025-09-08,2025-09-12,4,609.33,46.86,656.19
11915,RSV00013986,2025-02-19,2025-02-26,7,123.73,229.9,353.63
11916,RSV00013987,2026-07-15,2026-07-17,2,485.93,31.58,517.51
11917,RSV00013988,2026-02-13,2026-02-19,6,423.4,157.66,581.06
11918,RSV00013989,2025-12-08,2025-12-10,2,1379.92,214.37,1594.29
11919,RSV00013990,2026-01-19,2026-01-23,4,966.83,106.17,1073.0
11920,RSV00013992,2025-04-25,2025-04-26,1,667.94,99.34,767.28
11921,RSV00013993,2026-03-29,2026-04-01,3,298.7,28.93,327.63
11922,RSV00013994,2025-05-10,2025-05-17,7,403.33,34.23,437.56
11923,RSV00013995,2025-11-30,2025-12-06,6,690.62,247.21,937.83
11924,RSV00013997,2025-07-07,2025-07-10,3,524.24,242.36,766.6
11925,RSV00013998,2024-12-09,2024-12-16,7,189.39,52.22,241.61
11926,RSV00013999,2025-11-16,2025-11-19,3,720.47,159.39,879.86
11927,RSV00014000,2026-05-01,2026-05-03,2,391.34,211.03,602.37
11928,RSV00014001,2025-11-07,2025-11-12,5,336.62,82.27,418.89
11929,RSV00014003,2026-02-17,2026-02-24,7,188.85,238.28,427.13
11930,RSV00014004,2026-03-08,2026-03-14,6,848.94,244.64,1093.58
11931,RSV00014005,2026-04-06,2026-04-12,6,1474.2,55.5,1529.7
11932,RSV00014007,2025-05-02,2025-05-08,6,344.41,82.17,426.58
11933,RSV00014010,2024-10-02,2024-10-06,4,347.46,95.32,442.78
11934,RSV00014011,2025-08-17,2025-08-19,2,1389.52,125.9,1515.42
11935,RSV00014012,2025-07-31,2025-08-01,1,1385.02,201.7,1586.72
11936,RSV00014013,2024-12-23,2024-12-26,3,1273.92,147.51,1421.43
11937,RSV00014014,2026-03-10,2026-03-12,2,330.09,249.78,579.87
11938,RSV00014015,2025-12-12,2025-12-17,5,1207.64,46.51,1254.15
11939,RSV00014016,2024-10-23,2024-10-24,1,1326.11,232.03,1558.14
11940,RSV00014017,2025-06-13,2025-06-17,4,330.52,249.96,580.48
11941,RSV00014018,2024-09-07,2024-09-08,1,1182.79,17.11,1199.9
11942,RSV00014020,2025-09-13,2025-09-18,5,525.35,230.64,755.99
11943,RSV00014021,2024-06-09,2024-06-10,1,1314.12,169.82,1483.94
11944,RSV00014022,2025-11-13,2025-11-14,1,211.41,70.11,281.52
11945,RSV00014023,2026-04-27,2026-05-02,5,208.3,56.6,264.9
11946,RSV00014024,2025-09-21,2025-09-27,6,274.59,105.92,380.51
11947,RSV00014025,2026-04-22,2026-04-24,2,1272.1,167.48,1439.58
11948,RSV00014026,2025-02-04,2025-02-10,6,677.98,193.71,871.69
11949,RSV00014027,2025-09-05,2025-09-06,1,976.2,104.66,1080.86
11950,RSV00014029,2025-09-12,2025-09-14,2,198.4,240.69,439.09
11951,RSV00014030,2026-04-30,2026-05-05,5,1414.17,50.86,1465.03
11952,RSV00014031,2024-08-24,2024-08-29,5,120.97,108.94,229.91
11953,RSV00014032,2025-12-16,2025-12-17,1,515.12,111.16,626.28
11954,RSV00014033,2024-08-15,2024-08-16,1,1087.58,221.83,1309.41
11955,RSV00014034,2026-01-08,2026-01-15,7,406.11,142.17,548.28
11956,RSV00014035,2024-09-17,2024-09-20,3,415.65,54.82,470.47
11957,RSV00014036,2026-01-28,2026-02-01,4,999.99,112.09,1112.08
11958,RSV00014037,2024-08-06,2024-08-07,1,848.84,113.9,962.74
11959,RSV00014039,2024-12-29,2025-01-05,7,808.12,245.21,1053.33
11960,RSV00014041,2026-01-22,2026-01-24,2,434.17,102.18,536.35
11961,RSV00014042,2026-05-21,2026-05-23,2,510.85,168.18,679.03
11962,RSV00014043,2026-06-15,2026-06-16,1,1064.29,216.79,1281.08
11963,RSV00014044,2026-05-21,2026-05-23,2,693.01,26.03,719.04
11964,RSV00014045,2024-09-01,2024-09-05,4,1159.85,12.48,1172.33
11965,RSV00014046,2024-10-07,2024-10-12,5,929.47,168.17,1097.64
11966,RSV00014047,2026-05-11,2026-05-14,3,1258.32,136.27,1394.59
11967,RSV00014048,2025-01-06,2025-01-11,5,866.54,170.01,1036.55
11968,RSV00014049,2025-09-18,2025-09-22,4,542.63,152.91,695.54
11969,RSV00014050,2025-01-30,2025-02-01,2,1322.26,155.14,1477.4
11970,RSV00014051,2026-03-26,2026-03-27,1,1237.12,95.47,1332.59
11971,RSV00014052,2026-04-29,2026-05-06,7,1085.22,102.15,1187.37
11972,RSV00014053,2026-06-01,2026-06-06,5,1499.89,217.9,1717.79
11973,RSV00014054,2025-07-24,2025-07-29,5,1496.25,151.49,1647.74
11974,RSV00014056,2025-02-21,2025-02-23,2,890.55,53.28,943.83
11975,RSV00014057,2026-01-11,2026-01-12,1,1189.55,90.67,1280.22
11976,RSV00014058,2026-06-18,2026-06-20,2,1134.28,109.97,1244.25
11977,RSV00014059,2026-03-19,2026-03-22,3,451.81,243.63,695.44
11978,RSV00014060,2025-05-12,2025-05-15,3,1208.13,39.06,1247.19
11979,RSV00014061,2026-03-31,2026-04-07,7,361.58,176.78,538.36
11980,RSV00014062,2026-02-20,2026-02-23,3,644.92,14.64,659.56
11981,RSV00014063,2024-07-05,2024-07-06,1,178.58,77.78,256.36
11982,RSV00014064,2025-02-05,2025-02-07,2,230.38,220.79,451.17
11983,RSV00014066,2025-11-18,2025-11-22,4,1238.3,63.94,1302.24
11984,RSV00014067,2026-04-02,2026-04-07,5,212.79,78.59,291.38
11985,RSV00014068,2025-06-23,2025-06-26,3,831.73,248.33,1080.06
11986,RSV00014069,2025-06-13,2025-06-16,3,846.78,156.62,1003.4
11987,RSV00014070,2025-02-01,2025-02-06,5,1045.1,2.14,1047.24
11988,RSV00014071,2025-07-10,2025-07-14,4,122.18,221.22,343.4
11989,RSV00014073,2026-02-27,2026-03-06,7,1178.77,22.98,1201.75
11990,RSV00014074,2025-06-11,2025-06-13,2,542.4,82.98,625.38
11991,RSV00014075,2026-04-09,2026-04-11,2,1025.27,132.34,1157.61
11992,RSV00014076,2025-12-07,2025-12-11,4,750.79,80.59,831.38
11993,RSV00014079,2025-10-12,2025-10-19,7,502.13,242.94,745.07
11994,RSV00014080,2025-12-21,2025-12-25,4,580.22,3.45,583.67
11995,RSV00014081,2026-05-29,2026-05-31,2,848.28,95.83,944.11
11996,RSV00014083,2025-01-26,2025-01-28,2,785.15,120.12,905.27
11997,RSV00014084,2025-12-16,2025-12-19,3,659.2,104.45,763.65
11998,RSV00014085,2025-07-27,2025-08-03,7,1139.51,188.28,1327.79
11999,RSV00014087,2025-09-16,2025-09-17,1,395.84,144.08,539.92
12000,RSV00014088,2025-08-16,2025-08-21,5,1352.89,70.44,1423.33
12001,RSV00014089,2024-08-28,2024-09-04,7,372.17,83.34,455.51
12002,RSV00014090,2026-06-06,2026-06-07,1,804.6,5.4,810.0
12003,RSV00014092,2025-08-25,2025-08-27,2,321.95,83.08,405.03
12004,RSV00014093,2024-12-27,2024-12-30,3,629.0,166.93,795.93
12005,RSV00014094,2026-05-30,2026-06-04,5,1320.08,83.4,1403.48
12006,RSV00014095,2025-05-12,2025-05-17,5,731.54,249.96,981.5
12007,RSV00014096,2025-11-14,2025-11-21,7,733.78,234.13,967.91
12008,RSV00014097,2025-02-25,2025-03-02,5,563.49,201.3,764.79
12009,RSV00014099,2025-08-30,2025-09-03,4,266.17,68.75,334.92
12010,RSV00014100,2025-09-04,2025-09-10,6,1479.68,192.51,1672.19
12011,RSV00014101,2025-08-15,2025-08-20,5,917.01,110.71,1027.72
12012,RSV00014102,2026-04-21,2026-04-25,4,1375.37,32.11,1407.48
12013,RSV00014103,2024-07-10,2024-07-14,4,1239.68,33.63,1273.31
12014,RSV00014104,2026-05-07,2026-05-11,4,364.87,161.52,526.39
12015,RSV00014106,2024-10-03,2024-10-05,2,389.34,167.86,557.2
12016,RSV00014108,2025-08-15,2025-08-20,5,1465.13,22.4,1487.53
12017,RSV00014109,2026-01-31,2026-02-04,4,1169.42,73.2,1242.62
12018,RSV00014110,2026-05-23,2026-05-24,1,922.67,239.73,1162.4
12019,RSV00014111,2024-07-11,2024-07-13,2,1167.42,197.84,1365.26
12020,RSV00014112,2024-08-03,2024-08-10,7,469.34,52.4,521.74
12021,RSV00014113,2024-12-27,2024-12-28,1,1224.19,226.71,1450.9
12022,RSV00014114,2025-11-20,2025-11-22,2,1266.81,110.95,1377.76
12023,RSV00014115,2024-11-06,2024-11-10,4,1443.86,118.78,1562.64
12024,RSV00014116,2026-05-22,2026-05-29,7,613.7,54.35,668.05
12025,RSV00014117,2026-01-13,2026-01-20,7,181.91,223.01,404.92
12026,RSV00014118,2025-02-10,2025-02-17,7,717.06,223.87,940.93
12027,RSV00014119,2025-11-04,2025-11-08,4,1075.68,242.75,1318.43
12028,RSV00014120,2024-08-19,2024-08-24,5,630.62,41.88,672.5
12029,RSV00014121,2025-12-11,2025-12-17,6,1161.24,120.69,1281.93
12030,RSV00014122,2025-02-27,2025-02-28,1,1130.22,226.57,1356.79
12031,RSV00014124,2025-09-02,2025-09-08,6,739.54,149.44,888.98
12032,RSV00014125,2025-12-14,2025-12-21,7,431.68,0.78,432.46
12033,RSV00014126,2026-06-06,2026-06-12,6,798.53,8.63,807.16
12034,RSV00014127,2025-03-20,2025-03-23,3,1244.09,144.11,1388.2
12035,RSV00014128,2025-02-04,2025-02-10,6,804.84,249.42,1054.26
12036,RSV00014129,2025-10-26,2025-11-02,7,278.38,143.78,422.16
12037,RSV00014130,2024-08-02,2024-08-06,4,405.78,194.55,600.33
12038,RSV00014131,2026-03-20,2026-03-22,2,1456.01,207.56,1663.57
12039,RSV00014132,2026-04-17,2026-04-19,2,1116.03,8.07,1124.1
12040,RSV00014133,2024-10-15,2024-10-17,2,885.34,20.84,906.18
12041,RSV00014136,2025-10-14,2025-10-17,3,532.04,166.86,698.9
12042,RSV00014137,2025-08-23,2025-08-26,3,591.58,108.7,700.28
12043,RSV00014138,2026-07-07,2026-07-08,1,1189.26,60.57,1249.83
12044,RSV00014139,2024-11-11,2024-11-15,4,543.67,50.53,594.2
12045,RSV00014140,2026-03-13,2026-03-16,3,1419.17,169.11,1588.28
12046,RSV00014141,2026-04-07,2026-04-12,5,429.8,164.04,593.84
12047,RSV00014142,2024-09-17,2024-09-21,4,243.06,0.35,243.41
12048,RSV00014143,2025-09-10,2025-09-16,6,1481.55,31.91,1513.46
12049,RSV00014144,2025-01-11,2025-01-14,3,1082.25,219.53,1301.78
12050,RSV00014145,2026-03-16,2026-03-22,6,1076.23,134.33,1210.56
12051,RSV00014146,2026-06-18,2026-06-21,3,1226.12,238.04,1464.16
12052,RSV00014148,2025-04-30,2025-05-01,1,1382.21,80.44,1462.65
12053,RSV00014150,2025-07-31,2025-08-01,1,106.88,185.82,292.7
12054,RSV00014151,2024-11-29,2024-12-04,5,1037.5,36.08,1073.58
12055,RSV00014152,2025-02-23,2025-03-01,6,755.96,150.65,906.61
12056,RSV00014153,2026-04-23,2026-04-27,4,668.46,116.71,785.17
12057,RSV00014154,2025-12-11,2025-12-14,3,543.83,13.75,557.58
12058,RSV00014155,2025-04-22,2025-04-29,7,845.49,162.9,1008.39
12059,RSV00014156,2025-07-10,2025-07-12,2,484.78,46.34,531.12
12060,RSV00014157,2026-02-19,2026-02-25,6,554.44,162.72,717.16
12061,RSV00014159,2026-04-30,2026-05-03,3,782.55,158.4,940.95
12062,RSV00014160,2026-02-10,2026-02-14,4,231.11,148.86,379.97
12063,RSV00014161,2024-07-09,2024-07-15,6,1482.69,105.31,1588.0
12064,RSV00014162,2025-07-31,2025-08-03,3,995.11,248.48,1243.59
12065,RSV00014163,2024-08-14,2024-08-18,4,628.92,96.33,725.25
12066,RSV00014164,2026-04-12,2026-04-16,4,681.59,218.55,900.14
12067,RSV00014165,2025-07-05,2025-07-09,4,536.92,4.33,541.25
12068,RSV00014166,2026-06-14,2026-06-15,1,934.92,83.42,1018.34
12069,RSV00014167,2025-10-05,2025-10-11,6,457.58,111.44,569.02
12070,RSV00014168,2026-06-28,2026-06-30,2,582.19,120.42,702.61
12071,RSV00014169,2024-10-14,2024-10-20,6,1479.38,225.69,1705.07
12072,RSV00014170,2025-04-05,2025-04-11,6,414.98,138.8,553.78
12073,RSV00014171,2025-10-28,2025-10-30,2,714.03,137.17,851.2
12074,RSV00014173,2026-02-03,2026-02-06,3,576.28,141.1,717.38
12075,RSV00014174,2026-04-25,2026-04-28,3,1211.86,134.26,1346.12
12076,RSV00014175,2026-05-17,2026-05-23,6,1145.99,111.3,1257.29
12077,RSV00014176,2025-09-27,2025-10-04,7,895.23,238.04,1133.27
12078,RSV00014177,2024-12-14,2024-12-18,4,1400.99,162.49,1563.48
12079,RSV00014178,2024-09-13,2024-09-18,5,1403.47,100.34,1503.81
12080,RSV00014179,2024-06-03,2024-06-04,1,754.95,186.47,941.42
12081,RSV00014181,2025-01-19,2025-01-22,3,685.14,230.46,915.6
12082,RSV00014182,2025-08-27,2025-09-02,6,1115.48,137.67,1253.15
12083,RSV00014186,2025-06-03,2025-06-08,5,1197.73,59.4,1257.13
12084,RSV00014187,2025-04-10,2025-04-15,5,98.77,87.82,186.59
12085,RSV00014188,2025-11-14,2025-11-21,7,112.28,18.12,130.4
12086,RSV00014189,2025-09-08,2025-09-15,7,165.08,205.52,370.6
12087,RSV00014190,2025-04-24,2025-04-29,5,1018.06,216.95,1235.01
12088,RSV00014192,2024-10-07,2024-10-08,1,270.28,56.11,326.39
12089,RSV00014193,2026-02-14,2026-02-19,5,786.62,188.58,975.2
12090,RSV00014194,2025-07-23,2025-07-26,3,366.65,181.98,548.63
12091,RSV00014195,2025-12-09,2025-12-16,7,1163.23,132.28,1295.51
12092,RSV00014196,2026-01-17,2026-01-22,5,1328.48,138.67,1467.15
12093,RSV00014197,2025-12-29,2026-01-05,7,960.49,120.94,1081.43
12094,RSV00014198,2025-04-22,2025-04-24,2,652.75,138.73,791.48
12095,RSV00014199,2024-08-05,2024-08-12,7,1042.54,121.94,1164.48
12096,RSV00014201,2024-12-07,2024-12-14,7,787.23,164.25,951.48
12097,RSV00014202,2026-04-07,2026-04-13,6,1236.99,206.59,1443.58
12098,RSV00014203,2025-03-09,2025-03-15,6,985.23,115.35,1100.58
12099,RSV00014204,2025-11-03,2025-11-05,2,1339.25,20.43,1359.68
12100,RSV00014205,2025-04-27,2025-05-03,6,847.14,219.58,1066.72
12101,RSV00014206,2025-06-20,2025-06-24,4,635.96,42.08,678.04
12102,RSV00014208,2024-11-11,2024-11-13,2,1474.56,152.21,1626.77
12103,RSV00014209,2024-11-12,2024-11-17,5,144.35,18.8,163.15
12104,RSV00014210,2025-11-13,2025-11-17,4,1039.35,79.97,1119.32
12105,RSV00014211,2026-03-13,2026-03-16,3,407.31,20.03,427.34
12106,RSV00014212,2025-12-22,2025-12-27,5,837.22,11.16,848.38
12107,RSV00014215,2024-09-20,2024-09-27,7,1408.95,181.22,1590.17
12108,RSV00014216,2025-04-23,2025-04-25,2,763.58,216.58,980.16
12109,RSV00014217,2025-12-10,2025-12-16,6,1234.22,169.55,1403.77
12110,RSV00014219,2026-04-28,2026-04-29,1,1062.52,117.39,1179.91
12111,RSV00014220,2025-08-12,2025-08-16,4,1004.35,20.81,1025.16
12112,RSV00014221,2026-04-13,2026-04-17,4,465.38,163.36,628.74
12113,RSV00014222,2024-06-27,2024-06-29,2,122.2,201.72,323.92
12114,RSV00014223,2025-10-31,2025-11-06,6,454.28,80.78,535.06
12115,RSV00014225,2025-07-15,2025-07-19,4,565.9,211.46,777.36
12116,RSV00014226,2025-11-29,2025-12-01,2,760.6,233.73,994.33
12117,RSV00014227,2025-05-30,2025-06-06,7,1112.48,72.98,1185.46
12118,RSV00014228,2025-06-19,2025-06-20,1,1325.88,238.42,1564.3
12119,RSV00014229,2026-02-23,2026-02-26,3,1126.92,17.37,1144.29
12120,RSV00014230,2025-07-08,2025-07-10,2,851.2,53.81,905.01
12121,RSV00014232,2024-12-05,2024-12-08,3,200.77,21.73,222.5
12122,RSV00014233,2026-02-19,2026-02-24,5,206.75,236.59,443.34
12123,RSV00014234,2026-02-04,2026-02-09,5,1468.64,148.46,1617.1
12124,RSV00014236,2025-08-21,2025-08-25,4,878.96,56.85,935.81
12125,RSV00014237,2024-07-21,2024-07-25,4,337.64,70.56,408.2
12126,RSV00014238,2026-04-24,2026-04-29,5,1198.12,36.85,1234.97
12127,RSV00014239,2025-05-02,2025-05-07,5,1236.92,220.16,1457.08
12128,RSV00014240,2025-04-29,2025-05-01,2,417.65,238.57,656.22
12129,RSV00014241,2025-04-25,2025-05-01,6,1208.47,222.49,1430.96
12130,RSV00014242,2026-01-08,2026-01-10,2,112.22,19.37,131.59
12131,RSV00014243,2025-10-23,2025-10-27,4,1197.9,215.85,1413.75
12132,RSV00014244,2025-02-24,2025-03-02,6,198.33,99.97,298.3
12133,RSV00014246,2026-05-14,2026-05-20,6,302.95,52.65,355.6
12134,RSV00014247,2026-01-09,2026-01-16,7,641.4,139.71,781.11
12135,RSV00014248,2025-01-07,2025-01-11,4,1068.25,223.99,1292.24
12136,RSV00014250,2024-12-01,2024-12-05,4,326.56,161.8,488.36
12137,RSV00014251,2026-02-06,2026-02-11,5,1330.71,68.77,1399.48
12138,RSV00014252,2024-08-29,2024-09-05,7,1084.11,179.38,1263.49
12139,RSV00014253,2024-10-12,2024-10-16,4,1349.2,192.21,1541.41
12140,RSV00014254,2025-04-12,2025-04-17,5,1342.31,203.75,1546.06
12141,RSV00014255,2025-03-14,2025-03-17,3,544.38,27.22,571.6
12142,RSV00014256,2025-11-09,2025-11-15,6,1328.52,206.43,1534.95
12143,RSV00014257,2026-02-14,2026-02-20,6,1116.37,60.82,1177.19
12144,RSV00014258,2025-10-04,2025-10-11,7,693.38,190.25,883.63
12145,RSV00014259,2026-06-17,2026-06-18,1,1203.76,172.19,1375.95
12146,RSV00014260,2025-02-07,2025-02-14,7,621.91,24.99,646.9
12147,RSV00014261,2025-07-05,2025-07-10,5,209.84,171.2,381.04
12148,RSV00014262,2026-02-07,2026-02-12,5,1258.54,145.88,1404.42
12149,RSV00014263,2025-05-19,2025-05-23,4,1383.44,203.13,1586.57
12150,RSV00014264,2025-03-16,2025-03-19,3,931.61,109.62,1041.23
12151,RSV00014267,2025-01-20,2025-01-21,1,1436.9,116.67,1553.57
12152,RSV00014268,2026-05-09,2026-05-14,5,1363.53,215.85,1579.38
12153,RSV00014269,2024-07-14,2024-07-20,6,270.47,156.81,427.28
12154,RSV00014270,2025-03-07,2025-03-12,5,1078.96,224.54,1303.5
12155,RSV00014271,2026-02-07,2026-02-11,4,504.9,70.35,575.25
12156,RSV00014272,2025-08-23,2025-08-30,7,1095.45,185.56,1281.01
12157,RSV00014273,2025-06-03,2025-06-06,3,350.75,194.68,545.43
12158,RSV00014276,2026-01-24,2026-01-28,4,606.96,143.53,750.49
12159,RSV00014277,2024-09-19,2024-09-24,5,1483.79,58.12,1541.91
12160,RSV00014278,2025-07-21,2025-07-27,6,704.2,96.67,800.87
12161,RSV00014279,2025-07-01,2025-07-07,6,1099.97,210.77,1310.74
12162,RSV00014280,2025-02-17,2025-02-20,3,1028.68,247.11,1275.79
12163,RSV00014281,2025-06-04,2025-06-10,6,1342.75,162.37,1505.12
12164,RSV00014282,2026-05-19,2026-05-20,1,813.62,28.46,842.08
12165,RSV00014283,2025-12-09,2025-12-16,7,1186.43,5.01,1191.44
12166,RSV00014284,2025-05-10,2025-05-16,6,1096.8,137.17,1233.97
12167,RSV00014285,2025-07-15,2025-07-22,7,1398.78,212.83,1611.61
12168,RSV00014286,2025-12-06,2025-12-13,7,167.23,62.15,229.38
12169,RSV00014287,2026-07-16,2026-07-18,2,903.48,192.67,1096.15
12170,RSV00014288,2026-05-20,2026-05-23,3,1156.24,3.41,1159.65
12171,RSV00014289,2024-12-23,2024-12-28,5,1092.3,236.15,1328.45
12172,RSV00014290,2026-01-18,2026-01-24,6,354.73,34.01,388.74
12173,RSV00014293,2024-12-16,2024-12-20,4,1146.97,162.35,1309.32
12174,RSV00014294,2026-03-16,2026-03-20,4,804.21,91.64,895.85
12175,RSV00014295,2025-09-02,2025-09-06,4,293.42,175.08,468.5
12176,RSV00014298,2024-08-29,2024-08-30,1,1001.54,118.7,1120.24
12177,RSV00014299,2024-07-11,2024-07-17,6,92.84,203.74,296.58
12178,RSV00014300,2025-10-15,2025-10-16,1,470.38,84.15,554.53
12179,RSV00014301,2026-01-18,2026-01-21,3,567.49,203.07,770.56
12180,RSV00014303,2024-12-15,2024-12-19,4,121.82,102.7,224.52
12181,RSV00014304,2025-12-20,2025-12-27,7,1126.42,3.52,1129.94
12182,RSV00014305,2025-02-11,2025-02-12,1,661.38,216.49,877.87
12183,RSV00014306,2026-04-24,2026-04-28,4,723.45,191.01,914.46
12184,RSV00014307,2024-11-05,2024-11-07,2,1038.54,58.28,1096.82
12185,RSV00014308,2026-01-01,2026-01-03,2,1200.72,177.81,1378.53
12186,RSV00014310,2025-07-22,2025-07-25,3,1111.76,175.05,1286.81
12187,RSV00014311,2025-12-30,2026-01-06,7,776.23,237.66,1013.89
12188,RSV00014313,2025-07-10,2025-07-17,7,282.58,41.19,323.77
12189,RSV00014314,2025-02-15,2025-02-20,5,1388.89,146.81,1535.7
12190,RSV00014316,2026-01-31,2026-02-06,6,950.57,246.22,1196.79
12191,RSV00014317,2025-08-22,2025-08-26,4,835.86,244.83,1080.69
12192,RSV00014318,2025-10-28,2025-11-02,5,1079.15,115.83,1194.98
12193,RSV00014319,2026-04-26,2026-04-28,2,1358.83,35.08,1393.91
12194,RSV00014320,2025-03-04,2025-03-11,7,490.72,113.58,604.3
12195,RSV00014321,2026-03-20,2026-03-24,4,1243.44,216.67,1460.11
12196,RSV00014324,2025-02-18,2025-02-25,7,1338.67,105.29,1443.96
12197,RSV00014325,2025-12-24,2025-12-25,1,778.51,159.48,937.99
12198,RSV00014326,2024-09-11,2024-09-16,5,585.21,120.44,705.65
12199,RSV00014327,2026-05-13,2026-05-18,5,401.18,67.94,469.12
12200,RSV00014328,2026-01-29,2026-02-02,4,474.87,39.01,513.88
12201,RSV00014330,2024-10-05,2024-10-12,7,1114.02,170.81,1284.83
12202,RSV00014331,2025-06-04,2025-06-10,6,234.88,128.31,363.19
12203,RSV00014332,2024-07-11,2024-07-17,6,1027.79,201.51,1229.3
12204,RSV00014333,2025-07-03,2025-07-10,7,1384.36,116.77,1501.13
12205,RSV00014334,2024-07-12,2024-07-14,2,570.56,112.5,683.06
12206,RSV00014336,2024-10-04,2024-10-06,2,803.52,121.56,925.08
12207,RSV00014337,2025-05-31,2025-06-01,1,1063.67,181.86,1245.53
12208,RSV00014338,2024-06-28,2024-06-30,2,1194.6,227.02,1421.62
12209,RSV00014339,2024-10-18,2024-10-24,6,906.92,117.9,1024.82
12210,RSV00014340,2025-01-11,2025-01-16,5,456.71,223.41,680.12
12211,RSV00014341,2025-10-24,2025-10-31,7,1047.44,74.3,1121.74
12212,RSV00014342,2026-07-05,2026-07-08,3,1094.85,141.9,1236.75
12213,RSV00014343,2026-02-02,2026-02-03,1,1011.94,248.52,1260.46
12214,RSV00014344,2026-03-04,2026-03-06,2,1418.07,128.5,1546.57
12215,RSV00014345,2024-09-24,2024-09-29,5,1165.38,49.91,1215.29
12216,RSV00014346,2026-03-17,2026-03-18,1,1334.09,96.16,1430.25
12217,RSV00014347,2025-02-19,2025-02-26,7,1415.31,203.52,1618.83
12218,RSV00014348,2025-05-17,2025-05-22,5,140.35,83.03,223.38
12219,RSV00014349,2025-07-28,2025-08-02,5,987.8,197.66,1185.46
12220,RSV00014350,2024-11-10,2024-11-11,1,1468.34,194.19,1662.53
12221,RSV00014351,2025-09-18,2025-09-24,6,938.49,128.86,1067.35
12222,RSV00014353,2025-08-04,2025-08-05,1,508.52,98.15,606.67
12223,RSV00014354,2024-08-12,2024-08-18,6,931.23,13.01,944.24
12224,RSV00014355,2025-09-11,2025-09-15,4,698.35,109.59,807.94
12225,RSV00014357,2024-11-11,2024-11-17,6,491.95,246.48,738.43
12226,RSV00014358,2025-11-03,2025-11-07,4,122.95,9.21,132.16
12227,RSV00014359,2026-02-16,2026-02-22,6,490.24,76.23,566.47
12228,RSV00014360,2026-04-21,2026-04-27,6,1469.98,31.2,1501.18
12229,RSV00014361,2025-12-23,2025-12-27,4,531.57,134.8,666.37
12230,RSV00014362,2025-12-19,2025-12-21,2,1165.96,82.14,1248.1
12231,RSV00014364,2025-12-14,2025-12-19,5,773.71,239.52,1013.23
12232,RSV00014365,2026-02-17,2026-02-22,5,335.36,238.84,574.2
12233,RSV00014366,2026-04-24,2026-05-01,7,1019.32,103.52,1122.84
12234,RSV00014367,2026-06-15,2026-06-16,1,947.21,18.25,965.46
12235,RSV00014368,2025-05-19,2025-05-22,3,146.8,149.22,296.02
12236,RSV00014369,2024-08-18,2024-08-20,2,1150.96,58.45,1209.41
12237,RSV00014370,2025-12-27,2025-12-31,4,721.57,161.71,883.28
12238,RSV00014371,2025-02-01,2025-02-02,1,210.99,90.87,301.86
12239,RSV00014372,2025-02-18,2025-02-22,4,228.55,169.97,398.52
12240,RSV00014373,2024-10-29,2024-11-05,7,972.78,80.3,1053.08
12241,RSV00014374,2024-07-12,2024-07-13,1,896.21,15.65,911.86
12242,RSV00014375,2025-08-23,2025-08-29,6,276.71,210.93,487.64
12243,RSV00014376,2025-10-07,2025-10-14,7,1385.42,95.42,1480.84
12244,RSV00014378,2025-06-29,2025-06-30,1,1175.86,220.25,1396.11
12245,RSV00014379,2025-09-28,2025-09-29,1,595.55,119.59,715.14
12246,RSV00014380,2025-05-29,2025-05-31,2,1078.33,104.5,1182.83
12247,RSV00014383,2025-06-16,2025-06-23,7,961.16,176.73,1137.89
12248,RSV00014384,2025-05-18,2025-05-25,7,357.09,172.11,529.2
12249,RSV00014385,2024-10-07,2024-10-12,5,1299.32,82.81,1382.13
12250,RSV00014386,2025-10-17,2025-10-22,5,911.92,201.23,1113.15
12251,RSV00014387,2026-07-04,2026-07-08,4,446.05,119.39,565.44
12252,RSV00014388,2024-08-29,2024-08-30,1,418.39,154.57,572.96
12253,RSV00014389,2025-10-05,2025-10-10,5,675.68,107.56,783.24
12254,RSV00014390,2025-12-26,2026-01-02,7,1058.77,220.17,1278.94
12255,RSV00014391,2025-10-08,2025-10-10,2,1480.52,223.85,1704.37
12256,RSV00014392,2025-07-25,2025-07-31,6,1263.64,136.34,1399.98
12257,RSV00014393,2024-10-13,2024-10-17,4,616.7,129.61,746.31
12258,RSV00014394,2025-11-09,2025-11-11,2,1216.89,216.01,1432.9
12259,RSV00014395,2024-07-01,2024-07-08,7,414.58,70.22,484.8
12260,RSV00014398,2026-02-15,2026-02-17,2,186.37,77.42,263.79
12261,RSV00014399,2025-05-03,2025-05-04,1,584.06,44.49,628.55
12262,RSV00014400,2024-08-05,2024-08-12,7,1008.32,206.26,1214.58
12263,RSV00014402,2026-05-06,2026-05-10,4,747.71,221.67,969.38
12264,RSV00014404,2025-07-12,2025-07-14,2,1307.3,6.62,1313.92
12265,RSV00014405,2025-02-18,2025-02-25,7,1189.81,155.3,1345.11
12266,RSV00014406,2026-02-17,2026-02-20,3,657.99,188.39,846.38
12267,RSV00014407,2025-05-16,2025-05-20,4,1243.35,238.09,1481.44
12268,RSV00014408,2026-04-08,2026-04-09,1,1372.56,215.99,1588.55
12269,RSV00014409,2024-07-14,2024-07-16,2,446.83,231.96,678.79
12270,RSV00014410,2024-11-25,2024-11-27,2,855.09,199.29,1054.38
12271,RSV00014411,2026-02-02,2026-02-03,1,722.75,166.21,888.96
12272,RSV00014412,2025-10-27,2025-10-30,3,220.49,146.27,366.76
12273,RSV00014414,2026-06-05,2026-06-06,1,283.27,116.53,399.8
12274,RSV00014415,2026-05-31,2026-06-06,6,785.32,248.58,1033.9
12275,RSV00014417,2025-11-29,2025-12-01,2,757.72,213.78,971.5
12276,RSV00014418,2026-03-24,2026-03-28,4,817.54,183.83,1001.37
12277,RSV00014419,2025-01-09,2025-01-15,6,844.09,1.61,845.7
12278,RSV00014420,2025-09-13,2025-09-19,6,531.74,36.81,568.55
12279,RSV00014421,2025-05-22,2025-05-26,4,412.89,168.07,580.96
12280,RSV00014422,2025-02-10,2025-02-17,7,1305.04,197.15,1502.19
12281,RSV00014423,2026-01-17,2026-01-19,2,570.4,246.93,817.33
12282,RSV00014424,2025-10-31,2025-11-02,2,1148.02,186.26,1334.28
12283,RSV00014425,2024-11-28,2024-12-04,6,445.95,64.27,510.22
12284,RSV00014426,2024-07-09,2024-07-16,7,461.83,105.72,567.55
12285,RSV00014427,2024-10-19,2024-10-20,1,1021.1,174.25,1195.35
12286,RSV00014428,2025-10-28,2025-10-29,1,786.3,51.63,837.93
12287,RSV00014429,2025-08-23,2025-08-25,2,1354.41,218.0,1572.41
12288,RSV00014430,2025-03-23,2025-03-28,5,856.9,234.61,1091.51
12289,RSV00014431,2026-06-27,2026-07-03,6,636.67,158.37,795.04
12290,RSV00014432,2024-11-07,2024-11-10,3,365.77,3.46,369.23
12291,RSV00014433,2025-04-28,2025-05-04,6,1180.94,64.44,1245.38
12292,RSV00014434,2026-03-16,2026-03-18,2,374.06,88.35,462.41
12293,RSV00014435,2025-12-16,2025-12-18,2,466.4,99.06,565.46
12294,RSV00014436,2025-01-27,2025-02-01,5,209.86,247.48,457.34
12295,RSV00014437,2026-06-03,2026-06-05,2,985.21,20.99,1006.2
12296,RSV00014438,2026-03-09,2026-03-10,1,867.23,234.35,1101.58
12297,RSV00014439,2025-07-20,2025-07-27,7,1003.11,89.99,1093.1
12298,RSV00014440,2026-01-26,2026-02-02,7,1426.12,235.49,1661.61
12299,RSV00014441,2025-07-12,2025-07-13,1,1197.77,97.41,1295.18
12300,RSV00014442,2025-07-04,2025-07-08,4,734.66,146.35,881.01
12301,RSV00014443,2026-03-14,2026-03-16,2,791.28,61.63,852.91
12302,RSV00014444,2025-10-08,2025-10-10,2,1301.75,112.43,1414.18
12303,RSV00014445,2026-05-28,2026-05-31,3,930.14,161.08,1091.22
12304,RSV00014446,2025-06-22,2025-06-26,4,1211.6,46.05,1257.65
12305,RSV00014447,2026-06-08,2026-06-13,5,939.93,139.98,1079.91
12306,RSV00014449,2026-04-17,2026-04-19,2,375.19,200.63,575.82
12307,RSV00014451,2026-02-13,2026-02-17,4,309.1,48.88,357.98
12308,RSV00014452,2025-10-15,2025-10-21,6,280.28,68.04,348.32
12309,RSV00014453,2024-07-24,2024-07-30,6,739.91,175.72,915.63
12310,RSV00014454,2026-02-11,2026-02-16,5,875.97,238.32,1114.29
12311,RSV00014456,2024-06-20,2024-06-24,4,1041.53,51.02,1092.55
12312,RSV00014457,2025-02-02,2025-02-03,1,1008.61,107.89,1116.5
12313,RSV00014458,2025-06-01,2025-06-02,1,1469.83,20.74,1490.57
12314,RSV00014459,2025-12-02,2025-12-09,7,1149.85,72.95,1222.8
12315,RSV00014460,2025-03-18,2025-03-25,7,1308.21,102.6,1410.81
12316,RSV00014461,2025-11-29,2025-12-03,4,1496.82,7.48,1504.3
12317,RSV00014462,2025-09-09,2025-09-16,7,746.28,230.56,976.84
12318,RSV00014463,2025-03-27,2025-03-28,1,433.5,228.07,661.57
12319,RSV00014464,2025-07-20,2025-07-25,5,137.9,116.58,254.48
12320,RSV00014466,2025-06-14,2025-06-19,5,1312.08,87.99,1400.07
12321,RSV00014467,2024-08-04,2024-08-11,7,1236.67,212.17,1448.84
12322,RSV00014469,2025-09-14,2025-09-18,4,1324.08,133.45,1457.53
12323,RSV00014470,2025-04-18,2025-04-20,2,1085.94,44.98,1130.92
12324,RSV00014473,2025-06-21,2025-06-25,4,894.68,70.46,965.14
12325,RSV00014475,2024-12-24,2024-12-30,6,342.29,124.85,467.14
12326,RSV00014476,2025-10-16,2025-10-23,7,957.3,5.41,962.71
12327,RSV00014477,2025-10-09,2025-10-11,2,308.45,34.06,342.51
12328,RSV00014478,2025-09-02,2025-09-04,2,570.53,161.07,731.6
12329,RSV00014479,2026-03-31,2026-04-02,2,638.52,198.37,836.89
12330,RSV00014480,2026-01-16,2026-01-18,2,112.2,74.49,186.69
12331,RSV00014481,2025-06-20,2025-06-22,2,1360.29,239.97,1600.26
12332,RSV00014482,2025-08-05,2025-08-06,1,1380.98,245.56,1626.54
12333,RSV00014483,2024-09-08,2024-09-10,2,227.49,155.69,383.18
12334,RSV00014484,2025-09-10,2025-09-12,2,1449.68,146.0,1595.68
12335,RSV00014485,2026-03-24,2026-03-25,1,694.18,211.88,906.06
12336,RSV00014486,2024-08-17,2024-08-19,2,720.46,230.93,951.39
12337,RSV00014487,2025-01-19,2025-01-22,3,1396.04,194.64,1590.68
12338,RSV00014488,2025-04-16,2025-04-18,2,465.75,71.04,536.79
12339,RSV00014489,2026-02-20,2026-02-24,4,451.67,196.87,648.54
12340,RSV00014490,2024-08-08,2024-08-11,3,131.85,102.02,233.87
12341,RSV00014491,2024-11-16,2024-11-23,7,1218.88,185.43,1404.31
12342,RSV00014493,2025-03-18,2025-03-20,2,1246.2,133.22,1379.42
12343,RSV00014494,2026-01-07,2026-01-13,6,1311.52,124.8,1436.32
12344,RSV00014495,2024-07-02,2024-07-06,4,632.29,141.34,773.63
12345,RSV00014496,2025-11-18,2025-11-23,5,1260.18,234.19,1494.37
12346,RSV00014497,2024-07-24,2024-07-30,6,1191.76,18.11,1209.87
12347,RSV00014498,2026-05-21,2026-05-28,7,1027.96,28.82,1056.78
12348,RSV00014499,2024-10-10,2024-10-17,7,1285.16,241.36,1526.52
12349,RSV00014500,2026-05-27,2026-06-01,5,702.42,7.46,709.88
12350,RSV00014501,2025-04-07,2025-04-13,6,465.06,127.19,592.25
12351,RSV00014502,2025-11-01,2025-11-08,7,747.36,108.08,855.44
12352,RSV00014503,2024-09-16,2024-09-17,1,338.88,225.21,564.09
12353,RSV00014504,2026-03-07,2026-03-10,3,680.37,130.85,811.22
12354,RSV00014506,2026-06-07,2026-06-11,4,550.1,129.32,679.42
12355,RSV00014507,2025-11-15,2025-11-19,4,517.57,223.74,741.31
12356,RSV00014508,2026-02-14,2026-02-21,7,707.52,173.44,880.96
12357,RSV00014509,2025-10-31,2025-11-04,4,891.25,245.1,1136.35
12358,RSV00014510,2025-03-09,2025-03-12,3,498.23,191.29,689.52
12359,RSV00014511,2025-04-22,2025-04-24,2,1097.2,197.13,1294.33
12360,RSV00014512,2026-06-10,2026-06-15,5,441.36,236.29,677.65
12361,RSV00014513,2024-12-15,2024-12-20,5,1166.81,182.22,1349.03
12362,RSV00014514,2025-09-30,2025-10-02,2,1088.58,206.72,1295.3
12363,RSV00014516,2026-02-18,2026-02-20,2,1454.89,93.36,1548.25
12364,RSV00014517,2024-12-09,2024-12-12,3,352.07,163.04,515.11
12365,RSV00014518,2025-08-25,2025-08-28,3,479.9,6.99,486.89
12366,RSV00014519,2024-07-07,2024-07-09,2,1489.56,183.41,1672.97
12367,RSV00014521,2025-02-27,2025-03-06,7,812.85,122.06,934.91
12368,RSV00014522,2024-08-11,2024-08-18,7,1333.22,199.7,1532.92
12369,RSV00014523,2025-12-17,2025-12-21,4,880.68,218.71,1099.39
12370,RSV00014524,2026-05-31,2026-06-01,1,713.51,1.86,715.37
12371,RSV00014526,2025-07-02,2025-07-08,6,658.78,241.25,900.03
12372,RSV00014527,2025-03-07,2025-03-09,2,1196.41,175.38,1371.79
12373,RSV00014528,2025-07-27,2025-08-03,7,1370.5,187.88,1558.38
12374,RSV00014529,2026-01-02,2026-01-03,1,84.6,134.42,219.02
12375,RSV00014531,2026-03-01,2026-03-05,4,1214.16,181.83,1395.99
12376,RSV00014534,2024-11-09,2024-11-14,5,913.76,19.56,933.32
12377,RSV00014535,2024-07-07,2024-07-09,2,382.35,218.9,601.25
12378,RSV00014536,2025-08-27,2025-09-01,5,651.41,91.86,743.27
12379,RSV00014537,2026-04-05,2026-04-09,4,424.12,187.52,611.64
12380,RSV00014538,2026-03-02,2026-03-04,2,1419.58,167.91,1587.49
12381,RSV00014539,2026-02-08,2026-02-14,6,961.54,69.89,1031.43
12382,RSV00014541,2026-03-26,2026-04-01,6,695.53,78.2,773.73
12383,RSV00014542,2025-01-15,2025-01-17,2,601.32,198.75,800.07
12384,RSV00014543,2025-01-01,2025-01-06,5,1133.01,104.18,1237.19
12385,RSV00014544,2025-09-14,2025-09-17,3,568.67,217.72,786.39
12386,RSV00014545,2025-07-21,2025-07-23,2,1266.36,225.01,1491.37
12387,RSV00014546,2025-01-13,2025-01-14,1,1273.17,240.23,1513.4
12388,RSV00014547,2025-07-14,2025-07-20,6,498.71,192.73,691.44
12389,RSV00014548,2024-07-29,2024-08-01,3,1353.74,231.8,1585.54
12390,RSV00014549,2025-04-01,2025-04-05,4,558.18,97.78,655.96
12391,RSV00014551,2025-11-11,2025-11-13,2,1417.37,43.89,1461.26
12392,RSV00014552,2024-09-19,2024-09-22,3,788.58,178.35,966.93
12393,RSV00014553,2025-10-17,2025-10-18,1,814.08,69.64,883.72
12394,RSV00014554,2025-03-06,2025-03-10,4,780.41,237.91,1018.32
12395,RSV00014555,2025-07-25,2025-08-01,7,1361.91,177.78,1539.69
12396,RSV00014556,2026-04-19,2026-04-24,5,1105.95,96.03,1201.98
12397,RSV00014557,2024-12-26,2024-12-31,5,653.34,2.51,655.85
12398,RSV00014558,2026-03-05,2026-03-11,6,1171.79,199.19,1370.98
12399,RSV00014559,2025-12-26,2025-12-27,1,993.95,211.56,1205.51
12400,RSV00014560,2024-11-12,2024-11-18,6,555.71,145.14,700.85
12401,RSV00014561,2025-12-15,2025-12-17,2,1246.4,125.88,1372.28
12402,RSV00014562,2026-04-30,2026-05-04,4,1207.18,91.93,1299.11
12403,RSV00014563,2024-12-05,2024-12-07,2,116.07,134.53,250.6
12404,RSV00014564,2025-10-07,2025-10-09,2,425.02,79.09,504.11
12405,RSV00014565,2025-02-17,2025-02-22,5,118.22,248.23,366.45
12406,RSV00014566,2024-08-29,2024-09-01,3,100.45,146.58,247.03
12407,RSV00014567,2024-08-24,2024-08-30,6,1248.16,168.23,1416.39
12408,RSV00014568,2026-01-07,2026-01-13,6,1247.12,84.44,1331.56
12409,RSV00014569,2026-05-21,2026-05-28,7,904.98,149.24,1054.22
12410,RSV00014570,2026-04-01,2026-04-02,1,460.35,95.44,555.79
12411,RSV00014571,2025-10-20,2025-10-27,7,377.91,187.55,565.46
12412,RSV00014572,2025-08-06,2025-08-11,5,688.82,181.58,870.4
12413,RSV00014573,2026-03-31,2026-04-04,4,117.01,84.43,201.44
12414,RSV00014574,2024-07-27,2024-08-02,6,693.86,104.9,798.76
12415,RSV00014575,2026-01-17,2026-01-23,6,342.74,205.11,547.85
12416,RSV00014576,2025-04-01,2025-04-03,2,429.59,121.92,551.51
12417,RSV00014577,2026-06-30,2026-07-02,2,385.05,204.2,589.25
12418,RSV00014578,2024-08-21,2024-08-27,6,539.54,106.55,646.09
12419,RSV00014579,2025-08-06,2025-08-12,6,1389.9,71.51,1461.41
12420,RSV00014580,2026-05-12,2026-05-16,4,162.24,190.75,352.99
12421,RSV00014581,2025-09-26,2025-10-03,7,1213.84,141.86,1355.7
12422,RSV00014582,2025-04-16,2025-04-17,1,844.22,67.88,912.1
12423,RSV00014583,2024-06-19,2024-06-24,5,162.75,103.35,266.1
12424,RSV00014584,2025-02-05,2025-02-06,1,1164.15,99.76,1263.91
12425,RSV00014585,2026-03-17,2026-03-23,6,653.95,205.37,859.32
12426,RSV00014586,2024-07-09,2024-07-12,3,1464.63,107.06,1571.69
12427,RSV00014587,2024-12-07,2024-12-10,3,926.59,69.75,996.34
12428,RSV00014588,2025-08-29,2025-08-31,2,413.75,196.35,610.1
12429,RSV00014589,2024-07-02,2024-07-07,5,229.54,125.86,355.4
12430,RSV00014590,2026-04-29,2026-05-04,5,1457.2,28.84,1486.04
12431,RSV00014591,2025-10-14,2025-10-21,7,1256.98,218.6,1475.58
12432,RSV00014592,2024-09-21,2024-09-26,5,642.47,66.7,709.17
12433,RSV00014593,2025-12-11,2025-12-18,7,1436.26,150.83,1587.09
12434,RSV00014594,2026-03-11,2026-03-14,3,963.52,137.59,1101.11
12435,RSV00014595,2025-01-08,2025-01-09,1,234.91,229.92,464.83
12436,RSV00014596,2024-07-18,2024-07-23,5,435.96,143.69,579.65
12437,RSV00014598,2024-11-05,2024-11-12,7,459.93,199.38,659.31
12438,RSV00014599,2024-10-19,2024-10-20,1,896.91,234.47,1131.38
12439,RSV00014600,2026-01-27,2026-01-31,4,1290.1,127.49,1417.59
12440,RSV00014602,2025-01-20,2025-01-25,5,172.74,240.21,412.95
12441,RSV00014603,2025-03-05,2025-03-06,1,1260.51,95.9,1356.41
12442,RSV00014604,2025-03-15,2025-03-18,3,1009.4,122.58,1131.98
12443,RSV00014605,2026-06-05,2026-06-07,2,419.93,231.88,651.81
12444,RSV00014606,2025-01-07,2025-01-12,5,1271.35,143.9,1415.25
12445,RSV00014607,2025-10-01,2025-10-07,6,1032.52,183.06,1215.58
12446,RSV00014608,2026-02-01,2026-02-05,4,704.87,85.17,790.04
12447,RSV00014609,2026-02-28,2026-03-03,3,168.68,170.69,339.37
12448,RSV00014610,2026-02-11,2026-02-18,7,1489.64,211.1,1700.74
12449,RSV00014611,2026-03-21,2026-03-26,5,824.08,79.85,903.93
12450,RSV00014612,2026-05-04,2026-05-11,7,236.98,223.78,460.76
12451,RSV00014613,2025-03-21,2025-03-28,7,1440.84,202.44,1643.28
12452,RSV00014614,2024-07-10,2024-07-12,2,993.43,93.89,1087.32
12453,RSV00014615,2026-06-23,2026-06-24,1,871.7,3.72,875.42
12454,RSV00014616,2024-06-29,2024-07-06,7,1068.19,115.58,1183.77
12455,RSV00014617,2024-12-17,2024-12-22,5,710.47,212.6,923.07
12456,RSV00014618,2025-10-01,2025-10-03,2,674.54,26.42,700.96
12457,RSV00014619,2025-01-04,2025-01-11,7,336.23,119.46,455.69
12458,RSV00014620,2026-02-10,2026-02-14,4,1408.11,116.12,1524.23
12459,RSV00014621,2026-04-07,2026-04-14,7,275.55,39.8,315.35
12460,RSV00014622,2025-01-05,2025-01-07,2,864.86,150.96,1015.82
12461,RSV00014623,2025-04-11,2025-04-17,6,120.21,88.4,208.61
12462,RSV00014624,2026-02-11,2026-02-13,2,611.46,111.35,722.81
12463,RSV00014626,2024-11-29,2024-12-01,2,874.14,182.55,1056.69
12464,RSV00014627,2024-12-23,2024-12-24,1,297.55,208.06,505.61
12465,RSV00014628,2026-03-01,2026-03-07,6,492.4,100.13,592.53
12466,RSV00014629,2025-10-02,2025-10-04,2,1327.65,81.68,1409.33
12467,RSV00014630,2025-05-12,2025-05-19,7,693.82,36.47,730.29
12468,RSV00014631,2026-05-07,2026-05-08,1,411.72,4.28,416.0
12469,RSV00014632,2025-10-03,2025-10-09,6,467.28,140.23,607.51
12470,RSV00014633,2026-04-19,2026-04-21,2,731.68,63.95,795.63
12471,RSV00014634,2025-03-01,2025-03-04,3,97.25,22.87,120.12
12472,RSV00014635,2026-03-20,2026-03-21,1,578.79,219.21,798.0
12473,RSV00014636,2024-07-25,2024-07-28,3,743.08,219.1,962.18
12474,RSV00014637,2024-10-26,2024-11-01,6,675.43,2.76,678.19
12475,RSV00014638,2026-01-19,2026-01-23,4,115.96,76.82,192.78
12476,RSV00014639,2026-05-18,2026-05-20,2,907.33,74.63,981.96
12477,RSV00014640,2024-10-12,2024-10-13,1,434.27,164.2,598.47
12478,RSV00014641,2025-08-26,2025-09-01,6,764.47,7.55,772.02
12479,RSV00014642,2025-01-19,2025-01-22,3,719.3,112.36,831.66
12480,RSV00014643,2025-07-19,2025-07-22,3,1060.37,248.92,1309.29
12481,RSV00014644,2026-03-01,2026-03-05,4,440.86,202.75,643.61
12482,RSV00014645,2024-12-02,2024-12-09,7,507.63,13.79,521.42
12483,RSV00014646,2025-10-03,2025-10-04,1,468.95,5.54,474.49
12484,RSV00014647,2024-07-19,2024-07-20,1,574.71,231.31,806.02
12485,RSV00014648,2026-03-01,2026-03-02,1,870.52,30.79,901.31
12486,RSV00014649,2026-05-13,2026-05-20,7,240.39,45.38,285.77
12487,RSV00014650,2024-07-22,2024-07-27,5,725.4,135.2,860.6
12488,RSV00014651,2025-10-25,2025-10-26,1,466.41,248.63,715.04
12489,RSV00014652,2026-01-29,2026-01-31,2,235.71,58.34,294.05
12490,RSV00014653,2025-09-24,2025-09-29,5,970.45,171.46,1141.91
12491,RSV00014655,2026-02-09,2026-02-11,2,1328.19,123.02,1451.21
12492,RSV00014656,2025-04-05,2025-04-10,5,254.32,206.97,461.29
12493,RSV00014657,2026-05-03,2026-05-08,5,260.56,14.06,274.62
12494,RSV00014660,2025-11-14,2025-11-17,3,706.58,110.86,817.44
12495,RSV00014661,2025-12-25,2025-12-29,4,1415.84,150.53,1566.37
12496,RSV00014662,2025-10-21,2025-10-23,2,1354.48,18.93,1373.41
12497,RSV00014663,2025-11-21,2025-11-25,4,486.05,248.19,734.24
12498,RSV00014664,2024-12-17,2024-12-18,1,493.63,18.02,511.65
12499,RSV00014665,2026-03-04,2026-03-10,6,294.06,200.85,494.91
12500,RSV00014667,2024-09-05,2024-09-06,1,467.46,29.04,496.5
12501,RSV00014669,2025-04-20,2025-04-25,5,465.28,218.57,683.85
12502,RSV00014670,2025-01-02,2025-01-07,5,316.85,143.24,460.09
12503,RSV00014671,2026-03-04,2026-03-05,1,1239.06,9.22,1248.28
12504,RSV00014672,2025-08-27,2025-09-01,5,889.04,234.25,1123.29
12505,RSV00014674,2025-10-21,2025-10-25,4,909.01,187.12,1096.13
12506,RSV00014675,2025-06-18,2025-06-22,4,1112.52,72.4,1184.92
12507,RSV00014676,2025-06-03,2025-06-08,5,565.24,126.38,691.62
12508,RSV00014677,2025-04-05,2025-04-06,1,555.13,35.05,590.18
12509,RSV00014678,2025-08-07,2025-08-08,1,1470.94,96.69,1567.63
12510,RSV00014679,2025-09-17,2025-09-23,6,128.3,54.11,182.41
12511,RSV00014680,2025-05-22,2025-05-23,1,857.97,145.82,1003.79
12512,RSV00014681,2026-03-02,2026-03-06,4,744.75,219.7,964.45
12513,RSV00014683,2026-05-26,2026-05-27,1,588.82,81.72,670.54
12514,RSV00014685,2024-07-13,2024-07-19,6,549.22,22.44,571.66
12515,RSV00014686,2024-11-07,2024-11-10,3,578.5,240.45,818.95
12516,RSV00014687,2025-06-14,2025-06-15,1,1446.2,37.27,1483.47
12517,RSV00014688,2026-02-13,2026-02-14,1,461.4,37.17,498.57
12518,RSV00014689,2026-04-22,2026-04-24,2,1451.65,88.29,1539.94
12519,RSV00014690,2026-05-11,2026-05-15,4,729.24,182.96,912.2
12520,RSV00014691,2026-04-23,2026-04-29,6,1000.8,105.98,1106.78
12521,RSV00014692,2024-08-10,2024-08-11,1,280.39,156.53,436.92
12522,RSV00014693,2025-09-12,2025-09-19,7,775.84,212.46,988.3
12523,RSV00014694,2024-06-19,2024-06-21,2,1283.52,220.95,1504.47
12524,RSV00014695,2025-10-15,2025-10-21,6,1130.46,134.71,1265.17
12525,RSV00014696,2026-03-05,2026-03-07,2,1216.75,201.5,1418.25
12526,RSV00014697,2025-03-05,2025-03-10,5,337.9,173.62,511.52
12527,RSV00014698,2026-02-24,2026-03-03,7,735.47,26.68,762.15
12528,RSV00014700,2025-10-23,2025-10-24,1,315.44,137.94,453.38
12529,RSV00014701,2025-08-03,2025-08-06,3,919.78,198.12,1117.9
12530,RSV00014702,2024-11-21,2024-11-24,3,529.55,138.02,667.57
12531,RSV00014703,2026-06-17,2026-06-24,7,489.24,37.26,526.5
12532,RSV00014704,2024-12-16,2024-12-20,4,1260.98,157.78,1418.76
12533,RSV00014705,2026-01-21,2026-01-28,7,515.97,111.01,626.98
12534,RSV00014706,2024-12-21,2024-12-27,6,333.64,233.29,566.93
12535,RSV00014707,2024-10-24,2024-10-26,2,437.24,113.16,550.4
12536,RSV00014708,2025-11-12,2025-11-16,4,1384.96,181.57,1566.53
12537,RSV00014709,2025-08-08,2025-08-12,4,1216.47,231.98,1448.45
12538,RSV00014710,2025-09-19,2025-09-25,6,1481.72,118.53,1600.25
12539,RSV00014711,2024-08-13,2024-08-18,5,433.34,176.46,609.8
12540,RSV00014712,2025-09-17,2025-09-20,3,1312.44,203.72,1516.16
12541,RSV00014713,2024-07-23,2024-07-26,3,811.71,9.93,821.64
12542,RSV00014714,2025-07-30,2025-08-05,6,1047.06,199.13,1246.19
12543,RSV00014715,2025-10-15,2025-10-17,2,1369.95,26.7,1396.65
12544,RSV00014716,2025-10-15,2025-10-21,6,524.09,136.38,660.47
12545,RSV00014718,2024-07-27,2024-08-02,6,836.65,182.85,1019.5
12546,RSV00014719,2025-05-05,2025-05-06,1,152.69,205.87,358.56
12547,RSV00014720,2026-05-16,2026-05-21,5,1233.47,167.89,1401.36
12548,RSV00014721,2025-08-17,2025-08-19,2,1120.62,13.63,1134.25
12549,RSV00014722,2025-07-19,2025-07-24,5,707.15,193.51,900.66
12550,RSV00014725,2026-04-11,2026-04-18,7,199.47,10.02,209.49
12551,RSV00014726,2025-02-10,2025-02-17,7,752.21,246.48,998.69
12552,RSV00014727,2024-12-30,2025-01-04,5,751.46,127.8,879.26
12553,RSV00014728,2024-08-18,2024-08-20,2,304.56,65.34,369.9
12554,RSV00014729,2026-04-03,2026-04-07,4,369.58,81.33,450.91
12555,RSV00014731,2025-12-27,2026-01-02,6,1392.29,84.11,1476.4
12556,RSV00014732,2024-12-23,2024-12-28,5,422.26,213.16,635.42
12557,RSV00014736,2025-05-09,2025-05-16,7,217.31,246.37,463.68
12558,RSV00014737,2025-12-20,2025-12-21,1,1018.05,170.16,1188.21
12559,RSV00014738,2026-05-19,2026-05-26,7,412.22,140.38,552.6
12560,RSV00014740,2025-04-28,2025-04-29,1,601.91,78.17,680.08
12561,RSV00014741,2025-12-21,2025-12-22,1,1266.24,100.9,1367.14
12562,RSV00014742,2024-10-30,2024-10-31,1,414.41,161.13,575.54
12563,RSV00014743,2024-07-12,2024-07-15,3,723.25,184.77,908.02
12564,RSV00014744,2025-04-27,2025-04-29,2,708.92,163.58,872.5
12565,RSV00014745,2025-04-17,2025-04-23,6,1383.4,196.29,1579.69
12566,RSV00014746,2024-10-12,2024-10-13,1,1350.82,131.7,1482.52
12567,RSV00014747,2024-08-18,2024-08-21,3,295.21,175.83,471.04
12568,RSV00014748,2025-07-07,2025-07-14,7,853.39,138.71,992.1
12569,RSV00014749,2024-07-11,2024-07-13,2,1241.62,141.1,1382.72
12570,RSV00014750,2026-04-05,2026-04-11,6,511.37,87.43,598.8
12571,RSV00014751,2024-07-16,2024-07-21,5,754.4,13.85,768.25
12572,RSV00014752,2026-03-05,2026-03-09,4,725.65,241.64,967.29
12573,RSV00014753,2026-03-08,2026-03-09,1,362.95,37.43,400.38
12574,RSV00014754,2025-08-29,2025-09-03,5,457.49,33.38,490.87
12575,RSV00014755,2025-07-16,2025-07-22,6,190.37,202.66,393.03
12576,RSV00014756,2026-03-10,2026-03-11,1,859.75,78.72,938.47
12577,RSV00014757,2025-07-12,2025-07-16,4,950.31,40.64,990.95
12578,RSV00014759,2025-12-10,2025-12-11,1,1051.9,240.41,1292.31
12579,RSV00014761,2025-02-05,2025-02-09,4,252.86,206.51,459.37
12580,RSV00014762,2024-12-16,2024-12-22,6,1030.43,106.32,1136.75
12581,RSV00014763,2024-12-21,2024-12-26,5,1190.69,154.2,1344.89
12582,RSV00014765,2024-12-26,2024-12-30,4,637.61,199.2,836.81
12583,RSV00014767,2025-09-09,2025-09-16,7,899.38,212.56,1111.94
12584,RSV00014769,2026-01-30,2026-02-02,3,533.83,48.24,582.07
12585,RSV00014770,2025-10-12,2025-10-14,2,1063.57,124.85,1188.42
12586,RSV00014771,2024-08-21,2024-08-28,7,1094.64,125.94,1220.58
12587,RSV00014772,2026-04-17,2026-04-18,1,1295.0,188.14,1483.14
12588,RSV00014773,2025-07-04,2025-07-06,2,1019.87,80.17,1100.04
12589,RSV00014774,2024-07-31,2024-08-03,3,1063.57,150.14,1213.71
12590,RSV00014775,2024-11-23,2024-11-30,7,285.25,216.34,501.59
12591,RSV00014776,2025-02-02,2025-02-05,3,738.14,107.08,845.22
12592,RSV00014777,2026-01-10,2026-01-11,1,915.93,30.34,946.27
12593,RSV00014778,2026-02-05,2026-02-08,3,993.77,177.09,1170.86
12594,RSV00014779,2024-07-05,2024-07-06,1,831.93,118.14,950.07
12595,RSV00014780,2024-11-04,2024-11-11,7,792.2,148.53,940.73
12596,RSV00014781,2024-11-30,2024-12-03,3,865.78,195.11,1060.89
12597,RSV00014783,2024-09-25,2024-10-01,6,888.28,66.7,954.98
12598,RSV00014784,2026-01-26,2026-01-31,5,1100.79,112.61,1213.4
12599,RSV00014786,2024-10-25,2024-10-28,3,858.66,87.95,946.61
12600,RSV00014787,2026-03-26,2026-03-29,3,94.26,47.38,141.64
12601,RSV00014788,2025-12-06,2025-12-09,3,500.28,103.79,604.07
12602,RSV00014789,2025-07-12,2025-07-15,3,849.49,248.6,1098.09
12603,RSV00014790,2026-05-23,2026-05-27,4,551.04,2.41,553.45
12604,RSV00014791,2025-10-22,2025-10-24,2,561.47,34.31,595.78
12605,RSV00014793,2025-08-30,2025-09-06,7,908.99,163.77,1072.76
12606,RSV00014794,2026-02-08,2026-02-10,2,1299.79,68.92,1368.71
12607,RSV00014795,2026-06-07,2026-06-14,7,447.86,5.94,453.8
12608,RSV00014796,2025-03-30,2025-04-01,2,657.58,208.14,865.72
12609,RSV00014798,2026-02-25,2026-02-28,3,498.21,106.86,605.07
12610,RSV00014799,2025-11-26,2025-11-28,2,881.35,234.99,1116.34
12611,RSV00014800,2025-09-15,2025-09-20,5,416.92,242.04,658.96
12612,RSV00014801,2024-11-26,2024-12-03,7,742.71,184.73,927.44
12613,RSV00014802,2025-09-10,2025-09-14,4,1249.85,140.71,1390.56
12614,RSV00014804,2026-04-07,2026-04-09,2,1215.96,87.78,1303.74
12615,RSV00014806,2025-01-14,2025-01-21,7,200.55,60.12,260.67
12616,RSV00014808,2025-03-23,2025-03-27,4,285.8,137.34,423.14
12617,RSV00014809,2025-09-05,2025-09-11,6,195.4,62.64,258.04
12618,RSV00014810,2024-07-11,2024-07-17,6,285.93,169.56,455.49
12619,RSV00014811,2026-06-01,2026-06-08,7,724.77,214.21,938.98
12620,RSV00014812,2025-10-21,2025-10-25,4,1067.32,227.0,1294.32
12621,RSV00014816,2024-08-27,2024-09-02,6,920.25,216.04,1136.29
12622,RSV00014817,2025-09-02,2025-09-05,3,1229.07,2.48,1231.55
12623,RSV00014818,2026-03-26,2026-03-31,5,1061.64,5.71,1067.35
12624,RSV00014820,2025-03-24,2025-03-28,4,986.0,202.99,1188.99
12625,RSV00014821,2024-12-22,2024-12-23,1,1037.57,14.42,1051.99
12626,RSV00014822,2025-05-05,2025-05-12,7,705.78,101.88,807.66
12627,RSV00014823,2025-06-02,2025-06-06,4,420.76,52.54,473.3
12628,RSV00014824,2025-06-26,2025-06-29,3,1428.47,197.94,1626.41
12629,RSV00014825,2025-08-09,2025-08-10,1,1046.28,85.79,1132.07
12630,RSV00014826,2024-10-22,2024-10-25,3,846.92,220.22,1067.14
12631,RSV00014827,2025-12-29,2026-01-03,5,713.4,16.24,729.64
12632,RSV00014828,2026-06-25,2026-06-26,1,832.13,115.73,947.86
12633,RSV00014829,2025-06-13,2025-06-16,3,332.14,180.91,513.05
12634,RSV00014830,2026-03-26,2026-03-30,4,1028.56,188.09,1216.65
12635,RSV00014831,2025-11-20,2025-11-26,6,438.87,110.14,549.01
12636,RSV00014832,2025-05-17,2025-05-18,1,1067.41,155.21,1222.62
12637,RSV00014834,2024-10-19,2024-10-23,4,698.04,180.91,878.95
12638,RSV00014835,2026-06-21,2026-06-25,4,1218.98,132.49,1351.47
12639,RSV00014836,2025-09-04,2025-09-05,1,1194.38,75.27,1269.65
12640,RSV00014837,2024-06-30,2024-07-01,1,432.26,215.63,647.89
12641,RSV00014838,2024-11-13,2024-11-15,2,270.22,78.26,348.48
12642,RSV00014839,2025-05-31,2025-06-06,6,181.23,179.83,361.06
12643,RSV00014840,2024-09-17,2024-09-23,6,1299.54,87.68,1387.22
12644,RSV00014842,2025-03-04,2025-03-08,4,542.84,212.77,755.61
12645,RSV00014843,2024-07-14,2024-07-21,7,376.36,121.13,497.49
12646,RSV00014844,2025-11-03,2025-11-10,7,549.07,225.09,774.16
12647,RSV00014846,2025-05-24,2025-05-25,1,246.11,213.3,459.41
12648,RSV00014849,2025-10-06,2025-10-10,4,181.33,46.64,227.97
12649,RSV00014850,2025-01-07,2025-01-08,1,1407.44,246.02,1653.46
12650,RSV00014851,2026-03-29,2026-04-01,3,1009.61,107.68,1117.29
12651,RSV00014852,2026-01-27,2026-02-01,5,1060.27,228.58,1288.85
12652,RSV00014853,2025-07-29,2025-08-03,5,797.09,4.33,801.42
12653,RSV00014854,2026-06-25,2026-06-27,2,1479.83,45.23,1525.06
12654,RSV00014855,2026-02-09,2026-02-15,6,120.61,233.39,354.0
12655,RSV00014858,2024-10-01,2024-10-06,5,506.79,26.9,533.69
12656,RSV00014859,2024-08-11,2024-08-17,6,122.9,144.29,267.19
12657,RSV00014860,2024-08-17,2024-08-21,4,992.94,58.2,1051.14
12658,RSV00014861,2026-04-07,2026-04-12,5,1399.78,29.88,1429.66
12659,RSV00014862,2026-01-19,2026-01-23,4,1316.86,84.86,1401.72
12660,RSV00014863,2024-09-07,2024-09-13,6,1132.84,189.68,1322.52
12661,RSV00014864,2024-10-29,2024-11-02,4,153.12,35.46,188.58
12662,RSV00014866,2025-08-08,2025-08-12,4,866.12,58.54,924.66
12663,RSV00014868,2025-09-22,2025-09-28,6,499.63,93.02,592.65
12664,RSV00014869,2026-05-13,2026-05-16,3,652.88,247.83,900.71
12665,RSV00014870,2025-05-09,2025-05-14,5,169.42,68.19,237.61
12666,RSV00014871,2024-09-04,2024-09-09,5,1187.09,27.1,1214.19
12667,RSV00014872,2024-12-07,2024-12-09,2,358.62,206.68,565.3
12668,RSV00014873,2025-04-06,2025-04-13,7,503.91,12.3,516.21
12669,RSV00014874,2026-03-29,2026-04-01,3,1475.94,166.21,1642.15
12670,RSV00014875,2024-08-12,2024-08-14,2,546.98,131.48,678.46
12671,RSV00014876,2024-08-15,2024-08-19,4,223.6,209.03,432.63
12672,RSV00014877,2025-11-11,2025-11-15,4,963.6,220.06,1183.66
12673,RSV00014878,2024-08-16,2024-08-21,5,518.68,61.3,579.98
12674,RSV00014879,2024-11-08,2024-11-09,1,1047.69,165.14,1212.83
12675,RSV00014880,2025-08-16,2025-08-21,5,1245.29,46.85,1292.14
12676,RSV00014881,2025-04-23,2025-04-24,1,814.2,149.31,963.51
12677,RSV00014882,2024-07-01,2024-07-05,4,1235.19,53.46,1288.65
12678,RSV00014884,2024-08-04,2024-08-06,2,1473.84,162.02,1635.86
12679,RSV00014885,2026-03-01,2026-03-04,3,138.91,228.6,367.51
12680,RSV00014886,2025-09-30,2025-10-01,1,240.93,26.69,267.62
12681,RSV00014887,2025-04-28,2025-05-01,3,236.68,81.32,318.0
12682,RSV00014888,2025-03-27,2025-04-02,6,1239.09,33.69,1272.78
12683,RSV00014889,2025-09-01,2025-09-03,2,504.68,19.72,524.4
12684,RSV00014890,2025-02-26,2025-03-02,4,401.38,56.79,458.17
12685,RSV00014891,2026-04-26,2026-05-03,7,875.59,61.01,936.6
12686,RSV00014892,2024-12-07,2024-12-14,7,776.1,120.09,896.19
12687,RSV00014893,2024-09-16,2024-09-17,1,563.45,148.22,711.67
12688,RSV00014894,2025-11-25,2025-11-26,1,534.22,187.74,721.96
12689,RSV00014895,2025-06-30,2025-07-01,1,1154.93,205.81,1360.74
12690,RSV00014896,2024-07-27,2024-07-28,1,744.88,218.13,963.01
12691,RSV00014897,2025-01-08,2025-01-10,2,1161.82,102.71,1264.53
12692,RSV00014898,2026-05-20,2026-05-26,6,462.4,228.08,690.48
12693,RSV00014900,2024-08-15,2024-08-21,6,706.1,153.6,859.7
12694,RSV00014901,2024-10-02,2024-10-05,3,449.47,96.33,545.8
12695,RSV00014902,2025-05-10,2025-05-17,7,355.14,104.91,460.05
12696,RSV00014903,2025-08-29,2025-09-03,5,487.08,153.46,640.54
12697,RSV00014904,2024-10-02,2024-10-03,1,193.46,237.79,431.25
12698,RSV00014905,2025-06-23,2025-06-29,6,111.63,220.2,331.83
12699,RSV00014906,2026-02-15,2026-02-19,4,315.35,23.76,339.11
12700,RSV00014907,2024-08-08,2024-08-12,4,788.67,20.4,809.07
12701,RSV00014908,2024-10-30,2024-11-05,6,182.54,167.45,349.99
12702,RSV00014909,2026-01-28,2026-02-01,4,1106.6,34.33,1140.93
12703,RSV00014910,2025-03-15,2025-03-20,5,665.47,174.76,840.23
12704,RSV00014911,2025-08-28,2025-08-30,2,510.97,236.25,747.22
12705,RSV00014912,2025-04-14,2025-04-20,6,998.61,136.78,1135.39
12706,RSV00014914,2025-12-07,2025-12-08,1,812.76,237.95,1050.71
12707,RSV00014915,2025-07-16,2025-07-17,1,1082.23,162.68,1244.91
12708,RSV00014917,2025-09-23,2025-09-25,2,811.27,193.68,1004.95
12709,RSV00014918,2025-01-04,2025-01-06,2,241.99,211.8,453.79
12710,RSV00014919,2026-02-13,2026-02-19,6,269.5,133.98,403.48
12711,RSV00014920,2025-09-29,2025-10-02,3,952.09,55.43,1007.52
12712,RSV00014921,2025-01-16,2025-01-18,2,1492.99,181.18,1674.17
12713,RSV00014922,2025-06-05,2025-06-11,6,439.1,86.83,525.93
12714,RSV00014923,2025-12-03,2025-12-10,7,1107.23,216.83,1324.06
12715,RSV00014924,2025-08-26,2025-08-27,1,410.16,185.56,595.72
12716,RSV00014925,2024-12-01,2024-12-06,5,628.78,56.14,684.92
12717,RSV00014926,2024-08-19,2024-08-26,7,1368.71,227.28,1595.99
12718,RSV00014928,2024-08-18,2024-08-20,2,1323.45,179.14,1502.59
12719,RSV00014930,2026-01-18,2026-01-25,7,755.7,112.0,867.7
12720,RSV00014931,2026-05-03,2026-05-06,3,798.3,95.09,893.39
12721,RSV00014932,2025-02-03,2025-02-06,3,86.77,80.54,167.31
12722,RSV00014933,2024-08-30,2024-09-03,4,1020.95,21.41,1042.36
12723,RSV00014934,2026-06-30,2026-07-05,5,254.33,194.64,448.97
12724,RSV00014936,2025-07-11,2025-07-17,6,1383.84,164.9,1548.74
12725,RSV00014937,2024-10-08,2024-10-12,4,1030.07,79.85,1109.92
12726,RSV00014938,2024-09-27,2024-09-28,1,223.37,158.08,381.45
12727,RSV00014939,2025-03-04,2025-03-08,4,396.92,4.17,401.09
12728,RSV00014940,2025-09-22,2025-09-26,4,338.57,115.29,453.86
12729,RSV00014941,2025-10-22,2025-10-27,5,253.82,74.47,328.29
12730,RSV00014942,2025-12-04,2025-12-08,4,391.2,42.26,433.46
12731,RSV00014943,2025-02-01,2025-02-04,3,367.28,28.04,395.32
12732,RSV00014944,2024-09-03,2024-09-04,1,566.78,97.63,664.41
12733,RSV00014945,2025-01-12,2025-01-17,5,748.38,93.27,841.65
12734,RSV00014946,2025-03-06,2025-03-12,6,211.95,152.27,364.22
12735,RSV00014947,2025-12-17,2025-12-22,5,1068.4,201.09,1269.49
12736,RSV00014948,2024-07-23,2024-07-25,2,474.36,172.26,646.62
12737,RSV00014949,2025-04-06,2025-04-09,3,668.08,113.42,781.5
12738,RSV00014951,2024-09-11,2024-09-14,3,150.81,247.94,398.75
12739,RSV00014952,2026-05-26,2026-05-27,1,420.69,200.01,620.7
12740,RSV00014953,2024-07-26,2024-07-31,5,648.77,226.69,875.46
12741,RSV00014954,2025-07-03,2025-07-05,2,945.85,68.66,1014.51
12742,RSV00014955,2025-04-22,2025-04-24,2,715.8,142.61,858.41
12743,RSV00014956,2026-05-03,2026-05-07,4,255.5,113.81,369.31
12744,RSV00014957,2026-04-06,2026-04-07,1,332.11,32.64,364.75
12745,RSV00014958,2025-01-27,2025-02-01,5,182.71,205.64,388.35
12746,RSV00014959,2025-03-05,2025-03-11,6,124.8,118.88,243.68
12747,RSV00014960,2025-11-03,2025-11-04,1,488.12,120.05,608.17
12748,RSV00014961,2025-08-28,2025-09-01,4,230.72,169.6,400.32
12749,RSV00014962,2025-12-01,2025-12-03,2,1222.65,231.68,1454.33
12750,RSV00014963,2026-01-01,2026-01-02,1,483.98,195.7,679.68
12751,RSV00014964,2024-08-22,2024-08-29,7,404.03,90.29,494.32
12752,RSV00014965,2026-03-24,2026-03-27,3,1267.66,68.81,1336.47
12753,RSV00014966,2025-04-17,2025-04-18,1,630.47,26.11,656.58
12754,RSV00014967,2024-08-09,2024-08-10,1,217.74,9.32,227.06
12755,RSV00014968,2026-01-24,2026-01-31,7,313.01,100.28,413.29
12756,RSV00014969,2025-03-23,2025-03-29,6,558.98,143.37,702.35
12757,RSV00014970,2025-09-14,2025-09-20,6,756.01,176.18,932.19
12758,RSV00014971,2025-11-14,2025-11-19,5,1047.43,230.05,1277.48
12759,RSV00014972,2026-05-11,2026-05-13,2,360.15,26.44,386.59
12760,RSV00014973,2025-05-07,2025-05-09,2,549.37,148.79,698.16
12761,RSV00014974,2026-01-02,2026-01-05,3,1067.82,91.89,1159.71
12762,RSV00014975,2026-05-23,2026-05-29,6,97.56,41.16,138.72
12763,RSV00014976,2024-12-27,2024-12-28,1,1163.66,5.38,1169.04
12764,RSV00014977,2024-12-02,2024-12-05,3,460.84,36.33,497.17
12765,RSV00014979,2026-07-08,2026-07-14,6,272.79,68.2,340.99
12766,RSV00014980,2025-12-20,2025-12-27,7,1280.54,5.33,1285.87
12767,RSV00014981,2024-11-25,2024-11-27,2,686.3,115.3,801.6
12768,RSV00014983,2025-07-16,2025-07-19,3,467.69,245.76,713.45
12769,RSV00014984,2024-12-18,2024-12-19,1,372.93,159.82,532.75
12770,RSV00014985,2026-05-29,2026-06-02,4,473.25,197.38,670.63
12771,RSV00014986,2024-10-08,2024-10-13,5,1289.42,25.17,1314.59
12772,RSV00014987,2025-08-25,2025-08-27,2,559.42,178.83,738.25
12773,RSV00014988,2025-12-28,2026-01-04,7,348.66,79.42,428.08
12774,RSV00014989,2024-10-18,2024-10-25,7,671.43,187.81,859.24
12775,RSV00014990,2024-06-14,2024-06-15,1,101.89,109.6,211.49
12776,RSV00014991,2025-10-22,2025-10-29,7,1476.38,97.99,1574.37
12777,RSV00014992,2025-06-07,2025-06-08,1,1237.38,33.54,1270.92
12778,RSV00014993,2025-10-26,2025-10-27,1,1287.35,214.69,1502.04
12779,RSV00014994,2024-12-01,2024-12-06,5,210.58,211.39,421.97
12780,RSV00014995,2024-10-07,2024-10-14,7,1056.56,2.89,1059.45
12781,RSV00014996,2025-06-11,2025-06-16,5,973.25,133.65,1106.9
12782,RSV00014997,2025-08-18,2025-08-25,7,473.33,30.89,504.22
12783,RSV00014998,2025-08-11,2025-08-17,6,587.23,174.05,761.28
